YYYYMMDD,HH,MWD,MWS,MWS10,WG,T,TD,SD,GR,P
20160101,1,200,40,40,70,74,44,0,0,10212
20160101,2,200,40,30,70,65,44,0,0,10219
20160101,3,210,30,30,50,55,42,0,0,10225
20160101,4,210,30,30,40,55,46,0,0,10228
20160101,5,110,10,10,40,21,15,0,0,10233
20160101,6,170,10,10,30,27,24,0,0,10241
20160101,7,130,10,10,20,8,7,0,0,10244
20160101,8,140,10,20,20,0,-1,0,0,10247
20160101,9,130,10,10,20,4,4,0,11,10248
20160101,10,160,10,20,30,20,20,0,19,10253
20160101,11,140,10,10,20,35,34,0,39,10252
20160101,12,140,10,10,20,36,35,0,44,10246
20160101,13,100,20,20,30,44,44,0,32,10241
20160101,14,100,30,30,40,46,46,0,21,10234
20160101,15,100,30,30,50,48,45,0,9,10230
20160101,16,120,40,40,60,44,41,0,1,10223
20160101,17,110,40,30,50,45,42,0,0,10217
20160101,18,110,40,40,60,48,45,0,0,10205
20160101,19,100,60,60,90,54,51,0,0,10191
20160101,20,110,40,40,70,54,46,0,0,10190
20160101,21,110,50,40,70,52,43,0,0,10184
20160101,22,110,50,50,80,50,40,0,0,10173
20160101,23,100,60,60,90,52,39,0,0,10160
20160101,24,110,50,50,80,51,37,0,0,10152
20160102,1,110,60,60,100,53,34,0,0,10138
20160102,2,110,60,60,100,53,31,0,0,10128
20160102,3,120,60,60,100,52,29,0,0,10119
20160102,4,120,60,60,100,52,27,0,0,10112
20160102,5,120,60,60,100,50,26,0,0,10106
20160102,6,120,60,60,110,50,25,0,0,10100
20160102,7,120,60,60,110,47,31,0,0,10097
20160102,8,130,60,60,90,47,34,0,0,10097
20160102,9,120,60,60,90,46,38,0,3,10094
20160102,10,130,60,60,90,49,41,0,9,10092
20160102,11,130,50,50,80,49,44,0,6,10089
20160102,12,120,50,60,90,51,46,0,12,10083
20160102,13,130,60,60,80,55,48,0,18,10082
20160102,14,130,60,60,80,58,49,0,24,10081
20160102,15,130,50,50,80,59,50,3,12,10083
20160102,16,120,50,50,90,58,50,0,2,10081
20160102,17,120,50,50,70,60,50,0,0,10080
20160102,18,120,50,50,80,60,49,0,0,10078
20160102,19,110,50,50,80,59,47,0,0,10076
20160102,20,110,60,60,100,58,47,0,0,10074
20160102,21,120,50,60,90,58,47,0,0,10070
20160102,22,120,60,60,80,59,51,0,0,10067
20160102,23,130,60,60,100,61,53,0,0,10061
20160102,24,120,60,70,100,62,56,0,0,10058
20160103,1,130,70,60,110,64,61,0,0,10054
20160103,2,130,60,50,90,67,64,0,0,10052
20160103,3,130,50,60,90,69,66,0,0,10049
20160103,4,140,50,50,80,73,70,0,0,10044
20160103,5,160,40,40,80,76,73,0,0,10041
20160103,6,180,40,40,70,80,74,0,0,10039
20160103,7,180,50,50,100,78,75,0,0,10037
20160103,8,190,50,50,90,76,71,0,0,10037
20160103,9,190,50,60,90,75,61,0,5,10036
20160103,10,190,50,50,90,74,56,0,11,10034
20160103,11,180,50,60,90,74,54,0,19,10027
20160103,12,180,50,50,80,77,55,0,33,10017
20160103,13,160,40,40,70,79,51,3,48,10006
20160103,14,150,40,50,80,78,49,10,41,9994
20160103,15,140,50,50,90,74,46,7,17,9985
20160103,16,130,50,60,90,70,40,0,2,9975
20160103,17,130,60,70,110,70,34,0,0,9961
20160103,18,130,70,70,110,69,29,0,0,9947
20160103,19,130,70,70,120,60,35,0,0,9932
20160103,20,130,70,70,110,55,42,0,0,9921
20160103,21,140,70,70,120,56,43,0,0,9913
20160103,22,140,70,70,120,55,42,0,0,9902
20160103,23,140,70,70,110,53,42,0,0,9893
20160103,24,140,70,60,120,52,41,0,0,9886
20160104,1,140,60,70,100,51,41,0,0,9881
20160104,2,150,60,50,100,47,39,0,0,9879
20160104,3,140,50,50,80,43,33,0,0,9876
20160104,4,140,50,50,80,41,34,0,0,9872
20160104,5,130,50,50,90,39,34,0,0,9872
20160104,6,130,40,40,70,40,37,0,0,9871
20160104,7,140,40,30,50,43,40,0,0,9875
20160104,8,120,20,30,40,45,42,0,0,9876
20160104,9,150,30,20,50,48,45,0,3,9882
20160104,10,140,20,20,40,53,50,0,9,9884
20160104,11,140,20,20,40,59,56,0,19,9883
20160104,12,150,20,20,30,65,60,0,18,9882
20160104,13,150,20,20,30,68,62,0,12,9881
20160104,14,110,20,20,30,70,65,0,7,9882
20160104,15,90,30,30,40,64,61,0,3,9884
20160104,16,150,30,20,40,61,58,0,0,9887
20160104,17,130,30,30,40,63,60,0,0,9888
20160104,18,140,30,20,40,64,61,0,0,9888
20160104,19,140,30,30,50,67,64,0,0,9890
20160104,20,140,30,30,50,68,65,0,0,9889
20160104,21,140,30,30,50,66,63,0,0,9890
20160104,22,140,30,30,50,68,63,0,0,9891
20160104,23,160,30,30,50,69,61,0,0,9890
20160104,24,150,30,30,40,69,62,0,0,9890
20160105,1,160,30,30,40,67,59,0,0,9889
20160105,2,140,20,20,40,67,58,0,0,9891
20160105,3,150,30,30,40,67,58,0,0,9890
20160105,4,160,30,30,50,65,55,0,0,9890
20160105,5,150,30,30,40,65,56,0,0,9890
20160105,6,170,30,30,60,68,54,0,0,9896
20160105,7,180,50,60,90,65,47,0,0,9899
20160105,8,180,50,40,80,67,46,0,0,9901
20160105,9,180,50,40,90,69,46,0,4,9907
20160105,10,150,30,30,70,70,49,0,11,9913
20160105,11,150,30,40,60,72,42,0,15,9912
20160105,12,150,30,30,60,76,45,0,20,9911
20160105,13,140,30,30,60,76,48,0,21,9914
20160105,14,140,30,30,60,77,51,0,11,9916
20160105,15,130,30,30,50,76,52,0,7,9919
20160105,16,120,30,30,50,73,54,0,1,9923
20160105,17,130,30,40,60,73,53,0,0,9928
20160105,18,130,30,40,60,73,50,0,0,9931
20160105,19,140,40,40,60,73,50,0,0,9934
20160105,20,130,30,30,50,68,55,0,0,9936
20160105,21,130,30,30,50,68,58,0,0,9941
20160105,22,110,30,30,50,66,58,0,0,9944
20160105,23,70,30,40,60,55,46,0,0,9946
20160105,24,80,30,40,60,47,41,0,0,9950
20160106,1,90,30,30,50,43,37,0,0,9952
20160106,2,90,30,30,50,39,34,0,0,9957
20160106,3,80,30,30,50,35,29,0,0,9959
20160106,4,90,30,30,50,35,29,0,0,9959
20160106,5,100,30,30,50,33,27,0,0,9963
20160106,6,80,30,30,50,26,20,0,0,9968
20160106,7,70,30,40,60,21,14,0,0,9969
20160106,8,90,40,30,50,20,15,0,0,9977
20160106,9,70,30,30,50,17,10,0,3,9984
20160106,10,100,30,20,40,23,16,0,18,9988
20160106,11,90,30,30,40,26,17,0,28,9987
20160106,12,80,30,40,50,26,16,0,25,9987
20160106,13,90,30,30,50,25,17,0,19,9989
20160106,14,70,30,30,40,28,19,0,17,9990
20160106,15,80,30,30,50,24,15,0,8,9993
20160106,16,80,30,40,50,19,13,0,1,9996
20160106,17,90,40,30,50,17,14,0,0,9997
20160106,18,90,30,30,50,17,11,0,0,9998
20160106,19,90,30,30,40,20,13,0,0,9998
20160106,20,110,30,30,50,21,13,0,0,9994
20160106,21,100,30,30,50,21,17,0,0,9989
20160106,22,110,30,40,50,24,18,0,0,9988
20160106,23,110,30,30,40,27,25,0,0,9987
20160106,24,130,30,30,50,35,34,0,0,9986
20160107,1,130,30,40,50,39,36,0,0,9982
20160107,2,130,30,30,60,43,40,0,0,9976
20160107,3,120,40,50,60,46,40,0,0,9964
20160107,4,130,40,40,60,48,39,0,0,9962
20160107,5,130,40,50,70,51,39,0,0,9954
20160107,6,120,50,50,90,55,38,0,0,9937
20160107,7,130,50,50,90,56,38,0,0,9931
20160107,8,130,60,60,90,57,37,0,0,9920
20160107,9,130,60,50,90,60,36,0,4,9915
20160107,10,130,60,60,100,64,36,0,8,9909
20160107,11,130,70,70,110,65,36,0,11,9895
20160107,12,140,70,70,120,64,40,0,9,9881
20160107,13,140,70,80,120,61,47,0,7,9868
20160107,14,150,70,70,120,62,46,0,6,9863
20160107,15,150,70,70,140,56,43,0,5,9855
20160107,16,150,50,50,130,55,46,0,0,9856
20160107,17,180,50,50,80,65,56,0,0,9856
20160107,18,270,60,80,160,76,50,0,0,9873
20160107,19,260,70,60,160,70,39,0,0,9892
20160107,20,260,80,80,160,77,23,0,0,9908
20160107,21,250,70,60,150,74,11,0,0,9921
20160107,22,250,70,70,140,73,11,0,0,9929
20160107,23,250,70,70,140,72,6,0,0,9940
20160107,24,260,70,70,140,70,7,0,0,9952
20160108,1,250,70,70,140,69,7,0,0,9961
20160108,2,250,60,60,130,66,8,0,0,9970
20160108,3,240,60,50,130,60,10,0,0,9980
20160108,4,240,50,50,100,60,4,0,0,9986
20160108,5,250,50,60,110,64,1,0,0,9992
20160108,6,240,50,50,100,56,3,0,0,9999
20160108,7,250,40,40,100,59,7,0,0,10004
20160108,8,250,40,40,80,60,12,0,0,10011
20160108,9,220,50,50,100,49,19,2,13,10022
20160108,10,220,50,50,90,58,21,10,42,10024
20160108,11,210,50,50,90,69,27,10,69,10026
20160108,12,230,50,40,80,78,30,10,82,10021
20160108,13,210,50,40,80,82,37,10,79,10018
20160108,14,220,50,50,80,81,33,10,58,10017
20160108,15,200,40,40,60,77,31,7,22,10020
20160108,16,200,30,30,70,63,24,0,4,10021
20160108,17,190,20,30,50,54,20,0,0,10021
20160108,18,190,40,40,70,55,17,0,0,10018
20160108,19,170,30,30,60,39,12,0,0,10019
20160108,20,170,30,30,50,31,7,0,0,10022
20160108,21,160,30,30,40,23,2,0,0,10019
20160108,22,160,30,30,50,21,2,0,0,10017
20160108,23,160,30,30,40,15,-1,0,0,10017
20160108,24,160,30,20,40,14,-1,0,0,10014
20160109,1,170,30,30,40,13,0,0,0,10013
20160109,2,160,30,20,40,12,1,0,0,10014
20160109,3,160,30,30,40,21,12,0,0,10010
20160109,4,160,20,30,40,21,14,0,0,10005
20160109,5,180,30,40,80,35,28,0,0,10004
20160109,6,190,40,40,90,48,41,0,0,10003
20160109,7,180,50,50,90,50,39,0,0,10002
20160109,8,150,40,40,80,48,38,0,0,9999
20160109,9,160,40,40,70,53,42,0,6,9997
20160109,10,170,40,50,90,66,45,3,34,9995
20160109,11,170,50,50,100,66,44,0,34,9993
20160109,12,170,50,50,80,66,47,0,27,9985
20160109,13,170,40,40,80,73,47,0,37,9978
20160109,14,170,40,30,60,73,53,0,14,9975
20160109,15,180,40,50,80,79,50,2,11,9971
20160109,16,170,40,40,70,78,50,0,2,9970
20160109,17,170,40,40,90,76,52,0,0,9967
20160109,18,170,50,50,90,74,55,0,0,9959
20160109,19,160,50,50,80,74,54,0,0,9951
20160109,20,160,50,50,80,67,45,0,0,9947
20160109,21,150,50,50,90,61,40,0,0,9937
20160109,22,150,50,50,100,56,37,0,0,9927
20160109,23,150,60,60,100,58,38,0,0,9917
20160109,24,160,60,60,130,65,41,0,0,9908
20160110,1,150,60,60,120,66,42,0,0,9895
20160110,2,160,60,50,80,67,46,0,0,9890
20160110,3,170,50,40,80,74,56,0,0,9885
20160110,4,190,60,60,120,85,48,0,0,9882
20160110,5,190,60,50,130,77,51,0,0,9883
20160110,6,210,50,50,90,75,49,0,0,9887
20160110,7,200,50,50,100,71,42,0,0,9888
20160110,8,190,50,60,90,67,37,0,1,9893
20160110,9,200,60,60,100,65,34,2,13,9901
20160110,10,200,60,60,100,72,34,10,47,9902
20160110,11,200,60,60,100,83,37,10,81,9902
20160110,12,210,70,70,120,86,35,3,61,9898
20160110,13,210,70,60,110,88,35,2,41,9898
20160110,14,210,60,60,110,85,36,0,14,9896
20160110,15,190,40,60,120,70,46,2,13,9897
20160110,16,220,60,70,120,59,41,0,1,9897
20160110,17,180,50,50,120,62,38,0,0,9899
20160110,18,180,40,40,70,60,42,0,0,9899
20160110,19,190,40,40,70,55,40,0,0,9903
20160110,20,180,40,40,60,54,40,0,0,9904
20160110,21,170,40,40,80,52,41,0,0,9901
20160110,22,220,60,60,110,64,37,0,0,9903
20160110,23,210,60,40,110,60,30,0,0,9904
20160110,24,200,50,50,70,53,39,0,0,9907
20160111,1,200,50,50,80,49,36,0,0,9905
20160111,2,180,40,40,70,44,33,0,0,9905
20160111,3,150,30,30,70,32,23,0,0,9898
20160111,4,150,30,30,40,27,20,0,0,9891
20160111,5,140,30,30,50,23,16,0,0,9882
20160111,6,160,30,30,50,22,14,0,0,9878
20160111,7,150,30,30,50,26,17,0,0,9869
20160111,8,150,30,30,50,26,17,0,0,9867
20160111,9,140,40,40,70,34,22,0,5,9863
20160111,10,140,40,50,70,39,23,0,9,9860
20160111,11,150,40,40,70,47,31,0,14,9852
20160111,12,150,40,40,80,50,39,0,9,9844
20160111,13,140,50,40,80,51,42,0,16,9834
20160111,14,150,40,30,60,56,49,0,9,9828
20160111,15,160,30,30,60,61,52,0,9,9827
20160111,16,160,30,30,50,63,54,0,2,9829
20160111,17,160,30,30,50,61,53,0,0,9830
20160111,18,160,30,30,50,62,55,0,0,9829
20160111,19,210,40,50,80,66,51,0,0,9834
20160111,20,220,50,50,90,65,50,0,0,9839
20160111,21,230,50,50,80,65,51,0,0,9846
20160111,22,220,40,40,80,64,49,0,0,9853
20160111,23,240,30,30,60,63,47,0,0,9861
20160111,24,230,30,30,60,62,41,0,0,9868
20160112,1,230,30,40,70,61,42,0,0,9874
20160112,2,220,40,40,70,62,42,0,0,9881
20160112,3,240,40,50,90,64,30,0,0,9887
20160112,4,240,40,40,70,59,31,0,0,9895
20160112,5,230,40,40,60,59,33,0,0,9898
20160112,6,230,40,40,70,54,29,0,0,9907
20160112,7,220,40,50,70,53,39,0,0,9912
20160112,8,220,40,40,70,56,38,0,1,9919
20160112,9,220,50,40,80,58,43,0,9,9924
20160112,10,240,40,30,70,67,52,0,23,9930
20160112,11,230,50,50,120,69,38,0,35,9933
20160112,12,260,60,40,140,59,49,3,45,9937
20160112,13,230,60,70,120,67,41,3,49,9937
20160112,14,220,60,70,100,63,40,3,37,9938
20160112,15,220,70,70,120,65,36,7,23,9942
20160112,16,220,70,60,130,60,31,2,4,9946
20160112,17,240,60,50,110,52,39,0,0,9951
20160112,18,220,60,50,110,50,37,0,0,9951
20160112,19,220,50,40,80,48,36,0,0,9952
20160112,20,240,40,50,90,51,27,0,0,9956
20160112,21,220,40,40,80,47,30,0,0,9959
20160112,22,210,50,50,90,48,32,0,0,9960
20160112,23,240,50,50,100,54,42,0,0,9959
20160112,24,250,50,50,100,58,44,0,0,9961
20160113,1,290,50,40,110,66,49,0,0,9970
20160113,2,320,50,60,130,64,41,0,0,9996
20160113,3,310,40,40,80,65,44,0,0,10016
20160113,4,310,50,40,100,61,37,0,0,10035
20160113,5,300,30,30,80,56,30,0,0,10053
20160113,6,300,30,30,80,52,25,0,0,10067
20160113,7,290,30,30,60,55,25,0,0,10081
20160113,8,290,30,30,70,55,23,0,1,10092
20160113,9,270,20,20,50,58,30,2,13,10101
20160113,10,260,30,30,70,63,33,5,36,10114
20160113,11,270,40,30,90,55,32,0,20,10121
20160113,12,270,30,30,60,53,37,0,18,10126
20160113,13,260,30,20,70,53,36,0,24,10126
20160113,14,240,30,30,50,59,37,0,25,10127
20160113,15,250,40,50,90,59,27,7,18,10131
20160113,16,260,40,40,80,52,14,2,7,10135
20160113,17,230,40,30,80,45,12,0,0,10137
20160113,18,230,30,30,40,39,11,0,0,10137
20160113,19,240,30,50,100,40,12,0,0,10136
20160113,20,220,30,30,60,37,14,0,0,10137
20160113,21,220,30,40,60,35,9,0,0,10135
20160113,22,210,40,40,70,29,5,0,0,10133
20160113,23,210,40,40,70,25,0,0,0,10130
20160113,24,180,40,40,60,24,1,0,0,10121
20160114,1,170,40,40,70,21,3,0,0,10110
20160114,2,170,40,30,60,22,7,0,0,10100
20160114,3,160,40,40,80,26,10,0,0,10087
20160114,4,160,40,40,70,29,13,0,0,10075
20160114,5,160,50,50,90,32,14,0,0,10062
20160114,6,160,50,50,80,32,18,0,0,10048
20160114,7,170,50,60,110,36,19,0,0,10033
20160114,8,180,60,70,100,38,24,0,0,10026
20160114,9,200,60,50,110,38,24,0,2,10023
20160114,10,200,60,50,100,40,24,0,6,10022
20160114,11,210,60,70,100,42,25,0,15,10021
20160114,12,210,50,40,90,44,28,0,25,10015
20160114,13,200,50,50,70,50,28,0,33,10007
20160114,14,200,50,50,90,52,19,0,28,10001
20160114,15,180,50,50,110,44,22,0,9,9996
20160114,16,200,60,50,120,23,13,0,3,9996
20160114,17,210,40,40,80,30,19,0,0,9993
20160114,18,210,40,40,70,31,20,0,0,9986
20160114,19,190,40,40,80,37,25,0,0,9978
20160114,20,220,60,70,110,42,24,0,0,9971
20160114,21,230,70,80,160,38,23,0,0,9963
20160114,22,260,70,70,160,39,17,0,0,9961
20160114,23,280,60,60,120,28,8,0,0,9971
20160114,24,310,60,60,120,24,10,0,0,9988
20160115,1,320,60,50,120,26,14,0,0,9997
20160115,2,320,50,40,120,29,8,0,0,10006
20160115,3,320,50,50,100,31,3,0,0,10015
20160115,4,330,50,40,90,33,2,0,0,10027
20160115,5,340,50,40,80,32,2,0,0,10036
20160115,6,310,20,20,70,21,3,0,0,10046
20160115,7,310,20,20,40,16,3,0,0,10056
20160115,8,310,20,20,40,23,7,0,0,10069
20160115,9,300,20,20,40,30,9,0,6,10076
20160115,10,310,20,20,40,37,12,0,27,10085
20160115,11,330,20,20,50,39,8,0,34,10096
20160115,12,30,30,30,50,33,12,0,26,10105
20160115,13,20,30,30,50,27,6,0,28,10113
20160115,14,10,30,30,50,29,8,0,23,10123
20160115,15,360,30,20,50,31,6,2,13,10135
20160115,16,340,20,20,40,28,8,2,5,10146
20160115,17,340,20,30,50,30,12,0,0,10157
20160115,18,10,20,20,50,24,7,0,0,10168
20160115,19,340,20,10,30,27,10,0,0,10175
20160115,20,320,10,10,30,26,13,0,0,10182
20160115,21,310,10,20,30,15,9,0,0,10188
20160115,22,340,10,10,20,8,2,0,0,10193
20160115,23,270,10,10,20,-10,-12,0,0,10200
20160115,24,220,10,10,10,-10,-12,0,0,10201
20160116,1,210,20,20,30,-1,-3,0,0,10202
20160116,2,220,20,30,40,9,5,0,0,10200
20160116,3,240,20,20,40,16,8,0,0,10197
20160116,4,220,40,50,80,21,11,0,0,10189
20160116,5,230,50,40,70,25,15,0,0,10183
20160116,6,260,40,30,70,35,21,0,0,10181
20160116,7,310,40,50,100,44,19,0,0,10185
20160116,8,330,60,60,140,38,4,0,0,10194
20160116,9,330,70,60,130,40,-5,5,16,10202
20160116,10,340,60,60,130,34,-4,0,26,10211
20160116,11,350,60,50,140,21,5,0,20,10218
20160116,12,340,20,30,60,41,9,3,59,10221
20160116,13,320,40,30,90,50,-4,8,81,10220
20160116,14,340,40,40,90,50,-14,8,60,10224
20160116,15,340,40,40,110,48,-26,3,21,10228
20160116,16,320,40,40,90,39,-29,2,6,10231
20160116,17,310,30,30,90,31,-23,0,0,10234
20160116,18,310,20,10,60,19,-15,0,0,10235
20160116,19,290,40,40,100,19,-4,0,0,10236
20160116,20,270,30,20,80,15,-6,0,0,10232
20160116,21,320,30,40,70,18,-9,0,0,10230
20160116,22,260,20,20,50,17,-8,0,0,10227
20160116,23,280,30,20,80,11,-3,0,0,10230
20160116,24,320,30,30,80,18,-17,0,0,10234
20160117,1,340,30,30,80,13,-23,0,0,10236
20160117,2,340,30,30,70,8,-44,0,0,10241
20160117,3,330,30,30,60,8,-51,0,0,10242
20160117,4,350,30,40,70,7,-36,0,0,10244
20160117,5,10,30,30,60,5,-26,0,0,10250
20160117,6,320,20,20,40,-5,-25,0,0,10253
20160117,7,320,20,20,30,-17,-25,0,0,10257
20160117,8,320,20,20,30,-21,-28,0,1,10263
20160117,9,320,20,20,30,0,-16,10,33,10268
20160117,10,340,20,20,30,18,-13,10,69,10271
20160117,11,340,20,30,40,24,-16,10,82,10275
20160117,12,40,30,40,60,29,-25,7,87,10275
20160117,13,30,40,50,70,18,-32,5,81,10275
20160117,14,40,40,40,60,18,-58,10,78,10274
20160117,15,70,30,20,50,14,-54,8,36,10273
20160117,16,40,20,10,20,-4,-48,0,4,10274
20160117,17,100,10,10,10,-26,-44,0,0,10275
20160117,18,130,10,10,20,-36,-47,0,0,10276
20160117,19,100,20,10,30,-42,-50,0,0,10272
20160117,20,130,10,10,20,-49,-58,0,0,10270
20160117,21,160,10,10,20,-51,-57,0,0,10266
20160117,22,150,20,20,20,-54,-60,0,0,10264
20160117,23,160,20,20,30,-49,-57,0,0,10260
20160117,24,140,20,10,20,-55,-61,0,0,10255
20160118,1,150,20,10,20,-56,-62,0,0,10250
20160118,2,140,10,20,20,-55,-62,0,0,10243
20160118,3,150,20,20,30,-52,-60,0,0,10237
20160118,4,150,20,20,30,-56,-62,0,0,10229
20160118,5,130,10,10,20,-64,-73,0,0,10227
20160118,6,140,20,20,30,-58,-69,0,0,10221
20160118,7,130,20,20,30,-52,-65,0,0,10218
20160118,8,130,20,20,40,-48,-63,0,3,10216
20160118,9,150,20,30,50,-36,-56,10,48,10212
20160118,10,140,30,30,50,-25,-57,10,79,10209
20160118,11,150,30,40,50,-14,-58,10,118,10204
20160118,12,150,30,20,40,-3,-51,10,111,10198
20160118,13,130,30,20,40,-1,-51,10,96,10190
20160118,14,140,30,20,40,-3,-55,10,62,10182
20160118,15,140,30,30,50,-10,-56,7,30,10180
20160118,16,140,30,30,40,-17,-59,2,6,10177
20160118,17,120,20,20,30,-24,-56,0,0,10177
20160118,18,120,20,20,30,-23,-51,0,0,10179
20160118,19,100,20,10,20,-29,-50,0,0,10178
20160118,20,80,20,20,30,-26,-52,0,0,10176
20160118,21,130,20,20,30,-25,-54,0,0,10172
20160118,22,140,20,20,30,-31,-59,0,0,10168
20160118,23,140,10,10,20,-48,-59,0,0,10170
20160118,24,120,10,10,10,-48,-60,0,0,10169
20160119,1,140,20,20,30,-52,-65,0,0,10163
20160119,2,110,20,10,20,-58,-70,0,0,10164
20160119,3,100,10,10,20,-71,-78,0,0,10162
20160119,4,0,10,0,10,-72,-81,0,0,10164
20160119,5,130,10,10,20,-76,-87,0,0,10162
20160119,6,160,10,20,20,-77,-84,0,0,10162
20160119,7,170,10,10,20,-62,-72,0,0,10165
20160119,8,150,20,20,30,-54,-67,0,4,10165
20160119,9,170,20,20,30,-38,-54,7,30,10168
20160119,10,190,20,30,40,-30,-48,0,35,10165
20160119,11,190,30,20,50,-16,-44,2,52,10164
20160119,12,200,30,30,40,-4,-47,8,97,10162
20160119,13,200,30,30,40,-3,-45,0,26,10158
20160119,14,200,30,30,50,0,-37,0,18,10155
20160119,15,210,20,30,50,3,-36,5,21,10158
20160119,16,210,30,30,50,5,-35,0,6,10159
20160119,17,220,30,30,50,2,-38,0,0,10161
20160119,18,220,30,30,50,1,-45,0,0,10161
20160119,19,220,20,30,40,3,-41,0,0,10162
20160119,20,220,20,20,30,3,-36,0,0,10165
20160119,21,220,10,20,20,-5,-34,0,0,10167
20160119,22,230,20,20,40,2,-25,0,0,10167
20160119,23,220,20,20,30,7,-20,0,0,10170
20160119,24,180,20,10,30,2,-18,0,0,10167
20160120,1,230,20,20,30,8,-12,0,0,10167
20160120,2,210,20,10,30,8,-10,0,0,10169
20160120,3,220,20,20,50,12,-6,0,0,10169
20160120,4,220,20,20,30,12,-3,0,0,10168
20160120,5,220,20,30,40,13,0,0,0,10165
20160120,6,240,20,10,40,16,0,0,0,10171
20160120,7,230,30,20,50,15,-2,0,0,10174
20160120,8,220,20,30,40,16,-2,0,1,10177
20160120,9,230,20,20,40,18,-1,0,11,10182
20160120,10,260,10,10,40,30,5,2,30,10185
20160120,11,230,20,10,30,34,8,0,35,10186
20160120,12,240,20,20,40,40,15,1,43,10185
20160120,13,290,20,30,50,47,15,2,51,10185
20160120,14,270,20,20,40,43,18,0,27,10184
20160120,15,0,20,0,30,44,24,3,24,10186
20160120,16,230,10,10,20,36,20,0,3,10188
20160120,17,240,10,20,20,30,19,0,0,10195
20160120,18,280,10,10,10,13,6,0,0,10199
20160120,19,230,10,10,10,-5,-6,0,0,10204
20160120,20,240,10,10,20,-20,-23,0,0,10210
20160120,21,0,10,0,10,-25,-27,0,0,10214
20160120,22,80,10,10,10,-33,-39,0,0,10215
20160120,23,0,0,0,10,-33,-37,0,0,10222
20160120,24,100,0,10,10,-36,-38,0,0,10227
20160121,1,120,10,10,10,-41,-43,0,0,10230
20160121,2,120,10,10,20,-40,-46,0,0,10234
20160121,3,150,10,10,20,-36,-38,0,0,10234
20160121,4,170,20,20,30,-35,-37,0,0,10238
20160121,5,140,20,20,40,-28,-30,0,0,10242
20160121,6,130,30,20,40,-18,-18,0,0,10247
20160121,7,140,30,30,50,-12,-14,0,0,10253
20160121,8,130,40,40,70,-11,-13,0,1,10259
20160121,9,150,50,40,70,-9,-11,0,5,10263
20160121,10,160,30,20,70,-4,-4,0,9,10269
20160121,11,150,30,30,50,-1,-3,0,10,10270
20160121,12,150,30,30,50,2,-1,0,13,10265
20160121,13,160,20,30,40,9,1,0,18,10262
20160121,14,150,30,30,50,13,4,0,22,10262
20160121,15,160,30,30,50,13,3,2,17,10265
20160121,16,170,30,30,60,14,-1,3,8,10268
20160121,17,130,20,10,50,-2,-10,0,0,10270
20160121,18,130,10,10,20,-17,-20,0,0,10270
20160121,19,130,10,20,20,-28,-31,0,0,10273
20160121,20,130,20,30,40,-24,-26,0,0,10274
20160121,21,140,20,20,40,-11,-18,0,0,10276
20160121,22,150,20,30,40,-10,-20,0,0,10277
20160121,23,150,20,30,40,-12,-22,0,0,10276
20160121,24,140,30,30,40,-12,-24,0,0,10277
20160122,1,150,30,30,40,-15,-25,0,0,10275
20160122,2,140,30,30,50,-16,-26,0,0,10269
20160122,3,150,30,30,50,-17,-29,0,0,10270
20160122,4,140,30,30,50,-18,-31,0,0,10266
20160122,5,140,30,30,50,-22,-34,0,0,10268
20160122,6,140,30,40,60,-21,-35,0,0,10262
20160122,7,150,40,40,60,-21,-36,0,0,10259
20160122,8,150,40,40,60,-17,-36,2,4,10254
20160122,9,150,40,50,70,-10,-34,10,26,10252
20160122,10,150,50,60,80,1,-28,10,62,10246
20160122,11,150,50,60,90,8,-25,7,79,10238
20160122,12,150,50,60,90,18,-24,9,69,10228
20160122,13,150,60,60,110,19,-24,0,46,10220
20160122,14,150,60,60,100,21,-23,0,33,10215
20160122,15,150,60,60,100,22,-24,0,23,10206
20160122,16,150,60,70,110,23,-23,5,8,10201
20160122,17,150,60,60,110,18,-12,0,0,10198
20160122,18,160,50,50,80,15,-3,0,0,10198
20160122,19,170,50,40,80,19,10,0,0,10195
20160122,20,180,40,50,70,26,21,0,0,10195
20160122,21,190,50,40,80,33,28,0,0,10198
20160122,22,210,40,40,70,36,33,0,0,10200
20160122,23,230,40,40,70,48,47,0,0,10204
20160122,24,230,40,50,90,57,55,0,0,10211
20160123,1,240,40,40,90,61,61,0,0,10218
20160123,2,240,40,40,90,56,56,0,0,10230
20160123,3,240,40,40,60,54,51,0,0,10240
20160123,4,240,30,30,50,49,46,0,0,10248
20160123,5,240,30,30,60,53,47,0,0,10259
20160123,6,240,30,30,50,49,44,0,0,10270
20160123,7,230,20,20,70,47,42,0,0,10279
20160123,8,230,30,20,40,49,46,0,2,10289
20160123,9,180,20,10,40,38,35,8,22,10297
20160123,10,190,20,30,40,57,54,10,55,10302
20160123,11,200,20,20,40,73,63,3,63,10310
20160123,12,240,30,40,60,88,69,9,87,10313
20160123,13,250,40,50,70,85,69,6,74,10318
20160123,14,220,30,20,80,86,71,2,38,10319
20160123,15,220,30,30,60,88,67,3,30,10323
20160123,16,180,30,30,50,78,66,0,6,10324
20160123,17,210,30,40,70,77,65,0,0,10326
20160123,18,200,40,40,60,74,66,0,0,10326
20160123,19,210,40,40,60,71,60,0,0,10331
20160123,20,180,30,30,50,73,58,0,0,10327
20160123,21,170,40,40,70,68,58,0,0,10322
20160123,22,180,50,50,80,68,54,0,0,10318
20160123,23,190,50,40,80,68,51,0,0,10318
20160123,24,180,40,50,90,63,46,0,0,10316
20160124,1,180,50,50,80,58,40,0,0,10311
20160124,2,180,50,50,90,56,37,0,0,10312
20160124,3,180,50,40,80,53,36,0,0,10303
20160124,4,180,40,40,80,51,39,0,0,10298
20160124,5,170,40,40,70,50,42,0,0,10291
20160124,6,180,40,50,80,54,46,0,0,10285
20160124,7,180,50,40,80,56,49,0,0,10283
20160124,8,180,40,40,70,58,53,0,1,10282
20160124,9,190,40,40,60,61,56,0,4,10283
20160124,10,200,40,40,70,66,62,0,7,10284
20160124,11,200,40,40,70,71,68,0,12,10283
20160124,12,220,40,50,80,76,73,0,11,10279
20160124,13,220,50,50,80,83,78,0,8,10275
20160124,14,220,50,40,80,85,82,0,7,10273
20160124,15,230,40,30,70,88,85,0,6,10274
20160124,16,210,40,40,70,92,89,0,3,10270
20160124,17,220,40,40,70,96,93,0,0,10270
20160124,18,220,50,50,80,99,96,0,0,10272
20160124,19,230,40,40,80,102,97,0,0,10273
20160124,20,230,50,50,100,103,96,0,0,10275
20160124,21,230,50,50,90,103,94,0,0,10277
20160124,22,230,50,50,80,101,92,0,0,10275
20160124,23,220,40,40,80,98,90,0,0,10274
20160124,24,210,40,40,70,92,84,0,0,10271
20160125,1,230,40,30,60,90,83,0,0,10272
20160125,2,200,20,20,60,88,80,0,0,10275
20160125,3,180,20,20,40,80,75,0,0,10271
20160125,4,160,20,20,40,76,71,0,0,10268
20160125,5,170,20,20,40,78,73,0,0,10264
20160125,6,170,20,20,40,82,75,0,0,10260
20160125,7,170,30,30,50,87,80,0,0,10256
20160125,8,160,20,30,40,87,79,0,1,10257
20160125,9,170,20,30,40,93,83,0,8,10252
20160125,10,170,40,30,60,106,86,0,30,10245
20160125,11,180,40,50,70,119,90,10,87,10240
20160125,12,160,40,40,80,130,94,10,99,10230
20160125,13,160,50,50,70,136,91,10,100,10219
20160125,14,170,50,40,80,145,85,10,85,10213
20160125,15,160,40,40,70,143,70,8,41,10207
20160125,16,180,40,40,70,132,49,0,6,10204
20160125,17,200,50,40,70,122,44,0,0,10208
20160125,18,200,40,40,80,112,43,0,0,10210
20160125,19,210,50,50,80,114,56,0,0,10214
20160125,20,210,50,50,90,112,67,0,0,10219
20160125,21,210,50,60,110,110,74,0,0,10217
20160125,22,220,60,60,100,115,81,0,0,10221
20160125,23,230,60,50,110,113,83,0,0,10222
20160125,24,230,70,70,120,106,80,0,0,10229
20160126,1,230,60,50,110,98,76,0,0,10230
20160126,2,240,50,40,70,93,74,0,0,10232
20160126,3,240,30,30,70,82,69,0,0,10234
20160126,4,230,30,30,60,79,66,0,0,10231
20160126,5,220,30,40,60,71,63,0,0,10232
20160126,6,220,40,40,70,71,62,0,0,10230
20160126,7,210,40,40,60,68,60,0,0,10224
20160126,8,220,40,40,60,72,64,0,2,10223
20160126,9,220,50,50,90,77,68,0,9,10217
20160126,10,210,50,50,90,84,69,0,24,10211
20160126,11,210,60,70,110,101,71,7,77,10203
20160126,12,210,60,60,110,108,72,6,77,10192
20160126,13,220,80,80,150,109,61,3,62,10181
20160126,14,220,80,80,120,110,58,3,58,10175
20160126,15,210,70,80,130,107,58,3,30,10168
20160126,16,210,80,80,140,104,44,3,10,10160
20160126,17,210,80,80,130,105,48,0,0,10162
20160126,18,210,80,90,150,99,54,0,0,10159
20160126,19,210,90,90,160,97,58,0,0,10156
20160126,20,210,90,80,140,96,64,0,0,10151
20160126,21,220,80,80,140,92,69,0,0,10151
20160126,22,220,90,90,170,93,72,0,0,10142
20160126,23,220,90,90,160,97,71,0,0,10142
20160126,24,220,90,100,160,105,70,0,0,10141
20160127,1,220,90,80,170,107,70,0,0,10140
20160127,2,220,80,80,140,109,71,0,0,10141
20160127,3,220,80,80,160,108,70,0,0,10136
20160127,4,220,80,80,160,107,72,0,0,10132
20160127,5,220,80,90,160,110,74,0,0,10130
20160127,6,220,90,80,150,109,76,0,0,10126
20160127,7,210,80,70,150,104,83,0,0,10124
20160127,8,200,70,60,120,98,88,0,0,10122
20160127,9,210,80,80,130,102,90,0,2,10124
20160127,10,210,70,80,130,106,91,0,5,10122
20160127,11,220,80,90,170,115,89,0,12,10116
20160127,12,220,90,100,180,118,90,0,20,10111
20160127,13,210,90,90,180,119,91,0,15,10100
20160127,14,220,100,110,170,123,90,0,11,10100
20160127,15,210,90,90,160,121,90,0,6,10097
20160127,16,210,90,90,150,116,92,0,3,10092
20160127,17,210,80,80,170,107,97,0,0,10096
20160127,18,210,80,100,130,108,95,0,0,10092
20160127,19,210,80,80,140,108,96,0,0,10094
20160127,20,220,70,80,130,112,97,0,0,10093
20160127,21,230,70,70,140,112,99,0,0,10095
20160127,22,230,70,70,120,111,100,0,0,10096
20160127,23,260,60,60,130,108,97,0,0,10105
20160127,24,280,50,40,130,86,62,0,0,10120
20160128,1,280,40,40,100,81,59,0,0,10131
20160128,2,270,40,30,70,84,52,0,0,10143
20160128,3,280,40,50,80,83,38,0,0,10156
20160128,4,290,50,50,100,76,33,0,0,10173
20160128,5,270,40,40,90,64,27,0,0,10185
20160128,6,280,30,30,60,59,20,0,0,10202
20160128,7,280,30,40,60,57,12,0,0,10212
20160128,8,250,30,40,70,60,16,0,3,10225
20160128,9,240,30,30,60,62,19,7,27,10238
20160128,10,250,40,40,70,73,22,10,69,10244
20160128,11,240,40,40,80,83,25,10,100,10249
20160128,12,250,50,40,90,83,7,10,93,10251
20160128,13,250,50,40,80,86,-1,10,109,10246
20160128,14,250,50,50,80,86,5,10,92,10247
20160128,15,230,50,60,90,80,10,10,54,10250
20160128,16,220,50,50,90,70,8,5,13,10250
20160128,17,210,50,40,80,58,13,0,1,10251
20160128,18,210,40,50,70,53,7,0,0,10250
20160128,19,210,40,50,80,49,8,0,0,10250
20160128,20,210,60,60,90,53,4,0,0,10249
20160128,21,200,50,50,90,52,1,0,0,10244
20160128,22,210,60,60,100,54,5,0,0,10239
20160128,23,210,60,50,100,49,10,0,0,10233
20160128,24,210,60,60,100,54,15,0,0,10229
20160129,1,220,70,70,120,62,20,0,0,10224
20160129,2,220,80,70,140,66,24,0,0,10218
20160129,3,230,70,70,120,68,31,0,0,10214
20160129,4,220,70,70,120,68,36,0,0,10210
20160129,5,220,80,80,140,74,40,0,0,10206
20160129,6,220,80,80,130,80,48,0,0,10201
20160129,7,220,90,90,170,83,52,0,0,10199
20160129,8,220,90,90,160,84,53,0,2,10194
20160129,9,220,90,100,160,86,55,0,8,10194
20160129,10,220,90,100,170,92,61,0,14,10191
20160129,11,220,100,110,170,94,62,0,12,10194
20160129,12,220,100,100,180,88,69,0,15,10188
20160129,13,220,100,100,170,92,67,0,15,10184
20160129,14,220,100,80,170,92,71,0,10,10185
20160129,15,220,90,90,160,99,67,0,4,10184
20160129,16,220,80,90,150,93,76,0,1,10183
20160129,17,220,80,80,140,89,80,0,0,10183
20160129,18,220,80,80,140,89,80,0,0,10182
20160129,19,220,80,80,130,88,81,0,0,10183
20160129,20,220,80,70,140,90,81,0,0,10178
20160129,21,220,90,100,160,90,79,0,0,10171
20160129,22,220,90,90,150,88,79,0,0,10165
20160129,23,220,90,100,170,91,77,0,0,10156
20160129,24,220,90,90,180,93,75,0,0,10147
20160130,1,220,90,80,170,98,69,0,0,10135
20160130,2,210,90,90,170,92,75,0,0,10123
20160130,3,210,90,90,160,90,75,0,0,10107
20160130,4,210,90,90,170,88,76,0,0,10095
20160130,5,220,90,90,180,91,76,0,0,10083
20160130,6,220,100,100,170,92,75,0,0,10073
20160130,7,220,100,100,170,93,77,0,0,10066
20160130,8,240,80,70,170,91,81,0,0,10068
20160130,9,260,70,60,130,88,64,0,6,10065
20160130,10,230,60,60,110,80,63,0,6,10061
20160130,11,250,50,60,110,80,62,0,8,10057
20160130,12,270,50,40,120,72,55,0,13,10055
20160130,13,270,30,30,80,71,54,0,9,10057
20160130,14,280,40,60,120,68,13,0,11,10052
20160130,15,260,40,30,110,68,24,0,18,10055
20160130,16,260,40,50,90,64,21,0,5,10060
20160130,17,270,40,40,80,57,8,0,0,10071
20160130,18,260,40,40,70,53,-2,0,0,10078
20160130,19,250,40,40,80,54,-3,0,0,10078
20160130,20,240,40,40,80,55,-8,0,0,10079
20160130,21,260,40,40,120,56,0,0,0,10080
20160130,22,260,60,50,100,60,-10,0,0,10085
20160130,23,270,50,50,110,58,-8,0,0,10086
20160130,24,260,40,50,110,58,-7,0,0,10090
20160131,1,260,50,50,100,56,-4,0,0,10088
20160131,2,260,40,30,70,53,-1,0,0,10092
20160131,3,260,40,40,70,52,-4,0,0,10094
20160131,4,260,40,40,70,50,-5,0,0,10096
20160131,5,240,30,30,80,39,-5,0,0,10091
20160131,6,230,30,30,50,39,0,0,0,10092
20160131,7,230,30,40,60,50,2,0,0,10097
20160131,8,210,40,40,70,46,15,0,1,10095
20160131,9,220,50,50,90,51,23,0,11,10096
20160131,10,210,50,60,110,51,25,0,24,10097
20160131,11,230,50,50,110,64,26,6,67,10092
20160131,12,220,50,50,90,61,31,0,46,10085
20160131,13,210,60,50,100,62,42,0,31,10077
20160131,14,210,50,40,90,64,50,0,21,10069
20160131,15,200,40,40,70,61,52,0,16,10062
20160131,16,160,30,30,50,60,57,0,5,10055
20160131,17,170,30,40,70,65,61,0,0,10047
20160131,18,230,40,40,80,80,76,0,0,10049
20160131,19,270,50,60,110,103,88,0,0,10053
20160131,20,260,50,50,110,107,93,0,0,10060
20160131,21,270,50,60,110,102,94,0,0,10070
20160131,22,270,50,50,120,103,96,0,0,10079
20160131,23,260,40,40,100,104,99,0,0,10085
20160131,24,260,40,40,90,106,101,0,0,10092
20160201,1,260,70,80,130,117,100,0,0,10095
20160201,2,260,80,80,160,117,100,0,0,10108
20160201,3,260,70,70,140,116,101,0,0,10115
20160201,4,260,60,70,120,116,97,0,0,10121
20160201,5,250,70,60,120,114,95,0,0,10122
20160201,6,240,60,50,140,114,95,0,0,10128
20160201,7,240,60,60,120,108,99,0,0,10135
20160201,8,240,70,70,130,107,97,0,1,10141
20160201,9,230,70,80,140,109,89,0,5,10142
20160201,10,230,80,70,140,112,83,0,18,10140
20160201,11,240,80,90,150,116,76,0,57,10140
20160201,12,250,110,120,200,118,76,0,47,10140
20160201,13,240,100,110,190,118,76,0,36,10135
20160201,14,240,100,90,190,114,81,0,20,10139
20160201,15,240,90,90,190,117,81,0,11,10143
20160201,16,230,90,90,160,115,86,0,5,10145
20160201,17,230,90,100,170,115,88,0,1,10143
20160201,18,230,90,90,170,114,89,0,0,10141
20160201,19,230,90,90,170,115,86,0,0,10138
20160201,20,230,100,100,170,116,84,0,0,10138
20160201,21,230,100,100,160,117,84,0,0,10138
20160201,22,240,80,80,160,116,86,0,0,10137
20160201,23,240,80,80,160,115,84,0,0,10135
20160201,24,240,90,90,170,114,78,0,0,10139
20160202,1,240,80,70,160,106,71,0,0,10138
20160202,2,250,80,70,150,101,43,0,0,10140
20160202,3,240,70,70,120,96,65,0,0,10138
20160202,4,250,70,80,140,98,49,0,0,10133
20160202,5,240,70,80,150,96,45,0,0,10129
20160202,6,240,80,70,160,93,50,0,0,10128
20160202,7,240,70,60,140,90,44,0,0,10129
20160202,8,240,60,60,110,93,53,0,3,10126
20160202,9,250,70,90,150,98,35,2,22,10125
20160202,10,240,70,80,150,96,53,0,22,10122
20160202,11,240,80,90,160,96,37,0,24,10116
20160202,12,250,70,70,130,97,43,0,34,10113
20160202,13,250,80,70,160,83,21,0,15,10106
20160202,14,250,60,60,140,94,40,2,50,10099
20160202,15,260,70,80,140,97,13,10,67,10102
20160202,16,250,70,80,140,88,30,8,18,10104
20160202,17,250,60,60,140,83,29,0,2,10110
20160202,18,270,60,70,140,82,0,0,0,10118
20160202,19,260,60,60,130,79,-2,0,0,10122
20160202,20,270,60,60,120,76,-5,0,0,10129
20160202,21,250,60,50,130,78,-1,0,0,10135
20160202,22,260,50,50,110,75,3,0,0,10139
20160202,23,250,50,50,90,71,6,0,0,10140
20160202,24,260,50,50,90,65,11,0,0,10139
20160203,1,250,50,40,80,61,11,0,0,10140
20160203,2,260,40,50,80,60,14,0,0,10140
20160203,3,240,40,40,90,51,15,0,0,10138
20160203,4,250,40,50,90,53,19,0,0,10135
20160203,5,260,40,30,90,53,19,0,0,10137
20160203,6,260,30,40,60,53,13,0,0,10138
20160203,7,260,40,40,70,46,2,0,0,10143
20160203,8,260,40,30,70,47,0,3,6,10147
20160203,9,250,30,30,60,57,2,10,37,10152
20160203,10,260,50,60,100,60,-6,7,64,10156
20160203,11,270,70,70,130,64,-6,8,97,10160
20160203,12,270,60,60,120,46,13,1,29,10164
20160203,13,270,40,40,120,38,21,3,27,10170
20160203,14,270,40,50,90,57,21,7,76,10174
20160203,15,270,50,50,90,61,13,7,48,10181
20160203,16,270,50,50,90,57,13,5,17,10187
20160203,17,280,50,50,110,49,26,0,2,10200
20160203,18,290,40,40,90,48,15,0,0,10208
20160203,19,300,30,40,70,43,23,0,0,10220
20160203,20,260,30,30,70,37,25,0,0,10229
20160203,21,240,30,20,70,31,19,0,0,10232
20160203,22,270,30,40,60,43,21,0,0,10239
20160203,23,270,30,30,80,43,13,0,0,10242
20160203,24,240,30,30,90,34,16,0,0,10242
20160204,1,230,30,30,40,31,14,0,0,10241
20160204,2,240,30,40,70,40,6,0,0,10239
20160204,3,240,40,40,60,38,10,0,0,10234
20160204,4,240,40,40,70,39,15,0,0,10225
20160204,5,230,40,40,60,45,18,0,0,10219
20160204,6,230,40,40,70,46,25,0,0,10213
20160204,7,220,50,50,80,49,35,0,0,10207
20160204,8,240,50,60,100,50,32,0,1,10201
20160204,9,220,50,50,100,45,32,0,5,10194
20160204,10,210,40,50,80,44,33,0,11,10186
20160204,11,210,40,40,70,45,39,0,13,10177
20160204,12,280,30,30,90,69,58,3,44,10170
20160204,13,300,40,40,80,76,60,0,32,10172
20160204,14,320,40,40,90,74,48,0,24,10181
20160204,15,340,40,40,70,68,46,0,21,10194
20160204,16,340,20,20,70,64,48,0,8,10206
20160204,17,330,20,20,40,59,47,0,1,10218
20160204,18,10,20,20,50,56,35,0,0,10230
20160204,19,340,20,10,50,50,39,0,0,10238
20160204,20,270,10,10,20,47,41,0,0,10244
20160204,21,240,10,10,20,47,38,0,0,10251
20160204,22,210,20,10,30,51,34,0,0,10253
20160204,23,200,20,30,40,51,39,0,0,10254
20160204,24,210,30,30,40,51,41,0,0,10256
20160205,1,210,30,30,40,52,39,0,0,10248
20160205,2,200,20,20,40,55,40,0,0,10247
20160205,3,200,30,30,50,57,43,0,0,10245
20160205,4,190,30,30,60,62,47,0,0,10233
20160205,5,180,30,30,50,63,48,0,0,10227
20160205,6,200,40,40,60,70,59,0,0,10220
20160205,7,210,40,40,60,77,70,0,0,10216
20160205,8,230,40,40,90,87,80,0,1,10218
20160205,9,230,50,60,100,94,80,0,12,10217
20160205,10,230,50,60,100,101,82,2,36,10216
20160205,11,220,50,60,120,101,78,1,45,10218
20160205,12,230,50,50,90,102,80,0,24,10212
20160205,13,230,50,50,100,101,85,0,21,10205
20160205,14,230,60,50,100,108,77,0,43,10198
20160205,15,230,50,60,100,108,76,0,25,10197
20160205,16,230,50,50,110,103,76,0,6,10194
20160205,17,210,40,40,80,93,84,0,1,10189
20160205,18,220,40,40,80,92,88,0,0,10184
20160205,19,220,50,50,90,91,82,0,0,10179
20160205,20,220,40,40,80,92,85,0,0,10172
20160205,21,220,40,40,70,93,87,0,0,10168
20160205,22,200,40,50,80,94,80,0,0,10160
20160205,23,190,50,50,80,94,82,0,0,10155
20160205,24,200,50,50,120,92,74,0,0,10149
20160206,1,190,50,50,100,91,71,0,0,10142
20160206,2,200,50,60,100,92,71,0,0,10134
20160206,3,180,40,40,100,88,74,0,0,10126
20160206,4,180,40,40,70,92,73,0,0,10116
20160206,5,180,50,50,90,95,71,0,0,10109
20160206,6,190,50,50,80,94,69,0,0,10102
20160206,7,180,40,50,70,89,69,0,0,10098
20160206,8,180,50,50,70,89,67,0,3,10096
20160206,9,190,50,50,100,93,63,0,15,10094
20160206,10,180,50,60,90,95,63,0,26,10089
20160206,11,190,60,60,100,98,63,0,33,10083
20160206,12,180,60,70,130,102,61,0,40,10069
20160206,13,200,70,60,140,102,54,0,35,10065
20160206,14,180,60,60,130,100,57,0,16,10052
20160206,15,180,60,60,100,104,58,0,16,10041
20160206,16,180,60,60,100,106,57,0,7,10033
20160206,17,180,60,50,110,97,55,0,2,10026
20160206,18,160,40,40,70,91,54,0,0,10018
20160206,19,160,40,40,80,90,51,0,0,10006
20160206,20,170,50,50,80,97,48,0,0,9996
20160206,21,150,50,50,110,85,46,0,0,9986
20160206,22,160,60,60,110,91,46,0,0,9974
20160206,23,150,60,60,100,89,45,0,0,9966
20160206,24,150,60,60,100,89,46,0,0,9958
20160207,1,170,50,60,110,106,47,0,0,9949
20160207,2,170,60,60,100,105,46,0,0,9943
20160207,3,180,70,60,110,110,47,0,0,9939
20160207,4,180,60,70,120,107,57,0,0,9934
20160207,5,180,50,50,110,93,68,0,0,9934
20160207,6,230,50,60,120,83,68,0,0,9944
20160207,7,220,50,50,100,78,62,0,0,9952
20160207,8,210,50,60,90,76,58,2,6,9962
20160207,9,210,50,60,110,78,52,3,29,9969
20160207,10,210,60,70,120,88,47,10,78,9973
20160207,11,220,70,70,120,86,44,5,52,9977
20160207,12,210,80,90,150,89,36,5,72,9978
20160207,13,210,90,100,150,89,32,3,61,9987
20160207,14,210,90,80,170,91,30,4,63,9989
20160207,15,210,80,70,150,88,26,2,40,9994
20160207,16,220,80,70,130,85,28,2,17,9999
20160207,17,210,80,90,130,83,26,0,1,10002
20160207,18,200,70,70,110,78,25,0,0,9998
20160207,19,210,70,70,140,78,27,0,0,9996
20160207,20,190,70,60,120,67,22,0,0,9989
20160207,21,190,60,60,110,71,18,0,0,9980
20160207,22,190,70,70,130,74,16,0,0,9967
20160207,23,190,80,80,130,71,26,0,0,9954
20160207,24,190,80,90,150,72,35,0,0,9934
20160208,1,190,80,80,140,71,45,0,0,9919
20160208,2,190,90,90,170,80,48,0,0,9903
20160208,3,200,100,100,180,78,60,0,0,9891
20160208,4,210,80,90,170,83,69,0,0,9884
20160208,5,190,90,70,170,85,63,0,0,9874
20160208,6,200,70,70,120,88,63,0,0,9867
20160208,7,210,90,90,150,80,45,0,0,9867
20160208,8,210,80,80,140,82,43,0,5,9867
20160208,9,220,90,90,160,91,35,2,26,9865
20160208,10,220,100,100,170,93,40,9,82,9869
20160208,11,230,100,100,190,97,34,8,82,9870
20160208,12,220,100,100,180,92,29,9,100,9869
20160208,13,220,100,100,200,94,34,3,62,9867
20160208,14,220,100,110,180,92,31,4,53,9867
20160208,15,220,110,110,200,88,40,0,27,9868
20160208,16,220,110,100,200,85,43,0,8,9865
20160208,17,220,110,100,180,78,51,0,0,9870
20160208,18,230,100,110,190,90,45,0,0,9877
20160208,19,240,120,110,210,78,51,0,0,9884
20160208,20,240,100,100,180,84,52,0,0,9890
20160208,21,240,100,90,210,80,55,0,0,9899
20160208,22,240,100,90,200,80,51,0,0,9908
20160208,23,240,100,100,180,80,44,0,0,9919
20160208,24,240,100,100,180,80,34,0,0,9929
20160209,1,240,90,90,180,78,25,0,0,9936
20160209,2,230,80,90,150,73,12,0,0,9938
20160209,3,220,80,60,150,68,24,0,0,9939
20160209,4,220,80,90,160,67,31,0,0,9937
20160209,5,220,90,80,160,61,28,0,0,9929
20160209,6,210,80,70,120,62,30,0,0,9926
20160209,7,210,70,60,120,60,33,0,0,9919
20160209,8,210,60,60,110,62,32,0,6,9909
20160209,9,190,50,40,100,63,33,0,12,9899
20160209,10,180,40,40,70,68,36,0,21,9881
20160209,11,170,40,30,80,67,37,0,19,9859
20160209,12,140,30,20,60,55,35,0,14,9833
20160209,13,50,20,20,50,47,30,0,10,9817
20160209,14,350,30,40,60,43,31,0,14,9802
20160209,15,340,40,40,80,35,23,0,9,9801
20160209,16,310,30,30,80,35,26,0,3,9808
20160209,17,300,40,40,90,43,30,0,0,9820
20160209,18,290,40,40,70,45,29,0,0,9832
20160209,19,270,30,40,70,46,24,0,0,9842
20160209,20,260,30,40,80,47,14,0,0,9853
20160209,21,240,30,40,60,40,11,0,0,9861
20160209,22,240,40,30,70,41,4,0,0,9870
20160209,23,210,40,40,70,37,5,0,0,9876
20160209,24,210,50,50,100,40,5,0,0,9879
20160210,1,200,50,50,90,33,10,0,0,9881
20160210,2,220,60,60,100,37,16,0,0,9882
20160210,3,220,60,50,120,22,12,0,0,9883
20160210,4,210,50,40,100,20,12,0,0,9882
20160210,5,220,40,30,60,29,24,0,0,9884
20160210,6,220,30,30,60,34,25,0,0,9884
20160210,7,240,30,20,60,34,24,0,0,9890
20160210,8,230,30,30,60,42,26,0,3,9897
20160210,9,230,30,30,60,47,31,3,30,9903
20160210,10,260,30,40,70,57,29,2,46,9910
20160210,11,250,40,30,80,65,36,1,54,9917
20160210,12,260,50,60,100,74,28,7,97,9918
20160210,13,270,60,60,110,80,29,7,109,9922
20160210,14,270,60,40,110,59,46,1,25,9931
20160210,15,270,30,40,70,63,46,0,21,9939
20160210,16,290,40,30,90,65,36,7,26,9950
20160210,17,270,40,40,80,64,31,0,2,9959
20160210,18,270,30,30,90,57,23,0,0,9970
20160210,19,280,40,30,120,55,27,0,0,9981
20160210,20,270,30,40,80,52,26,0,0,9988
20160210,21,290,40,40,80,48,24,0,0,9996
20160210,22,270,40,20,110,45,23,0,0,10001
20160210,23,280,20,30,70,42,24,0,0,10006
20160210,24,220,20,30,40,27,12,0,0,10010
20160211,1,240,20,20,40,31,11,0,0,10013
20160211,2,240,30,30,60,36,17,0,0,10016
20160211,3,240,30,30,60,36,18,0,0,10020
20160211,4,240,30,30,50,32,15,0,0,10022
20160211,5,240,30,30,50,29,7,0,0,10023
20160211,6,230,30,30,50,27,2,0,0,10025
20160211,7,240,30,30,40,27,1,0,0,10028
20160211,8,230,30,30,50,33,7,7,17,10030
20160211,9,220,30,40,60,46,14,10,49,10035
20160211,10,240,30,30,60,58,21,10,81,10038
20160211,11,250,30,30,60,70,29,10,115,10042
20160211,12,290,40,40,70,71,10,3,53,10039
20160211,13,290,40,40,80,75,13,7,73,10037
20160211,14,260,40,40,80,81,19,10,108,10036
20160211,15,270,40,30,80,73,10,3,46,10039
20160211,16,280,30,30,60,63,14,5,27,10040
20160211,17,260,20,20,50,55,17,2,4,10042
20160211,18,220,20,20,40,29,13,0,0,10045
20160211,19,210,20,20,30,10,1,0,0,10044
20160211,20,210,10,10,20,6,-1,0,0,10044
20160211,21,220,20,20,30,16,11,0,0,10044
20160211,22,210,20,30,40,20,11,0,0,10041
20160211,23,200,20,20,30,-5,-11,0,0,10039
20160211,24,170,20,10,30,-4,-6,0,0,10036
20160212,1,160,20,20,30,3,0,0,0,10033
20160212,2,160,20,20,30,2,0,0,0,10032
20160212,3,160,20,20,30,10,7,0,0,10028
20160212,4,150,20,20,40,15,12,0,0,10023
20160212,5,140,20,20,30,19,15,0,0,10019
20160212,6,150,20,30,40,25,19,0,0,10016
20160212,7,150,30,30,50,28,20,0,0,10013
20160212,8,150,30,30,50,29,21,0,3,10008
20160212,9,140,20,20,40,32,23,0,24,10001
20160212,10,150,30,40,70,42,25,5,62,9999
20160212,11,160,40,40,70,47,24,2,54,9994
20160212,12,140,40,30,60,51,23,0,57,9987
20160212,13,150,40,30,60,64,23,6,89,9981
20160212,14,150,40,40,60,63,14,10,112,9974
20160212,15,90,30,20,50,64,8,8,77,9970
20160212,16,90,30,20,50,52,12,3,25,9970
20160212,17,100,20,30,40,49,13,2,4,9971
20160212,18,80,30,20,30,36,9,0,0,9973
20160212,19,80,20,20,30,15,2,0,0,9974
20160212,20,70,20,20,30,8,-6,0,0,9975
20160212,21,60,20,30,40,6,-6,0,0,9976
20160212,22,60,30,20,40,0,-10,0,0,9973
20160212,23,60,30,30,40,1,-14,0,0,9972
20160212,24,70,20,20,30,-6,-18,0,0,9969
20160213,1,60,20,20,30,-10,-20,0,0,9964
20160213,2,70,20,20,40,-12,-22,0,0,9957
20160213,3,70,30,30,40,-9,-21,0,0,9952
20160213,4,80,20,20,40,-15,-26,0,0,9947
20160213,5,90,20,30,40,-17,-28,0,0,9944
20160213,6,90,30,30,40,-19,-29,0,0,9938
20160213,7,80,30,30,40,-18,-29,0,0,9933
20160213,8,100,40,30,60,-8,-22,3,11,9930
20160213,9,80,40,40,60,4,-14,10,53,9919
20160213,10,90,40,40,60,24,-6,10,104,9911
20160213,11,80,50,50,80,36,-1,10,129,9900
20160213,12,90,50,40,70,40,3,2,78,9890
20160213,13,70,60,60,90,43,0,2,78,9879
20160213,14,80,60,60,90,43,2,0,50,9873
20160213,15,70,50,50,80,44,4,0,34,9865
20160213,16,60,50,40,80,41,5,0,15,9861
20160213,17,60,50,50,100,39,4,0,3,9858
20160213,18,60,60,50,100,32,9,0,0,9856
20160213,19,60,50,40,80,33,10,0,0,9855
20160213,20,50,40,50,70,35,11,0,0,9851
20160213,21,50,50,40,80,36,9,0,0,9849
20160213,22,50,50,50,80,34,9,0,0,9847
20160213,23,40,50,40,70,29,15,0,0,9848
20160213,24,40,50,50,80,24,12,0,0,9849
20160214,1,50,50,50,80,18,9,0,0,9852
20160214,2,30,40,40,70,16,8,0,0,9852
20160214,3,30,40,40,70,11,4,0,0,9853
20160214,4,30,40,40,70,11,4,0,0,9856
20160214,5,30,40,40,70,10,3,0,0,9861
20160214,6,20,40,40,70,7,1,0,0,9865
20160214,7,20,40,50,70,11,3,0,0,9869
20160214,8,30,50,50,80,13,4,0,3,9876
20160214,9,30,50,50,80,14,5,0,9,9884
20160214,10,30,40,50,70,13,4,0,12,9891
20160214,11,30,40,40,70,14,5,0,23,9899
20160214,12,20,40,40,70,15,6,0,31,9904
20160214,13,10,40,40,80,12,5,0,30,9913
20160214,14,360,30,30,60,9,2,0,23,9919
20160214,15,350,30,30,50,6,1,0,14,9930
20160214,16,350,30,40,60,5,1,0,5,9941
20160214,17,360,40,40,70,7,1,0,1,9953
20160214,18,360,40,40,80,12,5,0,0,9964
20160214,19,10,50,60,110,20,9,0,0,9975
20160214,20,10,60,50,100,22,11,0,0,9987
20160214,21,10,60,60,100,23,12,0,0,9999
20160214,22,10,60,60,110,25,13,0,0,10011
20160214,23,10,60,70,110,25,13,0,0,10025
20160214,24,20,70,70,120,24,10,0,0,10041
20160215,1,20,60,60,110,27,7,0,0,10054
20160215,2,10,60,50,130,27,2,0,0,10068
20160215,3,10,60,70,120,29,-5,0,0,10083
20160215,4,10,70,70,120,24,-17,0,0,10097
20160215,5,10,60,50,120,20,-20,0,0,10110
20160215,6,10,50,40,100,19,-21,0,0,10123
20160215,7,20,40,30,80,15,-20,0,0,10138
20160215,8,10,30,30,70,23,-15,5,15,10152
20160215,9,10,40,40,90,31,-17,3,38,10164
20160215,10,20,60,70,100,45,-32,10,97,10175
20160215,11,30,60,60,100,49,-25,10,139,10187
20160215,12,360,60,70,110,48,-19,4,104,10197
20160215,13,360,50,50,110,54,-4,8,110,10206
20160215,14,10,60,60,100,47,-7,2,46,10217
20160215,15,360,40,50,80,49,-9,8,71,10227
20160215,16,360,50,40,110,43,-4,5,29,10240
20160215,17,350,30,30,70,37,-6,0,5,10253
20160215,18,10,20,20,40,29,-9,0,0,10266
20160215,19,30,20,20,30,19,-11,0,0,10277
20160215,20,340,10,10,20,-8,-20,0,0,10286
20160215,21,0,10,0,20,-20,-25,0,0,10295
20160215,22,310,10,20,30,-18,-23,0,0,10307
20160215,23,330,20,20,30,-16,-20,0,0,10315
20160215,24,330,20,20,30,-24,-28,0,0,10328
20160216,1,0,10,0,20,-37,-39,0,0,10331
20160216,2,310,10,10,10,-36,-39,0,0,10337
20160216,3,0,0,0,20,-41,-46,0,0,10338
20160216,4,0,0,0,10,-43,-48,0,0,10341
20160216,5,0,0,0,0,-46,-52,0,0,10348
20160216,6,0,0,0,10,-50,-53,0,0,10355
20160216,7,0,0,0,0,-49,-55,0,0,10361
20160216,8,310,0,10,10,-20,-30,8,29,10370
20160216,9,130,10,10,10,8,-8,10,93,10370
20160216,10,150,10,10,20,37,-2,10,116,10373
20160216,11,150,20,20,40,44,-16,10,144,10374
20160216,12,170,20,20,40,50,-16,10,157,10369
20160216,13,250,10,10,30,58,-10,10,154,10366
20160216,14,170,20,20,30,55,-14,10,127,10361
20160216,15,200,20,20,30,54,-16,10,95,10358
20160216,16,170,20,10,30,49,-16,8,38,10354
20160216,17,140,20,20,30,28,-22,0,4,10349
20160216,18,150,20,20,40,14,-33,0,0,10349
20160216,19,140,30,30,50,8,-36,0,0,10346
20160216,20,90,20,10,40,-17,-33,0,0,10348
20160216,21,110,20,30,30,-34,-44,0,0,10343
20160216,22,120,20,30,30,-28,-44,0,0,10337
20160216,23,100,20,10,30,-29,-39,0,0,10331
20160216,24,100,20,30,30,-42,-55,0,0,10317
20160217,1,110,30,30,40,-36,-52,0,0,10305
20160217,2,130,20,20,30,-40,-51,0,0,10298
20160217,3,140,20,20,40,-41,-53,0,0,10288
20160217,4,130,20,20,30,-48,-60,0,0,10281
20160217,5,110,20,10,30,-46,-53,0,0,10276
20160217,6,130,20,20,40,-47,-58,0,0,10270
20160217,7,130,30,30,50,-37,-53,0,0,10261
20160217,8,140,20,20,50,-28,-47,3,15,10251
20160217,9,130,30,30,50,-14,-41,10,64,10240
20160217,10,140,30,30,50,2,-33,10,109,10228
20160217,11,150,40,40,60,9,-26,10,135,10217
20160217,12,170,40,30,50,19,-24,10,152,10203
20160217,13,150,20,20,40,22,-25,9,132,10188
20160217,14,150,20,30,50,29,-19,10,122,10176
20160217,15,140,30,30,40,31,-18,10,95,10167
20160217,16,150,20,20,40,27,-19,10,41,10160
20160217,17,140,20,10,30,14,-22,2,6,10157
20160217,18,130,20,20,20,-9,-32,0,0,10154
20160217,19,140,20,20,30,-20,-31,0,0,10149
20160217,20,140,20,20,20,-18,-30,0,0,10145
20160217,21,150,20,20,30,-26,-33,0,0,10142
20160217,22,140,20,10,20,-27,-31,0,0,10139
20160217,23,130,20,20,20,-20,-28,0,0,10135
20160217,24,160,10,20,30,-9,-22,0,0,10133
20160218,1,150,10,20,20,-10,-20,0,0,10132
20160218,2,190,10,10,30,-21,-31,0,0,10130
20160218,3,180,10,20,30,-21,-31,0,0,10130
20160218,4,210,30,30,50,-2,-23,0,0,10129
20160218,5,200,30,30,50,-2,-26,0,0,10131
20160218,6,180,30,30,50,-4,-26,0,0,10131
20160218,7,180,30,30,60,-3,-25,0,0,10132
20160218,8,190,40,40,70,3,-33,2,15,10137
20160218,9,180,40,40,70,8,-29,0,28,10138
20160218,10,180,30,40,70,11,-26,0,30,10139
20160218,11,190,40,40,70,18,-22,0,42,10141
20160218,12,190,40,40,70,26,-17,0,69,10142
20160218,13,190,40,40,70,28,-14,0,42,10142
20160218,14,190,30,30,60,30,-6,0,29,10143
20160218,15,200,30,20,50,29,7,0,23,10147
20160218,16,200,30,30,40,27,9,0,12,10150
20160218,17,180,30,30,50,29,12,0,3,10151
20160218,18,190,30,30,50,27,10,0,0,10156
20160218,19,210,30,30,50,24,13,0,0,10158
20160218,20,210,30,20,50,24,15,0,0,10161
20160218,21,210,30,30,50,24,14,0,0,10162
20160218,22,220,30,30,40,23,12,0,0,10164
20160218,23,220,20,20,30,20,13,0,0,10168
20160218,24,230,30,20,40,16,8,0,0,10170
20160219,1,200,20,20,30,15,8,0,0,10171
20160219,2,200,20,20,40,14,8,0,0,10173
20160219,3,200,20,20,30,13,8,0,0,10171
20160219,4,190,20,20,30,13,10,0,0,10174
20160219,5,200,20,20,30,13,9,0,0,10178
20160219,6,230,20,20,30,14,11,0,0,10182
20160219,7,230,10,10,20,14,12,0,0,10187
20160219,8,220,10,20,20,14,13,0,7,10192
20160219,9,150,10,20,30,19,18,0,26,10196
20160219,10,150,20,20,30,22,21,1,55,10199
20160219,11,150,20,20,30,32,29,4,86,10201
20160219,12,170,20,20,40,57,32,10,143,10197
20160219,13,240,40,50,90,74,12,6,96,10193
20160219,14,220,50,50,90,70,5,10,132,10190
20160219,15,230,50,50,80,79,0,8,65,10186
20160219,16,220,60,60,90,73,0,10,43,10184
20160219,17,210,40,40,90,58,2,2,6,10184
20160219,18,190,30,40,60,52,3,0,0,10184
20160219,19,180,40,50,70,49,5,0,0,10177
20160219,20,180,50,50,90,48,7,0,0,10168
20160219,21,180,50,60,90,45,9,0,0,10158
20160219,22,180,60,60,90,49,12,0,0,10151
20160219,23,190,60,70,110,52,11,0,0,10143
20160219,24,190,70,70,120,54,13,0,0,10127
20160220,1,190,70,70,130,52,21,0,0,10119
20160220,2,190,70,80,150,54,26,0,0,10102
20160220,3,200,70,70,120,51,41,0,0,10090
20160220,4,210,80,70,150,56,49,0,0,10084
20160220,5,220,80,80,120,61,54,0,0,10082
20160220,6,220,70,70,130,65,59,0,0,10075
20160220,7,230,70,60,120,72,66,0,0,10075
20160220,8,230,60,50,100,77,68,0,2,10078
20160220,9,230,50,50,90,82,74,0,10,10081
20160220,10,240,50,40,90,87,74,0,20,10083
20160220,11,240,50,50,110,94,69,0,41,10084
20160220,12,250,60,70,130,96,64,0,48,10084
20160220,13,250,60,70,120,96,61,0,43,10086
20160220,14,250,60,70,120,93,61,0,21,10082
20160220,15,250,60,50,130,82,58,0,14,10083
20160220,16,240,50,50,110,75,61,0,8,10076
20160220,17,230,50,60,100,83,73,0,2,10069
20160220,18,230,60,70,100,90,82,0,0,10059
20160220,19,240,70,60,140,97,86,0,0,10050
20160220,20,240,70,70,160,99,91,0,0,10054
20160220,21,240,70,70,140,104,91,0,0,10055
20160220,22,240,80,70,160,106,91,0,0,10056
20160220,23,250,80,90,160,111,93,0,0,10061
20160220,24,290,80,70,180,94,83,0,0,10077
20160221,1,280,50,40,110,92,86,0,0,10087
20160221,2,270,40,50,110,91,84,0,0,10091
20160221,3,270,50,40,90,90,84,0,0,10096
20160221,4,280,40,50,100,91,83,0,0,10097
20160221,5,290,40,30,90,87,82,0,0,10097
20160221,6,230,20,30,60,96,89,0,0,10093
20160221,7,240,50,60,110,100,89,0,0,10094
20160221,8,240,60,60,110,102,91,0,4,10095
20160221,9,240,70,70,120,105,92,0,12,10090
20160221,10,240,70,70,140,108,91,0,20,10090
20160221,11,240,80,90,170,105,95,0,20,10088
20160221,12,240,90,90,180,105,95,0,18,10085
20160221,13,240,100,100,180,107,94,0,20,10078
20160221,14,240,100,80,200,107,94,0,23,10077
20160221,15,240,90,100,190,109,91,0,13,10075
20160221,16,240,100,90,200,109,89,0,7,10074
20160221,17,240,90,90,200,109,88,0,2,10072
20160221,18,240,100,90,200,111,93,0,0,10068
20160221,19,230,90,80,170,114,95,0,0,10062
20160221,20,240,100,90,190,115,94,0,0,10060
20160221,21,230,90,90,180,114,92,0,0,10055
20160221,22,230,100,90,160,114,86,0,0,10054
20160221,23,240,90,80,170,111,83,0,0,10054
20160221,24,240,90,90,180,106,87,0,0,10050
20160222,1,250,90,90,170,105,88,0,0,10048
20160222,2,250,90,90,170,104,93,0,0,10047
20160222,3,250,80,70,150,112,88,0,0,10040
20160222,4,250,70,70,130,112,87,0,0,10038
20160222,5,290,60,40,140,80,73,0,0,10048
20160222,6,290,40,40,70,77,70,0,0,10053
20160222,7,280,40,30,80,65,58,0,0,10058
20160222,8,270,30,40,70,65,53,0,5,10059
20160222,9,270,40,40,80,64,55,0,15,10060
20160222,10,300,50,50,90,61,39,0,21,10066
20160222,11,290,30,50,90,63,35,0,37,10070
20160222,12,270,50,40,110,57,25,0,44,10072
20160222,13,240,30,30,70,63,18,0,40,10069
20160222,14,250,40,30,60,68,30,0,37,10068
20160222,15,280,40,40,90,72,3,0,30,10068
20160222,16,280,40,40,80,67,7,0,13,10072
20160222,17,250,30,30,100,64,6,0,3,10075
20160222,18,260,30,20,80,46,23,0,0,10082
20160222,19,270,20,20,30,51,28,0,0,10086
20160222,20,250,20,20,30,51,23,0,0,10090
20160222,21,240,20,20,30,48,26,0,0,10092
20160222,22,230,20,20,30,49,27,0,0,10095
20160222,23,240,20,20,40,53,23,0,0,10096
20160222,24,230,20,30,40,46,22,0,0,10097
20160223,1,240,20,20,40,39,21,0,0,10100
20160223,2,220,20,10,80,34,19,0,0,10100
20160223,3,230,20,20,30,26,17,0,0,10100
20160223,4,230,20,20,30,30,23,0,0,10101
20160223,5,230,20,20,30,38,26,0,0,10104
20160223,6,230,20,20,40,41,22,0,0,10106
20160223,7,230,20,10,40,23,17,0,1,10110
20160223,8,240,10,10,30,50,27,5,25,10114
20160223,9,290,30,50,90,49,20,7,53,10123
20160223,10,270,10,10,90,69,25,6,80,10120
20160223,11,270,30,10,70,44,29,2,38,10129
20160223,12,300,30,40,70,68,28,8,127,10131
20160223,13,300,40,60,90,72,24,5,111,10130
20160223,14,300,40,40,110,76,23,9,101,10133
20160223,15,300,50,40,100,69,11,9,90,10140
20160223,16,310,40,30,100,65,15,7,45,10147
20160223,17,300,40,30,90,52,13,2,7,10155
20160223,18,290,30,40,80,46,13,0,0,10164
20160223,19,310,30,20,110,26,15,0,0,10174
20160223,20,270,20,10,30,26,11,0,0,10178
20160223,21,270,20,20,70,29,10,0,0,10182
20160223,22,280,20,20,50,27,7,0,0,10185
20160223,23,260,20,20,30,17,3,0,0,10187
20160223,24,260,20,20,20,10,3,0,0,10190
20160224,1,260,20,20,60,18,7,0,0,10191
20160224,2,230,20,20,30,9,0,0,0,10191
20160224,3,250,20,20,40,12,3,0,0,10190
20160224,4,240,20,10,60,14,4,0,0,10190
20160224,5,210,10,10,20,-8,-12,0,0,10189
20160224,6,220,10,20,30,-8,-12,0,0,10187
20160224,7,240,20,10,40,9,5,0,2,10188
20160224,8,220,10,10,20,24,10,7,33,10190
20160224,9,230,20,30,40,39,6,7,73,10189
20160224,10,230,30,30,40,49,9,10,115,10187
20160224,11,240,30,40,70,48,11,9,110,10183
20160224,12,300,30,20,60,45,13,4,97,10178
20160224,13,290,20,20,40,49,-1,3,68,10169
20160224,14,260,20,30,50,59,-13,5,75,10160
20160224,15,330,30,40,60,52,6,5,61,10158
20160224,16,330,30,30,70,47,-6,7,44,10156
20160224,17,310,20,10,40,40,-13,3,9,10152
20160224,18,320,20,20,30,27,-12,0,0,10152
20160224,19,0,10,0,20,2,-11,0,0,10151
20160224,20,0,10,0,20,2,-8,0,0,10149
20160224,21,300,10,20,30,4,-6,0,0,10151
20160224,22,210,10,10,20,5,-2,0,0,10146
20160224,23,0,10,0,10,-6,-10,0,0,10142
20160224,24,250,10,20,60,16,-10,0,0,10141
20160225,1,310,10,30,60,11,-9,0,0,10144
20160225,2,210,20,20,70,7,-1,0,0,10135
20160225,3,250,20,20,40,10,-2,0,0,10131
20160225,4,220,10,10,40,1,-9,0,0,10131
20160225,5,250,20,20,20,-1,-6,0,0,10133
20160225,6,190,10,10,20,-8,-14,0,0,10132
20160225,7,210,20,20,30,-3,-7,0,1,10130
20160225,8,250,20,30,50,17,0,8,31,10136
20160225,9,250,30,20,60,20,5,3,45,10138
20160225,10,280,20,20,50,28,8,5,69,10142
20160225,11,240,30,30,60,39,10,3,89,10141
20160225,12,240,40,40,60,46,14,10,172,10140
20160225,13,300,30,20,130,29,11,2,72,10141
20160225,14,290,30,30,80,45,4,5,78,10139
20160225,15,290,30,30,60,45,-1,5,66,10138
20160225,16,270,40,30,80,35,0,7,46,10139
20160225,17,280,20,30,50,34,-3,3,11,10141
20160225,18,270,20,30,50,28,-6,0,0,10145
20160225,19,260,30,20,50,20,-1,0,0,10149
20160225,20,260,20,20,30,13,-4,0,0,10149
20160225,21,240,10,20,20,-1,-9,0,0,10152
20160225,22,230,20,20,20,0,-9,0,0,10153
20160225,23,240,20,20,30,0,-8,0,0,10151
20160225,24,230,20,20,30,11,-5,0,0,10150
20160226,1,270,20,20,50,14,-3,0,0,10149
20160226,2,260,20,20,40,14,0,0,0,10144
20160226,3,230,20,20,30,10,-1,0,0,10140
20160226,4,220,10,10,20,9,0,0,0,10137
20160226,5,220,10,10,20,8,-2,0,0,10135
20160226,6,0,10,0,20,7,0,0,0,10133
20160226,7,190,10,10,20,11,0,0,0,10132
20160226,8,150,10,10,20,14,3,0,8,10135
20160226,9,150,20,20,30,19,3,0,21,10136
20160226,10,210,10,10,20,26,3,0,26,10134
20160226,11,180,10,20,20,32,8,0,37,10133
20160226,12,130,10,10,20,40,5,0,54,10127
20160226,13,990,10,10,20,52,2,0,77,10122
20160226,14,990,10,10,30,54,-30,0,76,10118
20160226,15,110,10,20,40,52,-19,7,69,10113
20160226,16,130,20,20,30,49,-16,3,38,10108
20160226,17,110,20,30,40,33,-17,7,13,10107
20160226,18,90,20,30,30,22,-18,0,0,10109
20160226,19,90,20,20,30,8,-22,0,0,10110
20160226,20,90,20,20,20,0,-23,0,0,10109
20160226,21,70,20,20,30,-7,-27,0,0,10109
20160226,22,70,20,20,40,6,-29,0,0,10106
20160226,23,80,20,30,40,9,-31,0,0,10105
20160226,24,80,30,30,50,11,-30,0,0,10104
20160227,1,90,30,30,60,13,-26,0,0,10105
20160227,2,70,30,30,40,3,-32,0,0,10102
20160227,3,80,30,30,40,-2,-32,0,0,10099
20160227,4,60,30,20,40,0,-26,0,0,10099
20160227,5,50,20,30,40,0,-25,0,0,10101
20160227,6,50,30,30,50,-9,-29,0,0,10102
20160227,7,40,30,30,40,-15,-29,0,2,10107
20160227,8,40,30,30,50,-2,-25,10,35,10113
20160227,9,50,40,40,60,19,-21,10,85,10116
20160227,10,50,40,40,60,41,-27,10,131,10117
20160227,11,60,40,60,90,54,-33,10,164,10117
20160227,12,70,60,60,100,57,-44,10,164,10117
20160227,13,60,60,60,110,59,-47,10,178,10114
20160227,14,50,60,60,110,59,-45,10,150,10114
20160227,15,70,60,60,110,60,-48,10,112,10115
20160227,16,50,50,50,80,52,-46,10,58,10118
20160227,17,60,50,50,100,42,-57,5,12,10123
20160227,18,40,40,30,90,32,-51,0,0,10133
20160227,19,40,30,40,60,25,-44,0,0,10139
20160227,20,40,30,30,50,17,-40,0,0,10146
20160227,21,30,40,30,60,14,-33,0,0,10149
20160227,22,40,40,40,70,10,-27,0,0,10153
20160227,23,40,40,40,60,8,-21,0,0,10155
20160227,24,40,40,40,60,2,-20,0,0,10157
20160228,1,30,30,30,50,0,-22,0,0,10162
20160228,2,40,30,20,40,-8,-24,0,0,10162
20160228,3,20,20,20,40,-10,-23,0,0,10164
20160228,4,30,30,30,50,-6,-18,0,0,10166
20160228,5,30,30,30,40,-10,-19,0,0,10171
20160228,6,10,20,20,30,-15,-23,0,0,10180
20160228,7,20,30,30,50,-9,-17,0,3,10187
20160228,8,30,30,30,50,4,-16,10,35,10194
20160228,9,40,40,40,60,21,-16,10,78,10199
20160228,10,40,40,40,70,39,-24,10,125,10202
20160228,11,40,50,60,90,48,-21,10,149,10205
20160228,12,40,60,50,110,58,-24,10,176,10203
20160228,13,20,60,70,110,59,-15,10,181,10200
20160228,14,30,70,70,120,63,-13,10,161,10201
20160228,15,40,70,70,110,62,-23,9,102,10205
20160228,16,40,60,50,100,59,-19,3,43,10208
20160228,17,30,50,50,110,49,-25,3,12,10212
20160228,18,40,40,30,70,35,-29,0,0,10223
20160228,19,30,20,20,30,27,-27,0,0,10232
20160228,20,30,30,30,50,23,-21,0,0,10237
20160228,21,20,20,20,40,16,-16,0,0,10243
20160228,22,10,30,30,40,13,-10,0,0,10243
20160228,23,20,30,30,50,11,-5,0,0,10241
20160228,24,10,30,30,50,10,-3,0,0,10243
20160229,1,20,30,20,40,5,-12,0,0,10244
20160229,2,10,20,20,40,-2,-18,0,0,10242
20160229,3,10,20,20,30,-7,-21,0,0,10242
20160229,4,10,20,20,30,-17,-25,0,0,10241
20160229,5,30,20,20,30,-19,-27,0,0,10242
20160229,6,360,20,30,40,-11,-21,0,0,10248
20160229,7,20,20,20,40,-7,-20,2,4,10252
20160229,8,20,20,20,40,12,-11,10,42,10258
20160229,9,30,30,30,50,32,-8,10,94,10261
20160229,10,50,40,50,80,44,-13,10,139,10255
20160229,11,30,50,40,90,52,-18,10,168,10255
20160229,12,60,50,40,70,57,-22,10,170,10251
20160229,13,50,40,40,80,65,-19,10,179,10247
20160229,14,10,40,50,90,63,-26,10,162,10246
20160229,15,30,40,40,90,63,-27,10,121,10246
20160229,16,30,40,40,70,57,-25,10,71,10245
20160229,17,20,40,40,70,48,-27,5,15,10249
20160229,18,350,30,20,70,34,-16,0,0,10253
20160229,19,30,10,10,40,-3,-22,0,0,10252
20160229,20,0,10,0,20,-20,-27,0,0,10253
20160229,21,30,10,10,20,-27,-33,0,0,10252
20160229,22,10,10,10,10,-31,-34,0,0,10252
20160229,23,60,10,10,10,-39,-44,0,0,10249
20160229,24,0,10,0,10,-42,-44,0,0,10244
20160301,1,100,10,20,20,-51,-55,0,0,10242
20160301,2,160,20,10,30,-48,-52,0,0,10238
20160301,3,160,20,20,30,-50,-55,0,0,10233
20160301,4,160,20,20,30,-45,-52,0,0,10224
20160301,5,160,20,30,40,-28,-43,0,0,10217
20160301,6,160,30,30,40,-21,-41,0,0,10211
20160301,7,160,30,30,50,-15,-36,0,3,10202
20160301,8,160,30,40,60,-2,-31,0,16,10195
20160301,9,170,40,40,70,8,-28,0,29,10182
20160301,10,180,50,50,80,19,-22,0,50,10168
20160301,11,180,60,60,90,26,-12,0,57,10153
20160301,12,180,60,60,120,31,1,0,55,10138
20160301,13,180,60,70,120,30,11,0,28,10120
20160301,14,180,70,70,130,32,17,0,17,10105
20160301,15,180,80,80,130,34,23,0,9,10093
20160301,16,190,70,60,110,39,30,0,6,10083
20160301,17,200,60,60,100,45,38,0,3,10071
20160301,18,200,60,70,120,53,46,0,0,10066
20160301,19,210,70,60,130,60,53,0,0,10060
20160301,20,210,60,60,100,66,59,0,0,10052
20160301,21,200,60,60,100,71,64,0,0,10045
20160301,22,210,60,60,90,74,67,0,0,10039
20160301,23,210,50,40,90,76,71,0,0,10030
20160301,24,220,50,50,90,86,79,0,0,10016
20160302,1,240,60,50,120,87,77,0,0,10008
20160302,2,230,60,70,140,84,61,0,0,9999
20160302,3,230,60,70,140,79,52,0,0,9989
20160302,4,230,60,50,110,74,56,0,0,9985
20160302,5,230,50,50,90,71,56,0,0,9979
20160302,6,230,50,70,110,72,52,0,0,9968
20160302,7,270,70,50,160,42,28,0,0,9971
20160302,8,270,40,50,80,45,25,0,8,9976
20160302,9,260,40,50,90,50,25,0,21,9979
20160302,10,260,50,60,100,62,8,5,93,9976
20160302,11,250,60,60,110,52,12,5,106,9975
20160302,12,240,50,90,200,35,16,6,94,9973
20160302,13,240,50,80,120,76,14,8,127,9957
20160302,14,220,60,70,130,75,25,7,103,9949
20160302,15,200,70,70,120,61,25,3,56,9940
20160302,16,210,60,70,110,53,20,2,41,9936
20160302,17,190,50,40,100,42,25,0,3,9928
20160302,18,210,50,60,90,31,17,0,0,9933
20160302,19,210,40,30,90,29,18,0,0,9933
20160302,20,210,30,20,60,32,23,0,0,9934
20160302,21,230,30,40,60,35,24,0,0,9935
20160302,22,260,40,40,80,27,15,0,0,9939
20160302,23,250,40,40,70,27,16,0,0,9945
20160302,24,260,30,30,80,27,16,0,0,9949
20160303,1,240,40,30,70,27,16,0,0,9950
20160303,2,230,20,30,40,28,14,0,0,9955
20160303,3,210,20,30,40,22,10,0,0,9956
20160303,4,210,30,30,50,28,15,0,0,9964
20160303,5,210,30,30,40,25,15,0,0,9969
20160303,6,200,20,20,40,27,18,0,0,9977
20160303,7,210,10,10,20,24,19,0,5,9985
20160303,8,300,10,10,20,34,25,5,29,9994
20160303,9,310,20,30,40,46,25,7,76,10004
20160303,10,320,30,40,50,56,21,8,114,10010
20160303,11,340,40,40,110,67,24,8,128,10019
20160303,12,340,50,50,80,69,15,10,182,10024
20160303,13,330,30,30,90,74,25,7,154,10027
20160303,14,330,30,40,70,72,-12,8,140,10032
20160303,15,310,40,40,70,80,-9,8,98,10037
20160303,16,300,40,30,60,64,-15,5,49,10042
20160303,17,290,30,30,60,65,-12,8,30,10047
20160303,18,260,20,20,40,46,-6,0,1,10052
20160303,19,230,20,20,30,28,-7,0,0,10053
20160303,20,210,20,20,30,5,-9,0,0,10052
20160303,21,200,20,20,30,8,-14,0,0,10048
20160303,22,170,20,20,30,-3,-16,0,0,10043
20160303,23,200,30,30,50,23,-5,0,0,10039
20160303,24,160,30,30,40,11,-11,0,0,10031
20160304,1,160,30,40,60,12,-13,0,0,10024
20160304,2,150,40,40,60,17,-9,0,0,10014
20160304,3,150,40,50,70,21,-2,0,0,10000
20160304,4,140,50,50,80,21,1,0,0,9987
20160304,5,140,50,50,90,25,3,0,0,9973
20160304,6,150,60,70,100,30,4,0,0,9963
20160304,7,140,80,70,130,22,9,0,1,9949
20160304,8,130,80,80,120,21,11,0,5,9936
20160304,9,140,70,60,110,17,7,0,6,9934
20160304,10,140,60,60,120,11,4,0,11,9927
20160304,11,140,60,60,100,17,9,0,22,9920
20160304,12,140,50,40,90,13,6,0,17,9918
20160304,13,140,40,30,80,4,1,0,16,9915
20160304,14,140,30,40,60,5,1,0,27,9913
20160304,15,130,30,20,40,12,8,0,27,9914
20160304,16,140,20,20,30,21,17,0,19,9915
20160304,17,150,20,20,30,30,24,5,17,9923
20160304,18,170,10,20,20,30,26,0,1,9930
20160304,19,200,10,10,10,10,8,0,0,9933
20160304,20,240,10,10,20,-9,-10,0,0,9938
20160304,21,210,10,10,20,-18,-20,0,0,9941
20160304,22,160,10,10,20,-21,-23,0,0,9943
20160304,23,200,10,10,10,-22,-24,0,0,9946
20160304,24,140,10,10,10,-25,-28,0,0,9947
20160305,1,150,10,10,20,-31,-31,0,0,9950
20160305,2,110,10,10,10,-35,-37,0,0,9944
20160305,3,180,10,10,10,-37,-39,0,0,9946
20160305,4,140,10,10,30,-32,-34,0,0,9945
20160305,5,150,10,10,20,-38,-39,0,0,9954
20160305,6,0,10,0,10,-42,-42,0,0,9953
20160305,7,140,10,10,20,-43,-50,0,2,9955
20160305,8,130,10,10,30,-34,-38,0,12,9959
20160305,9,0,10,0,10,-18,-21,0,31,9959
20160305,10,0,0,0,10,-3,-6,0,50,9960
20160305,11,140,0,10,10,37,5,6,134,9963
20160305,12,180,20,20,30,63,8,10,187,9963
20160305,13,210,20,20,30,54,-9,0,87,9963
20160305,14,140,20,20,30,55,6,0,75,9965
20160305,15,150,20,30,40,58,-8,3,74,9965
20160305,16,150,30,30,50,58,-3,10,77,9968
20160305,17,150,30,30,40,54,9,8,38,9970
20160305,18,180,20,20,40,41,7,0,3,9974
20160305,19,150,20,20,30,13,-3,0,0,9977
20160305,20,140,20,10,20,-4,-8,0,0,9980
20160305,21,990,20,10,30,-5,-7,0,0,9982
20160305,22,170,20,20,30,-13,-20,0,0,9982
20160305,23,150,20,30,40,4,-5,0,0,9984
20160305,24,180,30,40,70,28,8,0,0,9985
20160306,1,140,20,20,70,20,12,0,0,9984
20160306,2,130,10,10,20,15,9,0,0,9982
20160306,3,190,20,20,30,22,9,0,0,9982
20160306,4,180,20,10,20,23,9,0,0,9984
20160306,5,130,20,20,40,19,14,0,0,9984
20160306,6,140,10,10,20,16,9,0,0,9988
20160306,7,120,10,10,20,16,11,0,2,9990
20160306,8,350,10,10,20,20,14,0,17,9994
20160306,9,0,10,0,10,29,15,0,41,9998
20160306,10,100,10,10,20,44,24,3,87,10001
20160306,11,0,10,0,10,58,24,2,93,10002
20160306,12,990,10,10,20,67,14,3,108,10001
20160306,13,340,10,30,60,58,12,0,69,10001
20160306,14,100,30,10,60,59,17,2,89,10002
20160306,15,310,20,30,80,54,14,8,107,10003
20160306,16,350,50,30,110,29,14,0,11,10008
20160306,17,260,10,10,50,34,18,7,25,10009
20160306,18,250,10,10,20,15,11,0,1,10013
20160306,19,230,20,20,30,11,8,0,0,10015
20160306,20,270,20,10,50,19,11,0,0,10020
20160306,21,250,20,30,60,23,12,0,0,10022
20160306,22,230,20,20,60,22,11,0,0,10019
20160306,23,220,20,30,40,26,9,0,0,10017
20160306,24,230,30,30,70,29,6,0,0,10020
20160307,1,250,30,30,60,24,6,0,0,10020
20160307,2,250,20,20,40,18,8,0,0,10019
20160307,3,280,30,30,60,10,1,0,0,10021
20160307,4,60,10,10,60,3,0,0,0,10022
20160307,5,210,10,10,10,1,-2,0,0,10025
20160307,6,280,10,20,30,4,1,0,0,10028
20160307,7,990,10,10,20,5,2,0,2,10036
20160307,8,290,10,20,30,10,5,0,24,10039
20160307,9,200,10,10,20,29,15,3,61,10039
20160307,10,250,10,20,30,43,16,10,139,10042
20160307,11,290,20,20,30,56,11,10,192,10045
20160307,12,290,20,20,30,49,4,5,112,10049
20160307,13,210,10,10,20,53,-3,2,50,10050
20160307,14,310,10,10,40,67,-2,5,117,10051
20160307,15,270,10,10,20,66,-8,4,63,10054
20160307,16,90,20,30,40,55,9,2,49,10061
20160307,17,120,20,20,30,48,9,5,18,10069
20160307,18,180,10,10,30,41,9,0,4,10078
20160307,19,180,10,10,10,16,2,0,0,10085
20160307,20,0,10,0,10,2,-4,0,0,10091
20160307,21,310,10,10,20,-3,-7,0,0,10096
20160307,22,340,10,10,20,-7,-11,0,0,10102
20160307,23,30,10,20,30,15,11,0,0,10107
20160307,24,0,10,0,10,5,0,0,0,10112
20160308,1,0,10,0,10,-8,-12,0,0,10117
20160308,2,270,10,20,20,-13,-16,0,0,10118
20160308,3,240,10,10,30,-16,-18,0,0,10120
20160308,4,0,10,0,10,-11,-13,0,0,10123
20160308,5,310,10,10,70,3,0,0,0,10129
20160308,6,190,20,20,20,-3,-5,0,0,10133
20160308,7,230,20,20,30,11,4,0,6,10138
20160308,8,230,30,30,50,38,16,7,54,10143
20160308,9,240,30,40,70,52,20,10,116,10144
20160308,10,230,40,40,70,62,19,10,144,10148
20160308,11,230,40,40,80,62,10,4,116,10149
20160308,12,200,40,50,70,80,22,9,198,10148
20160308,13,240,40,30,70,71,15,1,64,10147
20160308,14,990,30,10,60,62,13,3,94,10148
20160308,15,240,30,40,60,69,8,1,49,10147
20160308,16,240,30,40,60,62,17,0,27,10144
20160308,17,250,30,20,50,58,18,7,20,10149
20160308,18,220,30,30,50,56,16,0,1,10153
20160308,19,190,30,30,50,50,17,0,0,10148
20160308,20,170,30,30,60,45,20,0,0,10141
20160308,21,170,30,30,60,39,16,0,0,10134
20160308,22,170,30,30,70,34,14,0,0,10127
20160308,23,170,40,40,60,32,12,0,0,10118
20160308,24,160,40,40,60,28,10,0,0,10109
20160309,1,160,40,40,70,32,10,0,0,10102
20160309,2,160,50,50,80,34,6,0,0,10090
20160309,3,160,50,50,80,34,3,0,0,10079
20160309,4,150,50,50,90,34,1,0,0,10070
20160309,5,150,60,60,100,31,-2,0,0,10062
20160309,6,150,60,60,100,30,-4,0,0,10054
20160309,7,140,60,60,100,26,-5,0,7,10047
20160309,8,140,70,60,130,32,-9,0,22,10043
20160309,9,140,70,70,120,37,-9,0,44,10039
20160309,10,140,70,70,140,45,-9,0,64,10038
20160309,11,130,80,70,130,51,-5,0,93,10037
20160309,12,130,80,80,130,63,-6,6,138,10036
20160309,13,130,90,80,140,68,-10,5,142,10036
20160309,14,130,90,80,130,74,-4,8,135,10037
20160309,15,130,80,80,130,79,-7,10,114,10039
20160309,16,130,70,70,130,74,-6,7,70,10043
20160309,17,120,70,60,100,73,-13,8,26,10050
20160309,18,110,60,50,100,64,-17,0,3,10062
20160309,19,90,40,40,60,48,-14,0,0,10072
20160309,20,90,40,30,50,41,-11,0,0,10082
20160309,21,90,30,30,50,31,-17,0,0,10091
20160309,22,90,30,30,40,24,-20,0,0,10096
20160309,23,100,30,30,50,20,-25,0,0,10104
20160309,24,100,30,30,40,15,-26,0,0,10112
20160310,1,100,20,30,40,10,-29,0,0,10121
20160310,2,90,30,20,40,6,-32,0,0,10129
20160310,3,90,30,30,40,3,-35,0,0,10137
20160310,4,70,20,20,40,2,-35,0,0,10144
20160310,5,50,20,10,40,0,-33,0,0,10152
20160310,6,40,20,20,30,-5,-32,0,0,10162
20160310,7,60,20,30,40,2,-28,0,7,10171
20160310,8,80,30,30,60,29,-16,7,51,10180
20160310,9,90,40,50,70,46,-11,10,110,10189
20160310,10,80,40,40,70,57,-10,10,162,10194
20160310,11,70,40,40,70,69,-2,10,174,10198
20160310,12,60,40,40,70,78,0,9,174,10200
20160310,13,70,40,50,70,84,0,10,169,10205
20160310,14,40,40,40,60,88,1,10,145,10207
20160310,15,90,40,40,70,89,6,10,116,10209
20160310,16,60,40,40,60,82,12,5,69,10215
20160310,17,70,30,30,60,75,13,7,27,10221
20160310,18,50,30,30,50,61,6,0,5,10231
20160310,19,70,30,40,50,53,6,0,0,10242
20160310,20,50,20,30,40,43,4,0,0,10249
20160310,21,50,20,30,40,37,4,0,0,10253
20160310,22,60,30,30,50,32,2,0,0,10255
20160310,23,40,30,30,40,31,3,0,0,10258
20160310,24,70,30,20,40,23,3,0,0,10261
20160311,1,50,20,20,40,28,9,0,0,10265
20160311,2,40,20,10,30,17,6,0,0,10267
20160311,3,40,20,30,40,13,4,0,0,10268
20160311,4,50,30,30,50,10,3,0,0,10269
20160311,5,50,30,30,40,5,-1,0,0,10270
20160311,6,50,20,20,30,4,-2,0,0,10277
20160311,7,60,20,20,30,6,0,0,9,10283
20160311,8,50,30,30,50,20,11,7,53,10285
20160311,9,50,30,40,50,21,13,8,97,10288
20160311,10,30,30,20,50,46,24,10,146,10294
20160311,11,40,30,30,50,55,28,10,182,10295
20160311,12,20,40,40,60,60,28,10,189,10295
20160311,13,40,40,40,60,73,31,10,195,10291
20160311,14,50,40,40,60,80,31,10,176,10287
20160311,15,60,40,40,60,82,32,10,137,10285
20160311,16,40,40,40,60,76,27,10,82,10287
20160311,17,40,40,30,60,64,26,10,31,10288
20160311,18,40,30,30,50,43,19,0,3,10293
20160311,19,60,30,30,40,29,11,0,0,10301
20160311,20,50,20,20,30,17,8,0,0,10305
20160311,21,80,20,30,40,16,4,0,0,10306
20160311,22,40,20,10,50,12,1,0,0,10311
20160311,23,60,10,20,20,-8,-11,0,0,10308
20160311,24,40,20,20,30,-6,-11,0,0,10307
20160312,1,40,20,20,30,-7,-14,0,0,10307
20160312,2,50,20,10,30,-14,-19,0,0,10305
20160312,3,40,10,10,20,-15,-22,0,0,10306
20160312,4,40,20,10,30,-23,-30,0,0,10304
20160312,5,990,20,10,30,-22,-28,0,0,10306
20160312,6,40,20,20,40,-15,-24,0,0,10308
20160312,7,30,20,20,30,-8,-17,5,15,10310
20160312,8,80,20,20,30,8,-7,10,72,10312
20160312,9,80,20,20,30,29,3,10,110,10316
20160312,10,100,20,30,40,53,8,10,151,10316
20160312,11,120,30,20,60,67,11,10,189,10314
20160312,12,170,20,30,50,82,10,10,205,10311
20160312,13,160,30,20,50,89,16,10,202,10309
20160312,14,110,30,30,50,97,13,10,178,10305
20160312,15,80,30,30,60,97,12,10,141,10306
20160312,16,80,30,40,60,90,9,10,87,10307
20160312,17,90,30,30,50,76,8,8,33,10310
20160312,18,80,30,30,60,55,0,0,3,10316
20160312,19,80,40,30,60,46,1,0,0,10323
20160312,20,70,30,20,40,34,-5,0,0,10329
20160312,21,60,20,20,30,10,-9,0,0,10331
20160312,22,70,20,20,30,-4,-15,0,0,10333
20160312,23,80,30,30,50,8,-17,0,0,10336
20160312,24,50,30,20,40,8,-16,0,0,10338
20160313,1,40,20,20,30,2,-22,0,0,10338
20160313,2,70,30,30,60,-2,-28,0,0,10340
20160313,3,60,30,30,50,-6,-31,0,0,10342
20160313,4,50,30,30,50,-8,-33,0,0,10348
20160313,5,30,30,30,40,-10,-33,0,0,10355
20160313,6,60,30,30,50,-4,-27,0,0,10360
20160313,7,70,40,40,60,9,-23,0,11,10359
20160313,8,80,50,50,80,29,-13,10,65,10361
20160313,9,80,60,70,100,41,-7,10,121,10361
20160313,10,70,50,40,100,57,1,10,167,10362
20160313,11,60,40,40,70,69,7,10,199,10362
20160313,12,40,40,50,70,79,1,10,212,10358
20160313,13,70,50,60,90,87,9,10,210,10354
20160313,14,60,50,50,90,95,13,10,188,10349
20160313,15,60,50,40,80,94,14,10,150,10344
20160313,16,70,50,50,80,86,11,10,95,10345
20160313,17,60,50,50,70,77,13,8,38,10347
20160313,18,60,40,40,70,58,7,2,3,10353
20160313,19,60,40,40,70,47,-1,0,0,10355
20160313,20,50,30,20,50,38,-4,0,0,10357
20160313,21,40,20,30,40,32,-5,0,0,10359
20160313,22,50,30,40,60,27,-2,0,0,10358
20160313,23,40,30,40,50,20,-4,0,0,10359
20160313,24,60,30,30,50,8,-9,0,0,10360
20160314,1,70,40,30,70,4,-18,0,0,10359
20160314,2,70,40,40,70,4,-19,0,0,10357
20160314,3,40,40,30,70,-3,-29,0,0,10356
20160314,4,50,30,30,40,-11,-32,0,0,10353
20160314,5,40,30,30,50,-12,-31,0,0,10356
20160314,6,60,30,30,50,-19,-34,0,0,10360
20160314,7,60,20,20,40,-8,-29,2,14,10363
20160314,8,80,40,50,80,9,-23,9,63,10359
20160314,9,70,50,60,70,25,-20,9,120,10359
20160314,10,80,50,50,80,46,-21,10,175,10355
20160314,11,70,60,60,90,63,-25,10,203,10348
20160314,12,70,60,60,90,78,-35,10,221,10341
20160314,13,80,70,70,110,95,-29,10,207,10335
20160314,14,60,60,60,110,100,-21,10,194,10332
20160314,15,30,60,60,110,97,-3,10,146,10325
20160314,16,50,50,50,90,93,2,10,93,10321
20160314,17,40,50,60,90,88,-6,10,36,10317
20160314,18,50,40,40,90,76,-10,2,4,10319
20160314,19,40,40,40,70,64,-5,0,0,10317
20160314,20,40,30,30,60,57,-2,0,0,10315
20160314,21,30,30,30,50,50,3,0,0,10313
20160314,22,30,30,20,40,40,2,0,0,10311
20160314,23,40,20,10,40,26,-4,0,0,10309
20160314,24,10,10,20,30,26,-4,0,0,10307
20160315,1,360,20,20,30,14,-4,0,0,10305
20160315,2,20,20,20,30,-4,-10,0,0,10301
20160315,3,40,20,20,40,15,2,0,0,10299
20160315,4,360,20,10,30,2,-6,0,0,10295
20160315,5,30,10,20,30,0,-7,0,0,10295
20160315,6,40,20,30,40,14,8,0,0,10298
20160315,7,30,20,10,30,21,18,0,14,10295
20160315,8,40,20,30,40,37,28,0,36,10297
20160315,9,50,20,20,40,43,37,0,31,10295
20160315,10,30,30,30,60,49,41,0,30,10294
20160315,11,20,40,40,70,53,40,0,37,10291
20160315,12,30,40,40,70,57,42,0,46,10289
20160315,13,40,50,50,80,64,46,0,49,10283
20160315,14,40,40,40,80,72,52,0,45,10281
20160315,15,40,50,40,70,78,53,0,47,10277
20160315,16,30,40,30,70,81,53,5,57,10272
20160315,17,40,40,40,70,80,51,10,31,10275
20160315,18,50,30,30,60,77,49,2,4,10278
20160315,19,30,20,20,40,74,49,0,0,10282
20160315,20,30,20,20,40,74,51,0,0,10283
20160315,21,30,20,20,30,65,47,0,0,10284
20160315,22,40,30,30,50,58,46,0,0,10287
20160315,23,40,30,30,50,50,41,0,0,10288
20160315,24,40,30,40,60,40,29,0,0,10286
20160316,1,50,40,40,60,32,20,0,0,10288
20160316,2,60,40,30,50,24,9,0,0,10289
20160316,3,50,40,30,60,17,3,0,0,10291
20160316,4,50,30,30,40,12,-3,0,0,10295
20160316,5,30,30,30,40,7,-8,0,0,10297
20160316,6,60,30,30,50,0,-12,0,0,10300
20160316,7,60,40,40,70,14,-6,0,10,10307
20160316,8,70,50,50,80,30,1,8,57,10309
20160316,9,70,50,60,90,50,2,10,114,10311
20160316,10,60,70,70,120,64,-1,10,181,10308
20160316,11,90,80,90,150,67,-13,10,198,10308
20160316,12,80,80,80,150,70,-5,10,207,10307
20160316,13,80,80,80,120,85,-5,8,169,10301
20160316,14,90,80,80,130,84,-11,9,157,10299
20160316,15,100,80,90,120,80,-15,10,164,10298
20160316,16,70,70,80,110,78,-12,8,96,10297
20160316,17,90,70,70,120,75,-12,10,41,10298
20160316,18,90,60,40,120,61,-13,2,5,10303
20160316,19,70,30,30,70,49,-15,0,0,10309
20160316,20,60,30,30,50,42,-19,0,0,10309
20160316,21,40,30,30,40,40,-18,0,0,10312
20160316,22,50,30,30,40,34,-20,0,0,10313
20160316,23,50,40,40,60,24,-20,0,0,10313
20160316,24,50,30,30,50,21,-21,0,0,10312
20160317,1,60,30,30,40,15,-24,0,0,10311
20160317,2,40,30,30,50,13,-22,0,0,10309
20160317,3,50,40,30,60,10,-22,0,0,10309
20160317,4,40,20,20,40,4,-22,0,0,10309
20160317,5,40,30,30,40,3,-22,0,0,10309
20160317,6,40,30,30,50,2,-21,0,0,10308
20160317,7,40,20,20,40,10,-19,2,17,10310
20160317,8,50,20,20,40,39,-4,10,71,10312
20160317,9,40,20,30,40,69,2,10,127,10310
20160317,10,50,30,30,50,86,1,10,174,10306
20160317,11,20,40,40,70,100,-6,10,206,10299
20160317,12,40,40,40,80,107,-6,10,219,10293
20160317,13,40,40,40,70,115,-2,10,216,10285
20160317,14,30,40,40,70,117,-2,10,193,10279
20160317,15,20,30,40,60,119,-8,10,154,10274
20160317,16,10,50,50,80,106,1,10,100,10271
20160317,17,10,50,50,80,93,9,10,44,10269
20160317,18,350,40,30,60,75,23,0,4,10270
20160317,19,350,30,40,50,62,21,0,0,10271
20160317,20,360,30,30,50,53,24,0,0,10271
20160317,21,350,30,30,40,43,30,0,0,10269
20160317,22,360,30,30,40,42,32,0,0,10268
20160317,23,10,40,40,70,41,27,0,0,10267
20160317,24,350,40,40,50,35,20,0,0,10264
20160318,1,340,30,20,50,32,18,0,0,10261
20160318,2,360,30,30,60,27,12,0,0,10257
20160318,3,340,30,30,60,24,9,0,0,10250
20160318,4,320,20,20,50,29,20,0,0,10246
20160318,5,300,20,10,50,34,28,0,0,10241
20160318,6,320,10,20,30,38,33,0,0,10240
20160318,7,320,30,20,50,42,33,0,5,10241
20160318,8,340,20,30,50,47,34,0,13,10240
20160318,9,350,30,30,60,53,38,0,20,10240
20160318,10,360,30,30,60,56,40,0,34,10241
20160318,11,340,30,30,50,58,43,0,46,10240
20160318,12,330,30,30,60,63,43,0,59,10236
20160318,13,340,30,40,60,62,42,0,47,10235
20160318,14,360,30,30,60,62,44,0,30,10231
20160318,15,340,30,20,60,68,39,0,32,10228
20160318,16,330,20,20,50,64,50,0,23,10226
20160318,17,350,30,30,60,62,40,0,10,10229
20160318,18,350,30,30,70,63,31,0,2,10230
20160318,19,340,30,30,70,62,31,0,0,10231
20160318,20,330,30,20,60,55,35,0,0,10230
20160318,21,320,20,20,50,60,27,0,0,10231
20160318,22,340,20,30,60,62,20,0,0,10231
20160318,23,340,20,20,50,61,28,0,0,10231
20160318,24,350,30,40,60,61,26,0,0,10231
20160319,1,10,50,50,90,59,25,0,0,10231
20160319,2,350,40,50,80,58,24,0,0,10228
20160319,3,350,40,30,80,58,22,0,0,10225
20160319,4,10,40,50,90,55,17,0,0,10225
20160319,5,10,40,50,70,54,18,0,0,10225
20160319,6,20,40,50,90,53,20,0,0,10229
20160319,7,20,40,30,80,51,18,0,5,10233
20160319,8,10,40,50,80,52,12,0,19,10239
20160319,9,20,40,30,70,56,18,0,38,10239
20160319,10,360,40,40,70,62,19,0,62,10242
20160319,11,360,50,40,80,66,14,0,74,10241
20160319,12,10,50,50,90,69,15,0,85,10240
20160319,13,360,40,50,80,71,12,0,104,10237
20160319,14,350,40,40,70,72,18,0,84,10236
20160319,15,20,40,40,70,72,16,0,60,10234
20160319,16,10,50,50,80,68,13,0,34,10235
20160319,17,350,40,40,90,67,18,0,15,10234
20160319,18,360,40,40,70,64,15,0,3,10235
20160319,19,340,40,40,70,64,16,0,0,10238
20160319,20,360,30,30,80,64,20,0,0,10238
20160319,21,10,30,40,70,64,16,0,0,10238
20160319,22,10,30,30,80,64,20,0,0,10238
20160319,23,360,30,40,70,63,21,0,0,10236
20160319,24,350,30,30,60,61,23,0,0,10235
20160320,1,340,20,20,40,59,24,0,0,10231
20160320,2,330,20,30,50,58,22,0,0,10226
20160320,3,320,20,20,40,53,25,0,0,10221
20160320,4,310,20,20,30,48,35,0,0,10220
20160320,5,330,20,20,50,47,39,0,0,10220
20160320,6,290,20,10,50,43,35,0,1,10220
20160320,7,320,20,30,60,51,40,0,14,10222
20160320,8,340,20,20,40,58,42,4,51,10223
20160320,9,310,30,20,50,76,43,7,102,10221
20160320,10,350,30,40,70,77,28,2,104,10224
20160320,11,310,40,30,60,86,17,4,137,10219
20160320,12,330,30,30,70,79,38,0,65,10216
20160320,13,310,30,40,60,72,52,0,34,10213
20160320,14,320,30,40,60,87,59,3,71,10207
20160320,15,330,40,40,80,95,54,2,79,10202
20160320,16,330,40,40,80,94,52,1,53,10200
20160320,17,310,40,30,70,83,55,0,19,10202
20160320,18,310,30,30,50,74,64,0,1,10204
20160320,19,320,30,30,60,72,65,0,0,10206
20160320,20,340,30,30,50,71,64,0,0,10209
20160320,21,330,20,30,60,69,56,0,0,10206
20160320,22,320,20,20,60,65,54,0,0,10207
20160320,23,320,20,20,40,62,51,0,0,10208
20160320,24,290,20,20,50,64,52,0,0,10207
20160321,1,290,20,20,30,66,56,0,0,10204
20160321,2,300,20,20,40,65,57,0,0,10203
20160321,3,300,20,20,30,63,58,0,0,10200
20160321,4,320,20,20,40,63,55,0,0,10200
20160321,5,330,20,30,40,64,54,0,0,10202
20160321,6,320,20,20,50,64,52,0,1,10204
20160321,7,310,20,20,30,67,48,0,11,10208
20160321,8,320,20,20,40,75,42,0,25,10209
20160321,9,300,20,20,50,77,40,0,33,10212
20160321,10,290,20,30,50,80,51,0,46,10213
20160321,11,270,30,20,40,84,52,0,46,10210
20160321,12,280,30,30,70,89,48,0,65,10205
20160321,13,270,30,30,70,92,46,0,53,10198
20160321,14,270,50,50,90,89,51,0,50,10194
20160321,15,280,40,40,80,87,51,0,56,10188
20160321,16,280,40,50,90,83,41,0,40,10186
20160321,17,300,50,40,100,74,43,0,9,10185
20160321,18,290,40,30,70,67,35,0,3,10186
20160321,19,300,30,30,60,65,39,0,0,10186
20160321,20,300,30,30,60,64,42,0,0,10186
20160321,21,300,20,20,40,60,43,0,0,10185
20160321,22,280,20,20,40,61,45,0,0,10183
20160321,23,280,20,30,50,61,48,0,0,10181
20160321,24,290,30,30,50,61,49,0,0,10179
20160322,1,300,30,30,50,60,47,0,0,10173
20160322,2,270,20,20,50,57,43,0,0,10166
20160322,3,280,20,20,40,53,41,0,0,10164
20160322,4,290,20,20,50,52,37,0,0,10163
20160322,5,270,20,20,40,46,31,0,0,10159
20160322,6,270,20,20,40,55,36,0,1,10157
20160322,7,280,20,20,40,68,45,3,24,10157
20160322,8,310,30,30,50,81,56,0,53,10155
20160322,9,310,30,30,60,88,60,0,63,10156
20160322,10,320,30,20,50,94,61,0,79,10157
20160322,11,350,30,30,40,93,58,1,41,10156
20160322,12,320,30,40,60,98,61,0,64,10155
20160322,13,320,30,30,50,98,65,0,57,10151
20160322,14,310,40,50,70,95,61,0,51,10147
20160322,15,310,40,40,60,95,61,0,59,10147
20160322,16,310,40,30,60,96,61,1,52,10144
20160322,17,350,40,40,70,93,51,2,29,10144
20160322,18,340,30,30,60,87,47,2,6,10147
20160322,19,330,20,20,40,80,48,0,0,10147
20160322,20,310,20,20,40,67,47,0,0,10147
20160322,21,310,20,20,30,69,50,0,0,10147
20160322,22,330,20,20,40,70,57,0,0,10146
20160322,23,350,30,40,60,70,53,0,0,10144
20160322,24,350,30,30,80,67,55,0,0,10139
20160323,1,330,20,10,50,63,55,0,0,10139
20160323,2,330,10,10,30,64,56,0,0,10136
20160323,3,340,30,30,60,67,51,0,0,10134
20160323,4,340,20,20,50,67,50,0,0,10134
20160323,5,320,20,20,40,67,53,0,0,10134
20160323,6,330,30,30,70,66,55,0,1,10136
20160323,7,340,30,40,60,68,51,0,11,10139
20160323,8,350,30,40,60,66,51,0,42,10139
20160323,9,340,30,30,50,69,59,1,42,10138
20160323,10,360,40,50,80,81,51,2,85,10141
20160323,11,350,50,40,80,90,44,2,122,10141
20160323,12,340,50,40,90,91,44,3,130,10141
20160323,13,350,40,30,80,93,50,2,80,10140
20160323,14,360,40,40,80,98,46,4,115,10134
20160323,15,340,40,30,80,91,44,1,49,10136
20160323,16,340,30,30,60,93,55,8,83,10135
20160323,17,330,30,30,50,86,56,5,38,10138
20160323,18,320,20,20,40,81,59,0,2,10140
20160323,19,330,20,20,40,79,60,0,0,10144
20160323,20,320,20,20,40,75,56,0,0,10144
20160323,21,330,10,20,30,71,55,0,0,10147
20160323,22,320,10,10,30,70,56,0,0,10149
20160323,23,300,10,10,20,68,56,0,0,10148
20160323,24,0,0,0,10,66,59,0,0,10146
20160324,1,280,10,20,30,71,64,0,0,10145
20160324,2,280,20,20,30,70,60,0,0,10142
20160324,3,270,20,20,30,70,59,0,0,10139
20160324,4,270,20,20,40,70,58,0,0,10137
20160324,5,260,20,20,40,69,58,0,0,10138
20160324,6,260,20,20,40,66,54,0,0,10139
20160324,7,240,10,10,30,68,57,0,5,10140
20160324,8,220,20,20,40,74,55,0,21,10142
20160324,9,210,30,30,50,76,55,0,27,10142
20160324,10,220,30,30,50,83,52,0,46,10143
20160324,11,230,30,40,60,84,39,0,38,10142
20160324,12,210,40,50,70,93,38,0,81,10138
20160324,13,230,40,40,80,95,44,0,61,10134
20160324,14,230,50,50,90,95,57,0,80,10132
20160324,15,230,50,50,90,97,47,0,49,10130
20160324,16,240,50,40,80,95,36,0,25,10129
20160324,17,230,40,30,70,90,33,0,23,10128
20160324,18,240,40,30,70,83,32,0,3,10130
20160324,19,240,30,30,70,81,42,0,0,10131
20160324,20,230,30,30,50,78,52,0,0,10128
20160324,21,210,30,40,60,75,56,0,0,10124
20160324,22,210,40,40,80,74,59,0,0,10118
20160324,23,220,60,60,110,73,62,0,0,10113
20160324,24,230,60,60,100,74,61,0,0,10111
20160325,1,230,60,50,100,72,63,0,0,10107
20160325,2,220,50,50,90,70,64,0,0,10102
20160325,3,220,50,60,110,69,62,0,0,10097
20160325,4,220,50,60,90,69,62,0,0,10093
20160325,5,220,60,50,120,69,60,0,0,10090
20160325,6,220,50,50,100,70,60,0,0,10086
20160325,7,220,50,50,90,71,62,0,4,10088
20160325,8,230,50,40,80,73,65,0,9,10089
20160325,9,230,50,50,80,77,69,0,19,10090
20160325,10,270,40,30,80,79,74,0,18,10096
20160325,11,300,40,40,80,85,63,1,73,10102
20160325,12,300,40,50,90,90,58,1,96,10110
20160325,13,300,50,40,100,82,57,0,57,10118
20160325,14,310,50,50,90,74,66,0,33,10126
20160325,15,330,50,50,100,79,66,1,46,10133
20160325,16,350,40,30,90,88,61,1,47,10140
20160325,17,340,40,40,80,91,44,10,57,10149
20160325,18,310,20,20,80,77,42,3,9,10159
20160325,19,300,20,20,40,65,45,0,0,10168
20160325,20,280,20,10,30,46,37,0,0,10176
20160325,21,280,20,20,30,48,43,0,0,10183
20160325,22,0,10,0,20,17,16,0,0,10183
20160325,23,180,10,10,30,4,3,0,0,10184
20160325,24,120,10,10,20,6,6,0,0,10184
20160326,1,170,20,20,30,25,25,0,0,10186
20160326,2,130,20,30,50,29,29,0,0,10178
20160326,3,160,30,40,60,37,37,0,0,10174
20160326,4,160,40,40,60,26,26,0,0,10173
20160326,5,160,40,40,80,25,25,0,0,10168
20160326,6,150,40,40,70,31,31,0,2,10165
20160326,7,150,40,40,70,39,36,0,20,10162
20160326,8,160,50,50,80,61,54,10,94,10153
20160326,9,180,60,80,120,91,41,10,156,10145
20160326,10,180,70,70,110,112,51,10,194,10142
20160326,11,170,70,60,120,130,59,10,219,10133
20160326,12,180,80,80,150,136,60,10,232,10124
20160326,13,180,90,80,150,125,67,9,208,10117
20160326,14,180,90,90,140,141,73,8,174,10102
20160326,15,180,80,80,140,147,64,10,164,10093
20160326,16,180,70,80,140,145,66,10,101,10085
20160326,17,160,70,60,140,140,70,10,50,10073
20160326,18,180,50,50,90,136,68,5,12,10072
20160326,19,180,50,60,100,131,58,0,0,10068
20160326,20,150,50,50,100,119,64,0,0,10056
20160326,21,150,60,70,110,116,67,0,0,10047
20160326,22,150,70,70,130,116,63,0,0,10039
20160326,23,150,70,70,130,109,60,0,0,10031
20160326,24,150,70,80,120,109,57,0,0,10017
20160327,1,200,50,40,120,107,64,0,0,10029
20160327,2,270,40,50,80,88,59,0,0,10033
20160327,3,220,30,20,80,76,68,0,0,10034
20160327,4,210,30,40,60,75,68,0,0,10031
20160327,5,230,50,40,80,72,63,0,0,10040
20160327,6,220,50,40,80,69,56,0,0,10046
20160327,7,210,50,50,100,70,58,0,8,10054
20160327,8,210,60,60,90,76,57,0,17,10057
20160327,9,220,60,60,100,83,58,0,51,10066
20160327,10,210,60,60,110,95,57,4,105,10069
20160327,11,220,80,80,130,96,44,2,95,10070
20160327,12,210,90,80,130,105,37,3,140,10069
20160327,13,210,70,80,140,114,44,1,90,10065
20160327,14,210,80,70,130,120,35,7,123,10062
20160327,15,200,70,60,140,125,35,10,142,10059
20160327,16,200,70,50,130,123,29,6,85,10056
20160327,17,200,60,50,120,121,24,3,29,10052
20160327,18,220,60,100,180,115,30,0,5,10060
20160327,19,180,50,20,230,67,51,0,0,10061
20160327,20,170,30,30,70,69,48,0,0,10057
20160327,21,180,40,50,80,77,46,0,0,10052
20160327,22,170,50,40,70,75,45,0,0,10044
20160327,23,170,40,50,80,77,46,0,0,10036
20160327,24,170,50,50,80,80,45,0,0,10025
20160328,1,170,50,50,90,82,47,0,0,10011
20160328,2,170,60,70,110,86,45,0,0,9998
20160328,3,160,70,70,110,89,43,0,0,9979
20160328,4,170,70,70,130,91,37,0,0,9968
20160328,5,180,80,90,140,90,38,0,0,9952
20160328,6,170,100,90,150,81,43,0,1,9936
20160328,7,170,90,90,170,89,41,0,6,9923
20160328,8,170,100,100,180,97,46,2,37,9915
20160328,9,170,100,100,170,106,51,0,27,9905
20160328,10,190,100,90,170,104,65,0,29,9908
20160328,11,200,100,120,180,113,57,4,147,9912
20160328,12,220,110,140,200,116,33,4,134,9917
20160328,13,220,110,110,200,118,40,10,228,9927
20160328,14,240,100,100,200,126,18,10,210,9934
20160328,15,240,110,110,180,124,17,10,176,9941
20160328,16,240,90,90,180,115,16,9,97,9946
20160328,17,240,80,70,160,105,20,8,56,9954
20160328,18,230,60,60,130,94,28,5,13,9959
20160328,19,220,50,40,100,89,35,0,0,9964
20160328,20,220,50,60,110,89,36,0,0,9970
20160328,21,230,60,50,100,83,37,0,0,9975
20160328,22,220,60,50,90,82,38,0,0,9976
20160328,23,220,60,50,100,80,40,0,0,9979
20160328,24,220,60,50,100,76,44,0,0,9984
20160329,1,240,60,60,110,66,44,0,0,9990
20160329,2,220,60,70,120,67,42,0,0,9992
20160329,3,230,70,70,130,62,36,0,0,10000
20160329,4,240,60,50,110,56,39,0,0,10008
20160329,5,220,40,50,90,58,47,0,0,10014
20160329,6,220,50,60,100,62,43,0,1,10020
20160329,7,220,60,70,100,63,46,0,15,10028
20160329,8,220,70,60,130,68,47,1,38,10034
20160329,9,230,60,50,130,61,49,2,41,10044
20160329,10,230,50,70,120,80,52,1,57,10045
20160329,11,240,50,60,110,84,44,1,39,10052
20160329,12,260,60,50,100,91,49,6,103,10058
20160329,13,250,60,60,130,98,32,2,71,10063
20160329,14,230,70,60,130,96,42,2,90,10067
20160329,15,240,60,70,130,103,32,4,92,10068
20160329,16,230,80,70,130,102,35,7,81,10072
20160329,17,250,60,50,120,106,32,7,58,10074
20160329,18,240,50,50,100,94,27,5,14,10077
20160329,19,230,30,20,80,81,30,0,0,10075
20160329,20,170,20,20,40,65,33,0,0,10071
20160329,21,160,30,30,40,68,34,0,0,10065
20160329,22,140,40,40,70,74,44,0,0,10051
20160329,23,170,40,50,80,80,48,0,0,10042
20160329,24,220,60,70,110,86,59,0,0,10044
20160330,1,220,60,60,120,89,60,0,0,10043
20160330,2,240,60,70,110,86,50,0,0,10048
20160330,3,250,60,60,100,79,40,0,0,10053
20160330,4,250,50,40,110,72,39,0,0,10058
20160330,5,230,40,30,80,63,36,0,0,10061
20160330,6,230,40,40,70,66,43,0,4,10065
20160330,7,230,40,50,80,76,48,5,38,10070
20160330,8,230,50,60,100,82,51,4,61,10073
20160330,9,240,60,70,120,94,44,6,104,10078
20160330,10,230,60,60,120,67,46,5,92,10086
20160330,11,250,60,60,120,103,46,9,177,10088
20160330,12,250,60,70,130,111,40,8,195,10090
20160330,13,250,70,60,130,110,21,10,231,10094
20160330,14,250,60,50,120,110,16,9,180,10098
20160330,15,270,60,60,100,109,-1,9,146,10101
20160330,16,260,50,60,110,102,18,10,108,10103
20160330,17,260,40,40,70,98,16,5,49,10106
20160330,18,300,30,30,50,89,22,0,9,10108
20160330,19,340,20,10,50,82,27,0,0,10112
20160330,20,100,10,10,10,61,37,0,0,10116
20160330,21,90,10,10,20,61,38,0,0,10118
20160330,22,140,10,10,10,51,37,0,0,10120
20160330,23,140,10,10,10,47,37,0,0,10121
20160330,24,130,10,10,10,43,36,0,0,10122
20160331,1,170,20,20,20,44,33,0,0,10122
20160331,2,210,10,10,40,52,36,0,0,10124
20160331,3,170,10,10,10,50,34,0,0,10124
20160331,4,110,10,10,20,45,35,0,0,10122
20160331,5,110,10,10,20,36,30,0,0,10126
20160331,6,100,10,10,10,34,29,0,5,10129
20160331,7,90,10,10,10,57,45,0,30,10134
20160331,8,0,0,0,10,72,52,0,40,10139
20160331,9,990,0,10,10,88,56,0,60,10143
20160331,10,30,20,20,30,101,58,1,109,10142
20160331,11,70,20,30,50,108,51,2,142,10140
20160331,12,30,30,20,50,110,33,0,100,10142
20160331,13,20,30,40,50,111,32,1,114,10139
20160331,14,20,40,50,80,115,30,1,115,10137
20160331,15,30,50,50,90,110,28,1,102,10135
20160331,16,20,50,50,80,105,29,4,73,10133
20160331,17,10,50,40,90,99,37,0,33,10140
20160331,18,10,50,50,90,92,42,5,14,10150
20160331,19,20,50,50,90,84,38,0,2,10156
20160331,20,30,40,40,70,76,25,0,0,10159
20160331,21,30,40,40,80,68,29,0,0,10162
20160331,22,20,40,40,60,61,30,0,0,10169
20160331,23,20,40,30,60,53,30,0,0,10174
20160331,24,20,30,20,50,48,28,0,0,10180
20160401,1,360,20,30,40,41,26,0,0,10187
20160401,2,50,30,50,70,42,28,0,0,10184
20160401,3,20,30,30,70,36,25,0,0,10192
20160401,4,20,20,20,40,27,21,0,0,10198
20160401,5,340,20,20,30,14,10,0,0,10206
20160401,6,20,20,20,30,23,13,3,9,10210
20160401,7,40,20,30,50,43,19,10,53,10216
20160401,8,70,20,20,40,63,28,10,114,10218
20160401,9,120,20,20,40,88,38,10,162,10220
20160401,10,150,20,20,40,97,27,10,205,10223
20160401,11,150,20,20,40,112,34,10,234,10220
20160401,12,180,30,30,50,117,19,10,259,10219
20160401,13,200,20,20,50,124,17,10,253,10214
20160401,14,190,30,30,60,128,29,10,227,10210
20160401,15,190,30,30,50,126,22,10,165,10207
20160401,16,140,30,30,50,120,16,8,106,10201
20160401,17,140,20,20,50,115,25,0,38,10200
20160401,18,140,30,20,40,103,18,3,11,10200
20160401,19,120,20,20,30,77,30,0,0,10200
20160401,20,130,20,20,30,60,33,0,0,10200
20160401,21,140,20,20,30,58,31,0,0,10200
20160401,22,100,10,10,10,43,31,0,0,10195
20160401,23,110,10,10,10,34,27,0,0,10193
20160401,24,140,10,20,20,37,27,0,0,10189
20160402,1,140,10,10,20,44,35,0,0,10187
20160402,2,140,10,10,20,58,32,0,0,10183
20160402,3,150,20,20,30,65,30,0,0,10180
20160402,4,140,10,10,20,62,44,0,0,10177
20160402,5,140,20,20,30,68,42,0,0,10176
20160402,6,160,20,20,30,75,44,0,2,10178
20160402,7,160,20,20,30,81,50,0,14,10178
20160402,8,150,20,20,30,89,56,0,39,10176
20160402,9,160,30,30,40,100,63,0,84,10177
20160402,10,180,30,30,50,109,57,0,116,10176
20160402,11,150,30,30,50,117,57,4,168,10171
20160402,12,160,30,30,70,116,51,1,98,10167
20160402,13,160,40,30,60,118,46,0,111,10164
20160402,14,130,30,20,50,124,51,3,134,10155
20160402,15,140,30,30,60,121,55,2,84,10146
20160402,16,110,40,50,70,123,56,4,73,10137
20160402,17,100,40,40,60,122,56,0,32,10133
20160402,18,80,30,30,50,116,62,0,5,10127
20160402,19,110,30,30,40,115,67,0,0,10130
20160402,20,90,30,30,40,114,65,0,0,10122
20160402,21,110,20,30,60,113,69,0,0,10122
20160402,22,100,30,30,50,115,71,0,0,10119
20160402,23,130,40,30,60,130,75,0,0,10113
20160402,24,150,40,30,60,132,79,0,0,10111
20160403,1,140,40,40,70,129,89,0,0,10102
20160403,2,150,40,30,60,132,92,0,0,10095
20160403,3,160,40,40,70,128,93,0,0,10095
20160403,4,170,30,30,60,124,97,0,0,10091
20160403,5,160,30,30,40,122,98,0,0,10093
20160403,6,160,20,30,40,124,98,0,3,10095
20160403,7,170,20,20,40,126,100,0,8,10100
20160403,8,180,20,20,40,131,104,0,21,10100
20160403,9,180,30,40,60,144,112,2,45,10099
20160403,10,210,40,50,70,152,114,1,86,10102
20160403,11,200,40,30,70,168,114,7,183,10096
20160403,12,190,40,30,60,175,106,8,210,10093
20160403,13,190,40,40,70,191,103,10,253,10088
20160403,14,220,50,40,70,192,88,9,192,10083
20160403,15,220,30,20,60,196,76,7,114,10080
20160403,16,190,20,20,50,201,79,10,128,10073
20160403,17,100,20,10,40,188,86,5,47,10071
20160403,18,100,20,20,40,167,88,2,12,10071
20160403,19,30,20,30,50,158,93,0,0,10071
20160403,20,30,30,30,60,150,103,0,0,10068
20160403,21,60,30,30,40,146,104,0,0,10062
20160403,22,990,30,10,70,136,133,0,0,10062
20160403,23,990,10,10,30,134,131,0,0,10055
20160403,24,160,10,10,30,135,129,0,0,10054
20160404,1,180,30,30,90,134,124,0,0,10049
20160404,2,990,10,10,30,129,126,0,0,10045
20160404,3,150,20,30,50,132,122,0,0,10040
20160404,4,150,30,30,50,130,123,0,0,10036
20160404,5,180,20,20,40,130,122,0,0,10037
20160404,6,170,20,20,30,127,118,0,5,10038
20160404,7,180,30,30,50,136,122,5,43,10039
20160404,8,180,30,30,50,140,119,0,48,10040
20160404,9,190,40,40,60,137,117,0,41,10045
20160404,10,220,60,100,150,118,89,0,13,10056
20160404,11,220,60,60,140,116,88,1,31,10058
20160404,12,220,50,60,100,142,91,6,186,10060
20160404,13,240,60,70,130,149,73,8,205,10059
20160404,14,210,60,60,130,148,67,10,198,10059
20160404,15,210,50,40,100,148,68,5,107,10058
20160404,16,190,40,40,60,153,66,8,105,10055
20160404,17,180,30,30,70,149,65,3,41,10055
20160404,18,160,30,20,40,133,66,5,16,10058
20160404,19,150,20,10,20,107,76,0,1,10062
20160404,20,110,10,10,50,93,73,0,0,10063
20160404,21,120,10,10,20,80,69,0,0,10062
20160404,22,130,20,10,20,83,73,0,0,10061
20160404,23,110,10,10,20,86,80,0,0,10058
20160404,24,100,10,10,10,84,75,0,0,10058
20160405,1,110,10,20,30,81,72,0,0,10055
20160405,2,110,10,10,20,90,73,0,0,10053
20160405,3,100,20,30,40,93,75,0,0,10051
20160405,4,140,30,40,50,97,73,0,0,10051
20160405,5,240,30,20,50,94,81,0,0,10054
20160405,6,190,20,20,30,95,87,0,3,10055
20160405,7,250,20,20,40,102,90,0,11,10054
20160405,8,240,30,30,60,115,86,0,25,10053
20160405,9,220,30,30,50,122,88,0,42,10054
20160405,10,220,30,40,60,124,89,0,56,10057
20160405,11,260,40,40,70,124,89,0,73,10061
20160405,12,270,40,40,70,126,73,0,90,10063
20160405,13,280,30,30,70,126,68,0,78,10064
20160405,14,250,40,50,80,133,73,0,89,10067
20160405,15,250,50,60,110,125,67,2,104,10071
20160405,16,260,50,50,110,121,66,9,111,10075
20160405,17,280,40,30,80,114,71,4,52,10077
20160405,18,260,30,30,60,105,70,5,16,10083
20160405,19,250,30,30,50,100,69,0,1,10089
20160405,20,240,30,30,50,94,69,0,0,10094
20160405,21,210,20,20,50,85,68,0,0,10095
20160405,22,230,20,20,40,88,66,0,0,10096
20160405,23,240,30,30,50,92,72,0,0,10097
20160405,24,240,30,30,60,93,69,0,0,10097
20160406,1,240,30,30,70,91,72,0,0,10096
20160406,2,230,30,30,70,84,69,0,0,10095
20160406,3,220,40,40,60,80,66,0,0,10091
20160406,4,220,40,50,70,80,68,0,0,10091
20160406,5,220,50,50,80,83,65,0,0,10092
20160406,6,210,50,50,90,85,67,0,6,10091
20160406,7,220,60,60,100,89,64,1,25,10091
20160406,8,210,60,60,110,98,65,8,91,10090
20160406,9,230,70,80,140,101,54,7,136,10089
20160406,10,210,70,70,140,113,39,2,108,10081
20160406,11,210,80,80,130,103,46,0,40,10076
20160406,12,200,70,80,140,103,61,0,53,10069
20160406,13,210,80,90,140,104,58,0,35,10065
20160406,14,200,80,70,140,100,68,0,47,10053
20160406,15,210,70,80,130,94,78,0,24,10049
20160406,16,210,70,70,110,96,84,0,19,10043
20160406,17,240,70,70,160,99,70,3,34,10039
20160406,18,260,80,60,160,91,55,0,9,10043
20160406,19,240,60,50,150,76,35,0,0,10049
20160406,20,220,40,50,80,76,33,0,0,10049
20160406,21,230,50,60,110,72,30,0,0,10051
20160406,22,220,60,50,100,73,50,0,0,10051
20160406,23,230,50,50,90,73,48,0,0,10052
20160406,24,220,40,40,80,68,27,0,0,10053
20160407,1,240,40,40,80,68,31,0,0,10053
20160407,2,240,40,40,80,64,25,0,0,10053
20160407,3,220,40,40,70,61,30,0,0,10052
20160407,4,220,50,50,80,59,32,0,0,10054
20160407,5,220,50,50,80,56,32,0,0,10057
20160407,6,220,50,40,100,61,34,3,16,10059
20160407,7,220,40,60,100,68,38,3,45,10063
20160407,8,220,70,60,120,68,31,9,93,10068
20160407,9,220,60,70,100,77,36,5,134,10072
20160407,10,230,60,50,100,69,44,1,64,10077
20160407,11,260,40,40,100,66,39,1,68,10082
20160407,12,260,50,50,110,67,45,1,66,10084
20160407,13,250,50,40,100,92,48,5,138,10086
20160407,14,220,50,50,90,86,43,7,173,10086
20160407,15,250,40,50,90,103,39,8,162,10086
20160407,16,240,50,50,90,97,16,9,126,10088
20160407,17,240,40,40,80,94,21,3,41,10090
20160407,18,250,40,40,70,90,22,2,18,10093
20160407,19,250,30,30,50,79,29,0,1,10098
20160407,20,230,30,20,60,70,33,0,0,10103
20160407,21,190,20,30,50,71,38,0,0,10105
20160407,22,210,30,30,50,59,41,0,0,10108
20160407,23,250,30,20,50,67,50,0,0,10109
20160407,24,230,30,30,60,63,49,0,0,10109
20160408,1,220,20,20,30,58,49,0,0,10109
20160408,2,230,20,20,30,51,40,0,0,10108
20160408,3,230,20,10,20,47,39,0,0,10107
20160408,4,210,20,20,20,38,35,0,0,10110
20160408,5,220,20,20,20,49,45,0,0,10114
20160408,6,200,20,20,30,58,51,0,8,10119
20160408,7,220,20,10,30,72,57,0,34,10120
20160408,8,230,20,30,40,80,58,0,58,10121
20160408,9,240,30,20,40,87,56,0,80,10122
20160408,10,230,30,30,50,94,53,2,125,10121
20160408,11,250,30,30,50,108,43,5,185,10119
20160408,12,310,30,50,90,76,41,2,83,10121
20160408,13,340,30,10,90,83,58,0,36,10118
20160408,14,320,30,30,60,77,52,0,32,10113
20160408,15,310,20,20,50,84,68,0,22,10110
20160408,16,320,20,20,40,83,55,0,24,10109
20160408,17,310,10,10,30,103,51,7,67,10107
20160408,18,310,10,10,20,97,56,8,24,10108
20160408,19,250,10,10,20,85,62,0,1,10111
20160408,20,150,10,10,20,55,49,0,0,10108
20160408,21,160,10,10,20,41,38,0,0,10106
20160408,22,160,20,20,30,32,30,0,0,10103
20160408,23,150,20,20,20,25,22,0,0,10101
20160408,24,150,20,20,20,23,20,0,0,10098
20160409,1,160,20,20,30,24,21,0,0,10095
20160409,2,150,20,20,30,31,31,0,0,10090
20160409,3,160,20,20,30,23,21,0,0,10087
20160409,4,130,20,20,20,22,21,0,0,10083
20160409,5,160,20,30,40,31,28,0,0,10081
20160409,6,150,20,30,40,38,33,7,22,10080
20160409,7,160,20,20,30,61,47,10,69,10080
20160409,8,160,30,40,50,81,54,9,120,10080
20160409,9,150,40,30,60,98,54,2,108,10079
20160409,10,170,40,40,70,116,52,8,190,10076
20160409,11,150,50,50,80,127,57,8,209,10073
20160409,12,160,50,60,90,135,42,9,226,10068
20160409,13,160,50,50,100,134,33,6,183,10064
20160409,14,150,50,50,90,140,29,6,171,10059
20160409,15,160,50,50,100,146,29,5,126,10056
20160409,16,150,50,40,80,144,21,4,92,10053
20160409,17,140,40,30,70,135,16,2,48,10055
20160409,18,140,30,30,60,130,25,7,26,10057
20160409,19,120,30,20,40,106,36,0,3,10063
20160409,20,120,20,30,40,106,33,0,0,10065
20160409,21,140,30,30,50,110,31,0,0,10064
20160409,22,150,30,30,40,103,29,0,0,10064
20160409,23,280,30,20,50,95,57,0,0,10073
20160409,24,240,10,10,30,77,59,0,0,10078
20160410,1,210,10,10,20,81,66,0,0,10079
20160410,2,240,20,20,40,85,73,0,0,10085
20160410,3,230,30,20,80,70,60,0,0,10091
20160410,4,230,10,10,30,69,60,0,0,10096
20160410,5,140,10,20,20,60,54,0,0,10099
20160410,6,140,10,10,20,52,49,0,8,10107
20160410,7,210,10,20,30,76,64,10,62,10115
20160410,8,240,20,20,30,85,57,8,105,10120
20160410,9,990,10,10,30,98,45,7,142,10125
20160410,10,990,10,10,20,111,46,5,117,10127
20160410,11,150,10,20,40,121,33,10,292,10125
20160410,12,80,20,30,70,132,54,10,297,10122
20160410,13,110,40,30,80,140,53,8,222,10117
20160410,14,80,50,60,80,137,58,10,275,10115
20160410,15,70,40,40,70,149,65,10,194,10113
20160410,16,80,40,50,80,153,64,10,166,10110
20160410,17,100,40,40,70,151,56,10,86,10109
20160410,18,80,40,50,70,144,54,8,26,10107
20160410,19,50,40,30,80,126,55,0,1,10111
20160410,20,50,40,30,60,120,57,0,0,10113
20160410,21,60,40,40,60,104,67,0,0,10114
20160410,22,70,40,40,60,101,57,0,0,10113
20160410,23,80,50,50,70,100,49,0,0,10115
20160410,24,90,40,40,60,94,45,0,0,10117
20160411,1,80,40,40,60,87,41,0,0,10118
20160411,2,80,40,50,70,85,39,0,0,10119
20160411,3,80,50,60,100,86,38,0,0,10117
20160411,4,80,50,50,90,79,38,0,0,10116
20160411,5,80,60,60,90,75,34,0,0,10113
20160411,6,80,60,70,100,79,33,7,20,10115
20160411,7,90,60,60,100,95,37,10,70,10114
20160411,8,90,70,70,100,115,44,10,128,10113
20160411,9,90,70,70,110,135,54,10,182,10110
20160411,10,100,80,70,110,156,64,10,225,10108
20160411,11,90,80,80,130,160,62,10,253,10104
20160411,12,100,90,80,130,167,61,10,266,10097
20160411,13,100,80,70,130,179,73,10,259,10095
20160411,14,100,80,80,130,178,64,10,231,10091
20160411,15,100,80,80,120,179,70,10,196,10085
20160411,16,90,80,80,120,175,67,10,139,10083
20160411,17,100,70,80,130,168,66,10,81,10083
20160411,18,90,50,60,110,158,64,10,29,10084
20160411,19,90,60,50,90,146,62,0,2,10086
20160411,20,100,60,50,90,143,59,0,0,10087
20160411,21,110,50,50,80,138,59,0,0,10086
20160411,22,130,40,30,80,138,63,0,0,10089
20160411,23,170,40,40,80,134,76,0,0,10096
20160411,24,180,40,50,80,121,86,0,0,10093
20160412,1,100,30,30,80,103,94,0,0,10086
20160412,2,140,20,20,40,108,87,0,0,10085
20160412,3,160,30,30,50,103,80,0,0,10086
20160412,4,160,30,30,50,92,75,0,0,10084
20160412,5,160,30,30,40,86,69,0,0,10087
20160412,6,170,30,30,50,99,66,5,20,10089
20160412,7,210,40,50,80,105,67,8,70,10095
20160412,8,210,40,40,80,106,67,7,99,10097
20160412,9,200,30,30,50,127,75,8,168,10097
20160412,10,190,40,40,70,137,75,9,208,10097
20160412,11,200,40,40,70,146,66,7,208,10095
20160412,12,190,30,30,60,149,74,7,211,10092
20160412,13,190,40,40,70,163,64,9,249,10088
20160412,14,210,30,20,70,164,56,4,149,10084
20160412,15,990,20,10,50,163,57,2,122,10079
20160412,16,0,10,0,20,158,59,1,72,10074
20160412,17,340,20,20,40,152,63,0,31,10075
20160412,18,990,10,10,20,143,70,0,5,10076
20160412,19,240,40,40,120,104,71,0,0,10092
20160412,20,340,30,20,50,97,77,0,0,10093
20160412,21,80,30,30,50,85,75,0,0,10086
20160412,22,120,20,10,40,76,73,0,0,10089
20160412,23,0,10,0,10,62,59,0,0,10092
20160412,24,160,10,10,20,52,51,0,0,10089
20160413,1,140,10,20,30,47,45,0,0,10084
20160413,2,120,10,10,10,39,38,0,0,10089
20160413,3,130,20,20,30,45,44,0,0,10091
20160413,4,110,20,20,30,41,40,0,0,10087
20160413,5,120,20,20,30,48,46,0,0,10085
20160413,6,80,10,10,20,57,57,2,18,10080
20160413,7,120,10,20,30,78,70,5,63,10080
20160413,8,120,20,20,40,101,81,10,116,10080
20160413,9,130,30,30,50,119,81,10,155,10085
20160413,10,160,30,30,50,119,75,2,139,10085
20160413,11,160,30,20,40,136,77,3,171,10086
20160413,12,150,30,30,60,140,77,5,207,10087
20160413,13,160,30,40,60,145,72,9,237,10087
20160413,14,190,30,30,60,156,74,8,188,10083
20160413,15,230,40,30,60,154,67,4,135,10084
20160413,16,310,40,40,70,145,28,9,124,10091
20160413,17,80,50,30,130,109,58,3,41,10095
20160413,18,100,30,30,60,103,57,10,28,10096
20160413,19,170,10,20,40,96,53,0,6,10097
20160413,20,250,10,10,20,78,57,0,0,10102
20160413,21,140,10,10,30,62,56,0,0,10105
20160413,22,240,10,10,20,55,51,0,0,10108
20160413,23,220,10,10,10,48,45,0,0,10109
20160413,24,230,10,10,20,40,37,0,0,10112
20160414,1,240,10,10,20,40,37,0,0,10113
20160414,2,270,0,10,20,33,30,0,0,10114
20160414,3,220,10,10,20,34,33,0,0,10115
20160414,4,250,10,10,10,40,37,0,0,10114
20160414,5,190,10,10,20,46,43,0,0,10112
20160414,6,120,10,10,10,72,69,8,30,10114
20160414,7,210,20,20,40,98,74,3,50,10119
20160414,8,220,20,30,50,119,70,5,108,10124
20160414,9,260,20,20,40,134,74,6,154,10127
20160414,10,220,30,30,80,146,73,8,199,10127
20160414,11,240,40,40,70,145,60,6,205,10128
20160414,12,240,30,40,70,159,51,1,147,10125
20160414,13,220,40,40,60,158,32,4,190,10120
20160414,14,190,30,30,60,156,48,5,174,10115
20160414,15,190,30,20,60,153,46,2,113,10113
20160414,16,170,20,20,40,161,59,9,140,10108
20160414,17,110,20,10,50,155,55,10,83,10102
20160414,18,130,20,20,30,140,57,10,29,10099
20160414,19,90,20,20,20,107,72,0,3,10094
20160414,20,80,20,20,20,89,66,0,0,10091
20160414,21,120,20,20,30,90,64,0,0,10085
20160414,22,130,10,10,30,95,69,0,0,10081
20160414,23,110,10,20,20,83,66,0,0,10073
20160414,24,110,20,30,40,89,59,0,0,10065
20160415,1,240,30,40,70,107,70,0,0,10059
20160415,2,210,30,30,70,100,78,0,0,10050
20160415,3,180,40,40,70,95,80,0,0,10040
20160415,4,170,30,20,70,90,82,0,0,10029
20160415,5,160,20,30,40,90,83,0,0,10025
20160415,6,160,20,20,40,92,86,0,7,10021
20160415,7,180,20,20,50,97,84,0,17,10020
20160415,8,200,30,20,40,97,88,0,22,10018
20160415,9,220,20,20,40,102,94,0,34,10018
20160415,10,240,20,20,40,101,89,0,53,10019
20160415,11,240,30,30,60,114,92,2,67,10018
20160415,12,240,40,50,100,130,88,2,95,10014
20160415,13,230,70,70,130,124,76,4,151,10017
20160415,14,250,60,60,110,128,79,5,152,10016
20160415,15,240,50,50,110,127,79,0,55,10015
20160415,16,260,40,40,90,124,77,3,63,10013
20160415,17,250,40,40,70,103,88,0,12,10015
20160415,18,260,30,20,60,99,83,0,7,10005
20160415,19,300,10,10,40,96,86,0,1,10000
20160415,20,130,10,20,30,90,85,0,0,9995
20160415,21,130,30,30,50,92,85,0,0,9993
20160415,22,140,40,30,50,91,83,0,0,9991
20160415,23,130,30,50,70,90,81,0,0,9979
20160415,24,150,40,30,60,92,82,0,0,9970
20160416,1,170,40,40,70,101,82,0,0,9961
20160416,2,200,50,50,100,98,88,0,0,9955
20160416,3,230,60,80,160,98,77,0,0,9957
20160416,4,230,70,40,140,90,66,0,0,9963
20160416,5,230,60,60,120,86,60,0,0,9973
20160416,6,240,60,40,120,88,62,0,10,9977
20160416,7,240,50,50,80,94,66,5,46,9981
20160416,8,230,50,60,130,101,66,5,74,9985
20160416,9,230,70,80,130,114,63,4,115,9989
20160416,10,250,70,80,140,112,46,8,192,9997
20160416,11,260,70,70,140,115,48,8,248,10002
20160416,12,260,70,60,140,98,33,2,159,10011
20160416,13,260,70,80,120,100,36,5,198,10015
20160416,14,260,70,60,120,93,25,6,175,10022
20160416,15,280,60,50,110,81,43,0,40,10028
20160416,16,270,40,30,90,82,40,0,31,10035
20160416,17,280,40,30,80,84,39,0,40,10038
20160416,18,280,40,40,60,78,34,8,31,10043
20160416,19,300,30,20,70,65,31,0,3,10045
20160416,20,270,20,20,30,55,29,0,0,10054
20160416,21,280,20,20,40,61,35,0,0,10053
20160416,22,320,20,20,40,57,35,0,0,10059
20160416,23,300,20,20,40,56,32,0,0,10061
20160416,24,300,20,20,50,55,30,0,0,10063
20160417,1,270,10,10,30,54,34,0,0,10069
20160417,2,260,20,20,40,55,25,0,0,10074
20160417,3,260,20,10,40,41,21,0,0,10078
20160417,4,270,20,20,30,35,16,0,0,10079
20160417,5,270,20,20,60,41,10,0,1,10082
20160417,6,290,20,20,40,54,19,8,32,10091
20160417,7,280,20,20,40,67,21,10,86,10098
20160417,8,300,30,30,60,76,19,10,131,10105
20160417,9,230,20,20,80,57,36,5,101,10115
20160417,10,250,10,10,50,81,35,6,138,10122
20160417,11,310,30,30,60,95,28,4,164,10128
20160417,12,10,40,10,110,88,34,6,180,10137
20160417,13,310,20,40,60,103,29,7,227,10140
20160417,14,990,50,10,100,90,19,3,93,10146
20160417,15,20,30,30,100,84,38,7,148,10151
20160417,16,330,30,20,50,85,27,6,110,10157
20160417,17,990,20,10,30,87,42,2,27,10162
20160417,18,340,30,20,50,90,20,10,32,10167
20160417,19,310,30,20,60,71,17,0,4,10176
20160417,20,290,10,10,30,54,23,0,0,10184
20160417,21,280,10,10,20,34,29,0,0,10190
20160417,22,260,10,10,20,21,18,0,0,10194
20160417,23,200,10,10,10,15,13,0,0,10195
20160417,24,230,20,10,20,10,7,0,0,10197
20160418,1,230,20,20,30,7,3,0,0,10195
20160418,2,210,20,10,30,0,-2,0,0,10197
20160418,3,170,10,10,20,7,5,0,0,10197
20160418,4,210,20,20,30,5,2,0,0,10197
20160418,5,220,30,30,40,31,23,0,1,10198
20160418,6,210,30,40,60,60,39,7,32,10199
20160418,7,220,40,40,70,73,42,3,53,10199
20160418,8,220,50,50,80,95,41,8,128,10201
20160418,9,230,50,60,90,108,45,10,199,10202
20160418,10,240,60,60,100,116,43,10,234,10201
20160418,11,230,60,60,100,112,29,3,106,10202
20160418,12,230,50,50,100,120,19,2,125,10202
20160418,13,260,60,60,120,121,17,4,125,10203
20160418,14,260,60,60,130,125,14,9,196,10203
20160418,15,260,70,70,130,113,7,10,198,10207
20160418,16,260,60,60,120,103,20,1,53,10210
20160418,17,260,50,40,110,100,34,0,13,10213
20160418,18,260,40,40,90,100,28,0,11,10216
20160418,19,270,40,40,80,96,36,0,1,10219
20160418,20,270,40,30,70,95,39,0,0,10223
20160418,21,250,30,30,50,92,41,0,0,10225
20160418,22,240,30,30,50,91,48,0,0,10227
20160418,23,230,30,30,60,89,56,0,0,10227
20160418,24,230,30,30,50,91,56,0,0,10229
20160419,1,240,30,30,50,92,57,0,0,10229
20160419,2,240,30,30,40,92,58,0,0,10230
20160419,3,250,20,20,40,90,62,0,0,10232
20160419,4,270,30,30,60,94,58,0,0,10235
20160419,5,280,30,30,60,91,54,0,1,10239
20160419,6,290,20,30,50,92,56,0,17,10245
20160419,7,290,30,30,60,102,56,7,81,10249
20160419,8,290,30,30,50,103,55,9,132,10254
20160419,9,310,30,30,60,117,49,10,180,10258
20160419,10,300,30,40,60,131,51,4,176,10262
20160419,11,300,40,40,70,124,28,5,177,10267
20160419,12,310,40,30,80,129,35,6,191,10271
20160419,13,320,40,40,80,127,33,3,126,10274
20160419,14,330,40,40,80,122,27,4,137,10277
20160419,15,330,50,50,90,127,22,9,184,10279
20160419,16,340,50,50,110,117,21,10,168,10282
20160419,17,350,50,60,100,107,25,10,106,10286
20160419,18,360,50,40,80,97,24,8,40,10288
20160419,19,360,40,30,70,85,19,2,4,10295
20160419,20,340,20,30,50,72,22,0,0,10302
20160419,21,340,20,20,40,67,22,0,0,10305
20160419,22,330,20,20,40,58,27,0,0,10309
20160419,23,320,20,20,30,45,29,0,0,10312
20160419,24,320,20,20,30,44,29,0,0,10313
20160420,1,340,10,10,20,52,34,0,0,10313
20160420,2,360,10,10,30,50,32,0,0,10313
20160420,3,340,10,10,20,45,35,0,0,10314
20160420,4,10,10,10,20,45,35,0,0,10314
20160420,5,990,10,10,10,32,28,0,2,10316
20160420,6,0,0,0,10,58,47,2,24,10321
20160420,7,100,10,10,30,87,33,7,85,10326
20160420,8,50,20,20,40,88,25,6,124,10327
20160420,9,40,20,30,50,96,26,7,166,10327
20160420,10,30,30,30,60,103,24,10,243,10325
20160420,11,20,30,30,60,113,17,10,277,10320
20160420,12,10,30,20,60,119,28,10,289,10318
20160420,13,10,30,20,70,126,14,10,279,10315
20160420,14,40,30,30,60,131,22,10,256,10311
20160420,15,40,40,40,80,132,34,10,216,10305
20160420,16,30,50,50,80,128,33,10,164,10301
20160420,17,20,50,50,80,118,40,10,104,10300
20160420,18,30,50,50,90,106,41,10,41,10294
20160420,19,30,40,40,80,93,44,2,4,10294
20160420,20,30,40,40,60,86,41,0,0,10295
20160420,21,40,30,30,60,76,32,0,0,10294
20160420,22,50,40,50,70,67,29,0,0,10295
20160420,23,50,40,30,60,57,24,0,0,10294
20160420,24,50,30,30,50,50,20,0,0,10291
20160421,1,50,40,40,60,46,17,0,0,10284
20160421,2,60,30,20,60,36,13,0,0,10282
20160421,3,50,30,40,60,32,11,0,0,10278
20160421,4,60,40,40,60,33,11,0,0,10274
20160421,5,40,20,20,60,29,9,0,3,10272
20160421,6,60,20,30,50,50,19,10,37,10270
20160421,7,90,30,30,50,76,29,10,94,10271
20160421,8,80,40,30,50,97,31,10,150,10266
20160421,9,90,40,40,60,119,41,10,208,10263
20160421,10,40,40,30,70,131,38,10,253,10259
20160421,11,60,30,30,50,140,44,10,275,10254
20160421,12,30,30,30,60,152,52,10,284,10247
20160421,13,30,40,40,60,159,41,10,281,10240
20160421,14,40,40,50,80,158,42,10,256,10235
20160421,15,40,40,40,70,159,38,10,219,10227
20160421,16,50,50,40,80,154,31,10,155,10220
20160421,17,40,40,50,60,148,20,5,74,10221
20160421,18,20,40,40,60,137,16,10,37,10221
20160421,19,10,40,30,70,128,23,2,5,10224
20160421,20,20,40,50,90,111,47,0,0,10228
20160421,21,40,50,50,90,98,34,0,0,10229
20160421,22,30,50,40,80,91,23,0,0,10232
20160421,23,30,40,40,70,80,17,0,0,10233
20160421,24,30,30,30,60,70,30,0,0,10233
20160422,1,20,30,30,50,67,34,0,0,10230
20160422,2,30,30,30,50,62,36,0,0,10228
20160422,3,30,30,30,50,61,43,0,0,10228
20160422,4,40,30,30,60,59,47,0,0,10225
20160422,5,50,30,20,50,59,49,0,2,10225
20160422,6,50,20,20,40,67,52,0,21,10227
20160422,7,50,40,30,60,81,54,8,82,10226
20160422,8,40,50,60,80,88,42,9,140,10225
20160422,9,50,50,40,90,94,40,7,172,10223
20160422,10,20,40,30,60,105,34,5,183,10221
20160422,11,20,30,30,60,114,35,4,194,10214
20160422,12,360,30,40,60,117,33,7,252,10211
20160422,13,40,40,40,70,116,35,2,159,10204
20160422,14,30,40,40,80,115,35,0,127,10197
20160422,15,10,40,50,80,115,21,1,108,10191
20160422,16,10,40,40,80,107,25,3,100,10188
20160422,17,20,40,40,70,103,25,0,50,10185
20160422,18,10,40,40,80,94,21,0,20,10180
20160422,19,20,40,40,80,90,13,0,4,10177
20160422,20,20,40,40,70,85,17,0,0,10179
20160422,21,30,50,50,90,78,18,0,0,10178
20160422,22,30,40,50,70,74,15,0,0,10178
20160422,23,40,30,30,60,69,19,0,0,10177
20160422,24,40,30,30,50,66,15,0,0,10174
20160423,1,30,30,20,40,63,17,0,0,10172
20160423,2,10,20,20,30,62,20,0,0,10169
20160423,3,30,20,10,20,59,24,0,0,10165
20160423,4,350,10,20,30,59,25,0,0,10163
20160423,5,320,20,20,50,51,37,0,1,10161
20160423,6,360,30,40,70,45,30,0,6,10166
20160423,7,990,20,10,70,46,29,0,16,10165
20160423,8,350,10,20,40,65,34,3,103,10161
20160423,9,20,30,50,80,77,28,7,143,10161
20160423,10,20,50,40,110,60,24,4,154,10163
20160423,11,10,40,50,100,78,8,6,205,10161
20160423,12,350,40,40,120,84,9,5,166,10160
20160423,13,360,60,70,110,89,2,7,216,10159
20160423,14,350,60,60,110,85,0,10,226,10158
20160423,15,350,70,60,130,71,0,8,172,10160
20160423,16,310,50,50,100,82,15,8,140,10158
20160423,17,330,50,50,100,80,-6,7,92,10160
20160423,18,320,50,40,90,65,-5,7,43,10161
20160423,19,320,30,30,70,58,-3,2,10,10166
20160423,20,310,30,20,50,48,-5,0,0,10167
20160423,21,290,20,30,60,49,2,0,0,10164
20160423,22,290,30,30,80,37,19,0,0,10164
20160423,23,320,20,30,60,39,17,0,0,10163
20160423,24,290,20,10,60,30,13,0,0,10159
20160424,1,270,20,20,40,29,12,0,0,10156
20160424,2,270,20,20,40,29,7,0,0,10153
20160424,3,290,20,20,60,31,6,0,0,10151
20160424,4,290,30,30,80,27,2,0,0,10148
20160424,5,270,20,20,60,26,4,0,4,10148
20160424,6,300,20,30,80,42,8,5,38,10150
20160424,7,300,40,50,80,50,7,10,115,10151
20160424,8,310,40,40,80,57,16,9,149,10150
20160424,9,330,40,40,80,64,13,9,175,10149
20160424,10,270,30,20,120,61,30,4,117,10148
20160424,11,300,50,50,110,65,6,4,143,10145
20160424,12,310,50,40,150,56,5,6,200,10146
20160424,13,300,50,50,110,52,24,9,210,10146
20160424,14,310,50,50,120,78,-3,9,226,10141
20160424,15,320,60,60,100,74,-22,6,113,10140
20160424,16,330,50,40,110,63,-6,7,122,10146
20160424,17,350,40,50,110,64,-7,8,83,10143
20160424,18,350,40,20,130,46,-1,8,41,10146
20160424,19,290,30,30,90,39,6,0,3,10149
20160424,20,290,30,30,60,38,5,0,0,10149
20160424,21,280,20,30,60,37,4,0,0,10148
20160424,22,280,30,20,110,24,11,0,0,10147
20160424,23,270,20,30,50,29,11,0,0,10145
20160424,24,270,30,30,60,32,4,0,0,10141
20160425,1,270,30,20,100,30,5,0,0,10137
20160425,2,240,20,20,40,25,4,0,0,10133
20160425,3,260,30,30,40,30,6,0,0,10128
20160425,4,220,20,20,40,31,9,0,0,10122
20160425,5,230,20,30,40,35,11,0,3,10116
20160425,6,230,30,30,60,48,17,0,23,10110
20160425,7,230,40,40,60,59,19,0,51,10100
20160425,8,230,50,50,80,68,20,2,93,10093
20160425,9,230,50,50,80,76,28,0,110,10083
20160425,10,220,50,50,90,74,26,0,73,10074
20160425,11,220,50,50,90,57,31,0,42,10065
20160425,12,200,60,60,100,61,38,0,56,10052
20160425,13,220,50,50,110,62,50,0,48,10041
20160425,14,270,30,40,70,65,45,0,54,10034
20160425,15,310,40,40,80,62,40,0,61,10031
20160425,16,270,30,20,90,73,37,2,69,10023
20160425,17,310,40,40,120,69,36,5,51,10022
20160425,18,290,40,40,90,61,13,8,39,10018
20160425,19,300,30,40,110,53,7,0,3,10018
20160425,20,300,40,50,130,37,6,0,0,10024
20160425,21,270,30,20,90,30,4,0,0,10019
20160425,22,300,30,20,100,23,-2,0,0,10020
20160425,23,250,20,30,60,26,-5,0,0,10016
20160425,24,240,20,10,50,17,-1,0,0,10010
20160426,1,230,30,30,50,21,-3,0,0,10002
20160426,2,260,40,50,80,32,-3,0,0,9995
20160426,3,240,40,50,90,41,-4,0,0,9982
20160426,4,270,70,60,150,16,7,0,0,9976
20160426,5,250,50,60,120,29,13,0,2,9974
20160426,6,260,40,30,120,37,19,0,20,9976
20160426,7,260,30,30,60,40,13,4,41,9980
20160426,8,290,40,40,90,51,19,3,67,9981
20160426,9,290,50,50,100,67,20,7,162,9979
20160426,10,310,60,60,170,38,13,3,110,9988
20160426,11,270,50,50,180,65,37,3,114,9981
20160426,12,310,70,70,150,54,28,4,102,9989
20160426,13,280,70,70,130,74,31,4,167,9987
20160426,14,290,80,70,160,75,20,3,132,9988
20160426,15,320,70,60,160,50,30,0,56,9998
20160426,16,310,50,50,120,64,19,3,79,9999
20160426,17,270,60,60,130,63,28,7,75,9999
20160426,18,270,50,50,120,54,25,0,19,10001
20160426,19,270,50,50,100,52,31,0,4,10002
20160426,20,270,50,50,90,48,19,0,0,10002
20160426,21,270,50,50,100,47,21,0,0,10003
20160426,22,260,40,50,90,46,20,0,0,10001
20160426,23,270,40,40,100,42,28,0,0,10001
20160426,24,280,40,20,100,45,29,0,0,10001
20160427,1,280,30,30,60,44,30,0,0,10001
20160427,2,260,30,30,60,43,31,0,0,10000
20160427,3,290,30,40,60,45,25,0,0,10002
20160427,4,320,40,40,70,49,27,0,0,10010
20160427,5,320,30,30,90,47,24,2,6,10017
20160427,6,310,30,40,70,57,21,10,52,10025
20160427,7,310,40,40,70,64,22,9,94,10032
20160427,8,340,40,40,80,73,13,8,137,10039
20160427,9,280,50,40,120,52,24,5,112,10046
20160427,10,310,40,60,110,75,17,5,180,10050
20160427,11,290,50,50,100,83,24,5,219,10054
20160427,12,270,40,40,100,89,21,6,198,10058
20160427,13,300,50,60,110,88,9,5,190,10064
20160427,14,280,60,50,120,92,17,9,224,10068
20160427,15,290,50,40,90,78,19,1,82,10076
20160427,16,300,50,50,120,78,28,2,77,10083
20160427,17,290,40,20,90,48,30,0,16,10093
20160427,18,280,30,30,60,54,39,0,7,10097
20160427,19,290,30,30,60,51,25,2,7,10102
20160427,20,280,20,20,40,47,28,0,0,10109
20160427,21,260,20,20,30,42,28,0,0,10113
20160427,22,260,20,20,40,47,29,0,0,10117
20160427,23,270,20,10,40,41,23,0,0,10118
20160427,24,250,30,30,60,41,16,0,0,10122
20160428,1,250,30,30,60,38,17,0,0,10125
20160428,2,300,20,10,40,40,21,0,0,10128
20160428,3,30,20,10,40,32,22,0,0,10130
20160428,4,200,10,10,20,14,10,0,0,10129
20160428,5,200,10,20,30,21,17,2,5,10133
20160428,6,200,20,30,40,44,23,10,49,10136
20160428,7,220,30,30,50,63,23,10,109,10139
20160428,8,240,20,30,40,77,19,10,167,10139
20160428,9,220,40,40,70,90,14,7,176,10139
20160428,10,220,50,60,90,76,23,6,190,10141
20160428,11,230,40,70,120,82,13,5,170,10139
20160428,12,200,40,20,120,59,29,1,77,10144
20160428,13,170,40,40,60,57,31,4,147,10141
20160428,14,290,30,50,80,81,21,4,139,10142
20160428,15,300,40,40,70,85,9,10,204,10141
20160428,16,290,30,30,60,85,-4,7,121,10143
20160428,17,270,40,40,70,88,-25,10,120,10143
20160428,18,250,30,30,90,77,-19,8,44,10143
20160428,19,200,30,30,40,62,-7,3,8,10140
20160428,20,200,30,30,30,52,-20,0,0,10140
20160428,21,170,20,30,40,41,-6,0,0,10135
20160428,22,160,20,30,40,35,-5,0,0,10132
20160428,23,160,30,30,50,39,11,0,0,10126
20160428,24,180,40,40,70,48,17,0,0,10119
20160429,1,170,40,40,80,48,10,0,0,10112
20160429,2,170,40,40,80,53,6,0,0,10105
20160429,3,180,50,60,100,57,7,0,0,10100
20160429,4,180,60,60,90,56,5,0,0,10094
20160429,5,200,60,70,120,53,24,0,1,10097
20160429,6,200,50,50,90,53,34,0,9,10101
20160429,7,210,50,50,80,59,44,0,21,10103
20160429,8,200,60,60,100,69,49,0,46,10105
20160429,9,200,70,70,120,78,46,1,124,10108
20160429,10,210,70,70,130,86,38,2,123,10111
20160429,11,220,60,70,120,94,38,2,89,10113
20160429,12,190,70,60,130,99,42,4,185,10117
20160429,13,210,60,60,120,95,37,0,121,10123
20160429,14,210,60,60,120,88,45,0,77,10126
20160429,15,210,60,60,120,94,30,0,90,10126
20160429,16,170,40,40,100,96,48,0,64,10123
20160429,17,200,50,50,90,101,44,5,71,10124
20160429,18,210,50,40,90,95,46,0,23,10127
20160429,19,210,50,40,110,81,53,0,7,10131
20160429,20,230,50,60,110,62,44,0,0,10139
20160429,21,230,40,30,110,63,41,0,0,10140
20160429,22,200,30,30,50,70,48,0,0,10141
20160429,23,200,30,30,50,65,48,0,0,10144
20160429,24,210,30,30,40,66,47,0,0,10145
20160430,1,220,30,30,40,63,40,0,0,10147
20160430,2,210,30,30,40,56,38,0,0,10152
20160430,3,240,20,20,30,59,39,0,0,10155
20160430,4,230,20,20,30,51,37,0,0,10159
20160430,5,230,10,10,30,40,33,0,4,10164
20160430,6,0,10,0,10,51,46,0,24,10171
20160430,7,290,10,20,30,80,40,4,79,10177
20160430,8,300,30,20,50,90,37,9,150,10182
20160430,9,320,30,30,50,93,18,6,156,10186
20160430,10,320,30,40,70,99,9,7,205,10190
20160430,11,340,40,40,60,107,18,8,266,10193
20160430,12,340,40,40,60,108,19,1,170,10196
20160430,13,350,40,40,60,104,19,1,147,10201
20160430,14,340,40,50,80,104,29,1,128,10206
20160430,15,350,40,40,80,104,30,0,99,10210
20160430,16,350,50,40,80,103,22,5,102,10217
20160430,17,360,50,50,80,95,29,3,70,10222
20160430,18,10,40,40,70,93,30,8,45,10227
20160430,19,10,40,30,70,84,28,5,18,10234
20160430,20,350,30,30,50,75,31,0,0,10241
20160430,21,350,30,30,40,65,30,0,0,10247
20160430,22,340,20,20,30,51,27,0,0,10253
20160430,23,340,10,10,20,33,23,0,0,10256
20160430,24,330,20,20,30,29,24,0,0,10256
20160501,1,350,20,20,30,32,26,0,0,10258
20160501,2,330,20,20,30,29,25,0,0,10263
20160501,3,330,20,20,30,28,24,0,0,10266
20160501,4,330,10,10,30,4,2,0,0,10269
20160501,5,340,10,10,20,9,6,0,7,10275
20160501,6,340,10,10,20,42,37,2,37,10278
20160501,7,360,10,20,40,74,36,6,90,10283
20160501,8,360,30,40,70,88,22,9,147,10284
20160501,9,20,30,40,60,100,24,7,188,10285
20160501,10,40,30,30,60,113,23,10,271,10282
20160501,11,10,30,30,60,122,23,10,296,10281
20160501,12,360,40,40,80,123,19,10,303,10277
20160501,13,10,40,30,70,130,14,10,297,10277
20160501,14,320,30,40,70,133,-12,10,272,10275
20160501,15,320,40,40,70,141,-3,10,234,10277
20160501,16,340,40,30,60,137,-41,10,182,10276
20160501,17,340,30,30,60,134,-31,10,121,10276
20160501,18,350,30,30,50,126,-33,10,63,10277
20160501,19,40,20,10,50,103,6,5,15,10279
20160501,20,0,10,0,10,68,34,0,0,10281
20160501,21,350,10,10,20,55,33,0,0,10282
20160501,22,330,10,10,20,43,33,0,0,10277
20160501,23,320,10,10,10,35,29,0,0,10278
20160501,24,80,10,10,10,22,18,0,0,10273
20160502,1,170,10,10,10,22,19,0,0,10271
20160502,2,130,0,10,10,18,15,0,0,10270
20160502,3,150,10,10,20,20,16,0,0,10264
20160502,4,160,10,10,20,19,15,0,0,10262
20160502,5,190,10,10,10,34,30,3,11,10260
20160502,6,150,10,20,30,69,41,10,56,10256
20160502,7,180,20,20,30,100,40,10,101,10253
20160502,8,190,30,30,50,123,36,10,162,10248
20160502,9,200,40,50,70,134,31,10,218,10246
20160502,10,190,50,50,80,145,41,10,251,10241
20160502,11,190,40,50,80,151,46,8,254,10233
20160502,12,200,50,50,90,160,41,9,276,10227
20160502,13,230,40,40,80,172,43,9,262,10219
20160502,14,200,50,50,80,174,20,9,226,10212
20160502,15,230,50,50,90,172,-5,9,182,10206
20160502,16,260,40,40,70,166,13,8,128,10200
20160502,17,270,40,30,70,154,79,0,54,10197
20160502,18,250,40,40,70,141,91,0,18,10194
20160502,19,240,30,30,70,138,93,0,4,10193
20160502,20,210,40,40,70,134,93,0,0,10189
20160502,21,220,50,50,90,131,95,0,0,10188
20160502,22,220,50,40,90,130,93,0,0,10182
20160502,23,220,50,40,80,126,89,0,0,10179
20160502,24,230,50,50,100,122,93,0,0,10174
20160503,1,300,50,40,120,100,90,0,0,10179
20160503,2,290,30,20,80,94,83,0,0,10183
20160503,3,290,20,20,40,90,81,0,0,10189
20160503,4,280,20,20,40,90,84,0,0,10192
20160503,5,280,30,30,60,88,76,0,5,10199
20160503,6,300,30,40,70,93,63,10,55,10206
20160503,7,320,40,50,80,101,61,9,104,10216
20160503,8,300,50,50,90,106,45,10,161,10224
20160503,9,320,50,50,100,114,28,9,208,10230
20160503,10,320,50,40,90,121,29,10,255,10235
20160503,11,320,50,50,70,116,31,7,199,10239
20160503,12,300,40,40,100,127,32,8,247,10244
20160503,13,290,50,50,90,128,16,9,281,10249
20160503,14,280,40,40,100,128,30,10,250,10252
20160503,15,290,50,50,90,124,29,10,239,10256
20160503,16,300,40,40,90,124,29,10,178,10259
20160503,17,300,40,40,70,115,25,10,120,10265
20160503,18,310,30,30,70,109,25,10,63,10268
20160503,19,300,20,20,50,96,27,5,16,10271
20160503,20,290,20,20,30,79,32,0,0,10278
20160503,21,280,20,20,20,68,39,0,0,10282
20160503,22,300,10,10,30,46,37,0,0,10285
20160503,23,280,10,10,20,40,35,0,0,10287
20160503,24,150,0,10,10,30,29,0,0,10287
20160504,1,0,0,0,10,27,27,0,0,10286
20160504,2,140,0,10,10,21,21,0,0,10286
20160504,3,140,10,10,20,19,19,0,0,10289
20160504,4,150,10,10,20,20,17,0,0,10292
20160504,5,130,10,10,20,34,31,5,11,10293
20160504,6,150,20,20,30,63,48,10,57,10297
20160504,7,150,20,20,50,89,55,10,110,10298
20160504,8,150,30,30,60,109,55,10,171,10299
20160504,9,180,30,30,50,121,47,10,220,10300
20160504,10,190,30,30,50,131,37,10,264,10297
20160504,11,140,20,30,50,140,31,10,296,10296
20160504,12,990,20,10,40,155,36,10,319,10292
20160504,13,990,10,10,50,146,34,0,98,10289
20160504,14,990,20,10,50,156,29,2,146,10286
20160504,15,150,20,30,40,144,34,3,129,10282
20160504,16,120,20,20,40,149,28,2,100,10279
20160504,17,140,20,10,40,147,20,5,62,10277
20160504,18,140,20,30,40,139,10,10,62,10274
20160504,19,140,30,20,40,121,18,5,14,10274
20160504,20,120,20,20,30,92,39,0,0,10275
20160504,21,100,20,20,30,71,45,0,0,10275
20160504,22,100,20,20,20,57,40,0,0,10275
20160504,23,110,20,30,30,60,29,0,0,10274
20160504,24,100,20,20,30,60,25,0,0,10271
20160505,1,100,30,20,30,52,22,0,0,10267
20160505,2,100,20,30,30,43,21,0,0,10266
20160505,3,110,20,20,30,38,17,0,0,10264
20160505,4,110,20,20,30,31,19,0,0,10264
20160505,5,130,20,30,30,56,18,3,12,10264
20160505,6,140,30,30,60,93,25,10,62,10264
20160505,7,140,40,30,60,110,30,10,115,10262
20160505,8,150,40,40,70,132,25,10,180,10260
20160505,9,140,40,40,70,147,34,10,227,10255
20160505,10,140,50,50,80,161,18,10,265,10251
20160505,11,150,60,60,90,163,8,10,302,10245
20160505,12,160,50,50,90,171,15,10,312,10238
20160505,13,160,50,50,90,175,33,10,304,10231
20160505,14,140,40,50,70,179,20,10,278,10223
20160505,15,140,40,30,60,184,25,10,239,10216
20160505,16,120,40,30,70,186,30,10,187,10209
20160505,17,110,40,50,80,181,42,10,122,10200
20160505,18,100,40,40,70,172,47,10,58,10196
20160505,19,70,40,40,70,159,51,5,13,10192
20160505,20,80,30,30,40,143,58,0,0,10192
20160505,21,70,30,30,50,131,59,0,0,10190
20160505,22,80,30,40,50,133,60,0,0,10186
20160505,23,80,30,30,40,119,58,0,0,10186
20160505,24,90,30,30,40,105,58,0,0,10180
20160506,1,100,30,30,40,101,57,0,0,10175
20160506,2,100,30,30,40,101,59,0,0,10172
20160506,3,100,30,30,40,88,57,0,0,10168
20160506,4,110,30,30,40,82,57,0,0,10164
20160506,5,100,30,30,50,109,70,5,13,10160
20160506,6,110,30,40,60,136,75,10,60,10157
20160506,7,110,30,40,60,162,88,10,117,10155
20160506,8,130,50,50,80,171,92,10,163,10149
20160506,9,110,40,50,70,186,99,10,225,10142
20160506,10,100,60,60,90,194,88,10,272,10138
20160506,11,160,60,60,100,196,91,10,297,10134
20160506,12,140,60,50,100,204,104,10,302,10125
20160506,13,130,50,50,80,217,98,10,296,10121
20160506,14,140,50,40,90,227,93,8,252,10114
20160506,15,140,50,40,80,234,84,10,228,10109
20160506,16,130,40,40,70,233,86,10,178,10105
20160506,17,130,40,30,80,230,96,10,116,10102
20160506,18,120,40,40,60,220,104,10,64,10101
20160506,19,130,30,20,60,195,108,7,18,10102
20160506,20,100,20,10,20,157,118,0,0,10106
20160506,21,90,10,10,20,135,121,0,0,10106
20160506,22,130,20,20,20,129,113,0,0,10105
20160506,23,200,20,10,20,122,108,0,0,10108
20160506,24,130,10,10,20,112,106,0,0,10108
20160507,1,130,20,20,30,108,99,0,0,10109
20160507,2,130,10,10,20,105,93,0,0,10109
20160507,3,120,20,20,30,101,86,0,0,10107
20160507,4,140,20,10,30,100,82,0,0,10107
20160507,5,120,20,20,30,128,90,5,17,10108
20160507,6,130,20,20,40,166,103,10,61,10110
20160507,7,150,30,30,60,187,98,10,119,10111
20160507,8,120,30,40,50,203,95,10,170,10111
20160507,9,130,30,40,50,226,97,10,222,10110
20160507,10,140,40,40,70,245,111,10,266,10105
20160507,11,140,60,60,100,249,69,10,294,10104
20160507,12,140,60,60,90,250,70,10,306,10103
20160507,13,120,60,60,100,250,69,10,294,10102
20160507,14,130,50,50,80,254,63,10,268,10098
20160507,15,150,40,40,80,258,51,10,230,10093
20160507,16,140,40,50,70,254,54,10,192,10091
20160507,17,160,40,40,90,250,54,10,127,10088
20160507,18,140,30,30,60,238,74,10,66,10090
20160507,19,100,40,40,80,218,90,7,21,10094
20160507,20,80,40,40,70,205,82,0,0,10097
20160507,21,90,40,40,70,189,79,0,0,10098
20160507,22,100,40,40,60,176,78,0,0,10100
20160507,23,100,40,30,50,162,78,0,0,10101
20160507,24,110,40,40,50,161,79,0,0,10104
20160508,1,110,40,40,60,158,77,0,0,10106
20160508,2,110,40,30,60,149,75,0,0,10106
20160508,3,110,30,40,50,142,71,0,0,10108
20160508,4,110,30,20,40,128,73,0,0,10109
20160508,5,110,20,30,40,144,75,5,14,10112
20160508,6,110,40,40,60,173,73,10,56,10115
20160508,7,120,50,70,100,197,63,10,117,10118
20160508,8,130,60,50,90,211,74,10,178,10118
20160508,9,100,50,50,80,228,101,10,232,10116
20160508,10,90,60,70,110,230,99,10,273,10116
20160508,11,110,70,60,110,241,98,10,297,10115
20160508,12,140,70,70,120,240,88,10,304,10115
20160508,13,100,60,70,110,247,73,10,295,10112
20160508,14,110,60,50,110,249,49,10,272,10109
20160508,15,120,60,60,110,247,64,10,234,10107
20160508,16,120,60,70,110,243,63,10,181,10107
20160508,17,100,70,70,110,236,73,10,123,10106
20160508,18,100,60,60,110,230,53,10,67,10108
20160508,19,90,60,60,90,216,68,7,20,10112
20160508,20,90,50,60,90,204,76,0,0,10117
20160508,21,90,60,70,110,199,83,0,0,10121
20160508,22,90,60,60,110,189,88,0,0,10124
20160508,23,100,50,50,110,172,90,0,0,10127
20160508,24,90,40,40,80,161,87,0,0,10127
20160509,1,90,40,50,70,160,83,0,0,10128
20160509,2,90,50,40,70,154,80,0,0,10130
20160509,3,90,40,40,60,144,79,0,0,10131
20160509,4,90,40,50,70,147,80,0,0,10130
20160509,5,80,50,60,100,151,85,5,16,10132
20160509,6,90,60,60,90,164,91,10,62,10133
20160509,7,100,60,70,100,181,90,10,120,10136
20160509,8,110,60,70,100,196,94,10,178,10133
20160509,9,90,70,70,100,211,102,10,230,10133
20160509,10,100,60,70,110,227,82,10,272,10128
20160509,11,120,80,80,120,233,73,10,300,10125
20160509,12,100,80,80,120,237,77,10,309,10124
20160509,13,110,70,60,110,245,88,9,290,10125
20160509,14,130,70,60,110,243,84,10,273,10122
20160509,15,100,70,60,110,244,91,9,210,10117
20160509,16,90,70,60,110,247,93,8,158,10112
20160509,17,90,70,70,110,240,92,10,107,10111
20160509,18,90,60,60,110,229,95,5,49,10113
20160509,19,80,50,50,80,218,96,5,12,10115
20160509,20,80,50,50,80,213,88,0,0,10118
20160509,21,90,50,50,90,203,89,0,0,10119
20160509,22,80,50,50,80,198,91,0,0,10117
20160509,23,90,50,50,70,183,97,0,0,10116
20160509,24,90,40,40,60,178,98,0,0,10113
20160510,1,110,40,30,60,171,99,0,0,10110
20160510,2,100,30,30,50,161,101,0,0,10108
20160510,3,110,20,30,40,158,103,0,0,10104
20160510,4,80,20,20,30,159,106,0,0,10102
20160510,5,90,10,20,20,155,112,0,6,10100
20160510,6,90,20,40,50,163,107,0,21,10099
20160510,7,90,40,40,70,173,109,1,47,10098
20160510,8,100,40,30,50,188,106,0,70,10097
20160510,9,120,40,50,80,212,102,3,143,10096
20160510,10,120,50,50,80,208,117,2,166,10096
20160510,11,150,50,40,70,211,119,2,182,10095
20160510,12,150,40,40,70,217,121,1,181,10091
20160510,13,150,30,20,60,215,126,0,110,10087
20160510,14,100,30,50,70,213,115,0,88,10086
20160510,15,100,50,50,80,215,123,0,105,10083
20160510,16,110,40,40,70,212,121,0,65,10079
20160510,17,120,40,50,80,212,111,0,35,10078
20160510,18,120,50,40,70,204,116,0,20,10078
20160510,19,100,30,30,70,191,120,0,8,10078
20160510,20,80,30,20,40,186,122,0,0,10077
20160510,21,70,30,30,40,182,121,0,0,10078
20160510,22,80,30,30,40,182,111,0,0,10075
20160510,23,90,30,30,50,175,118,0,0,10071
20160510,24,80,30,20,40,172,118,0,0,10067
20160511,1,130,20,30,40,170,122,0,0,10066
20160511,2,120,30,30,50,168,124,0,0,10062
20160511,3,120,30,20,40,155,122,0,0,10063
20160511,4,110,20,20,30,147,124,0,0,10062
20160511,5,100,20,20,20,154,129,0,11,10061
20160511,6,90,20,30,40,158,135,0,16,10061
20160511,7,110,20,30,40,166,135,0,34,10062
20160511,8,160,20,30,50,197,139,7,141,10062
20160511,9,150,30,30,50,214,141,10,225,10058
20160511,10,150,30,20,60,226,137,9,252,10054
20160511,11,100,40,40,70,238,128,9,247,10051
20160511,12,100,40,40,80,236,123,7,235,10048
20160511,13,100,40,30,80,253,120,5,198,10043
20160511,14,70,40,40,90,253,106,7,218,10038
20160511,15,80,40,40,60,243,104,2,102,10034
20160511,16,90,50,50,80,247,91,4,115,10029
20160511,17,80,50,50,80,243,73,8,106,10025
20160511,18,80,50,40,80,234,91,8,61,10022
20160511,19,80,40,40,60,221,86,7,24,10022
20160511,20,70,40,40,70,211,84,0,1,10027
20160511,21,70,50,40,80,200,90,0,0,10028
20160511,22,70,40,40,80,191,87,0,0,10027
20160511,23,80,50,50,80,183,81,0,0,10027
20160511,24,70,50,50,70,176,82,0,0,10023
20160512,1,70,40,40,60,163,83,0,0,10020
20160512,2,60,30,30,50,149,84,0,0,10019
20160512,3,60,30,30,50,146,86,0,0,10019
20160512,4,60,40,40,70,147,87,0,0,10018
20160512,5,50,40,40,70,151,92,7,18,10017
20160512,6,60,40,50,70,168,97,10,63,10017
20160512,7,60,50,50,90,186,102,10,122,10016
20160512,8,70,50,50,110,205,101,10,180,10014
20160512,9,80,70,80,120,222,92,10,231,10011
20160512,10,70,80,100,150,229,82,10,271,10008
20160512,11,70,90,90,150,236,78,10,294,10004
20160512,12,70,90,80,140,237,82,10,286,10001
20160512,13,80,80,60,180,239,93,8,231,10001
20160512,14,90,80,60,120,244,83,7,188,9999
20160512,15,90,70,70,130,247,91,9,197,9997
20160512,16,80,70,70,110,248,83,10,167,9997
20160512,17,80,60,70,100,234,78,9,95,9997
20160512,18,70,60,50,90,236,71,10,66,9998
20160512,19,50,40,30,100,221,73,7,22,10003
20160512,20,30,30,40,60,207,90,0,1,10010
20160512,21,40,40,50,90,196,111,0,0,10016
20160512,22,50,50,40,80,184,112,0,0,10019
20160512,23,40,40,40,70,176,106,0,0,10022
20160512,24,40,50,50,80,169,100,0,0,10024
20160513,1,40,40,40,70,158,100,0,0,10024
20160513,2,30,30,20,70,146,103,0,0,10025
20160513,3,30,30,30,60,138,100,0,0,10027
20160513,4,20,40,40,70,132,90,0,0,10029
20160513,5,20,30,30,60,133,79,3,19,10035
20160513,6,30,30,40,70,132,69,7,60,10039
20160513,7,20,40,40,60,143,69,10,107,10043
20160513,8,10,40,40,70,162,70,10,180,10045
20160513,9,30,50,50,80,181,73,10,230,10047
20160513,10,30,60,60,90,202,52,10,282,10051
20160513,11,40,60,50,110,217,43,10,298,10052
20160513,12,360,60,60,110,215,88,10,305,10054
20160513,13,350,60,70,100,215,87,10,296,10054
20160513,14,360,70,70,120,203,81,10,273,10059
20160513,15,360,70,70,110,191,90,10,233,10064
20160513,16,360,70,70,110,174,103,10,186,10067
20160513,17,360,70,70,120,153,89,10,128,10073
20160513,18,360,60,70,110,140,83,10,71,10079
20160513,19,360,70,70,120,124,72,5,16,10088
20160513,20,10,50,60,100,116,64,0,1,10097
20160513,21,20,60,60,100,112,60,0,0,10102
20160513,22,10,50,40,110,107,54,0,0,10106
20160513,23,360,50,50,100,102,36,0,0,10109
20160513,24,360,50,40,100,97,37,0,0,10113
20160514,1,340,40,40,90,88,27,0,0,10116
20160514,2,330,40,40,100,81,18,0,0,10119
20160514,3,340,30,30,60,82,8,0,0,10123
20160514,4,320,40,50,100,82,7,0,0,10126
20160514,5,340,40,40,80,76,16,0,10,10130
20160514,6,330,40,40,100,83,21,2,42,10134
20160514,7,330,40,50,90,94,6,8,113,10135
20160514,8,320,50,50,100,93,21,4,130,10139
20160514,9,330,50,40,110,97,23,5,165,10141
20160514,10,310,50,50,80,92,40,4,158,10148
20160514,11,340,40,60,90,110,6,4,186,10147
20160514,12,340,50,50,130,108,12,3,161,10149
20160514,13,320,60,60,120,106,25,5,211,10153
20160514,14,340,50,60,110,107,14,3,159,10155
20160514,15,320,60,60,110,112,10,6,169,10156
20160514,16,320,60,50,160,106,13,3,86,10160
20160514,17,310,60,50,110,98,18,3,80,10163
20160514,18,330,60,50,130,78,15,5,44,10169
20160514,19,320,50,50,90,86,22,7,19,10170
20160514,20,300,40,30,90,75,30,0,1,10175
20160514,21,300,30,30,60,68,31,0,0,10179
20160514,22,310,30,30,60,72,25,0,0,10182
20160514,23,320,20,20,50,67,31,0,0,10185
20160514,24,300,30,30,90,65,33,0,0,10184
20160515,1,300,30,20,80,62,40,0,0,10185
20160515,2,260,20,10,40,61,45,0,0,10184
20160515,3,290,20,20,70,62,31,0,0,10185
20160515,4,260,20,20,30,54,34,0,0,10187
20160515,5,280,20,20,50,64,29,3,14,10187
20160515,6,290,30,20,70,78,37,3,41,10191
20160515,7,310,40,40,90,92,32,8,112,10195
20160515,8,310,40,40,80,104,23,7,153,10196
20160515,9,330,50,50,90,109,26,6,175,10199
20160515,10,300,50,50,90,108,7,3,135,10200
20160515,11,290,50,50,100,111,34,6,230,10202
20160515,12,310,60,70,120,97,34,4,198,10208
20160515,13,300,50,60,120,104,27,3,182,10206
20160515,14,310,50,60,120,108,14,5,206,10205
20160515,15,280,50,60,100,110,20,4,143,10206
20160515,16,310,50,50,90,113,0,5,122,10204
20160515,17,300,50,50,100,104,6,9,112,10205
20160515,18,300,40,30,80,93,23,4,44,10205
20160515,19,300,30,30,80,84,31,3,15,10207
20160515,20,280,30,20,50,78,31,0,1,10208
20160515,21,290,20,10,50,70,38,0,0,10210
20160515,22,270,10,20,30,67,33,0,0,10210
20160515,23,260,20,20,30,68,38,0,0,10210
20160515,24,260,20,20,30,62,32,0,0,10208
20160516,1,260,20,20,30,43,30,0,0,10206
20160516,2,270,20,20,40,66,32,0,0,10204
20160516,3,250,20,20,30,61,45,0,0,10204
20160516,4,270,20,20,20,53,45,0,1,10203
20160516,5,260,10,20,40,61,49,0,10,10203
20160516,6,290,20,20,40,91,54,8,85,10204
20160516,7,290,30,30,50,88,47,8,92,10208
20160516,8,310,30,30,60,97,35,4,138,10208
20160516,9,290,30,40,70,101,35,3,150,10207
20160516,10,320,30,20,80,94,54,0,71,10209
20160516,11,290,30,30,70,112,42,2,158,10206
20160516,12,310,40,50,80,117,49,0,104,10206
20160516,13,290,40,40,90,120,47,5,229,10205
20160516,14,320,40,40,70,122,39,1,136,10202
20160516,15,310,40,30,70,127,43,0,88,10201
20160516,16,300,40,50,80,127,42,5,124,10203
20160516,17,300,40,40,80,115,37,3,85,10202
20160516,18,290,30,30,60,108,47,0,24,10201
20160516,19,300,20,20,40,105,45,3,15,10201
20160516,20,280,20,20,40,102,49,0,1,10203
20160516,21,280,20,20,40,100,50,0,0,10202
20160516,22,270,20,10,30,93,51,0,0,10200
20160516,23,240,10,10,20,74,49,0,0,10199
20160516,24,200,10,10,10,52,44,0,0,10194
20160517,1,170,0,10,10,64,57,0,0,10191
20160517,2,200,10,20,20,76,60,0,0,10185
20160517,3,200,20,20,30,88,59,0,0,10178
20160517,4,200,30,30,40,94,54,0,0,10173
20160517,5,200,30,30,50,99,51,0,4,10168
20160517,6,220,30,30,50,109,52,0,25,10170
20160517,7,230,30,30,50,117,63,0,45,10169
20160517,8,240,30,30,60,140,89,5,136,10169
20160517,9,280,30,30,60,139,84,4,132,10169
20160517,10,280,30,40,70,149,67,5,167,10166
20160517,11,280,30,40,70,154,60,2,115,10163
20160517,12,300,30,30,70,161,66,1,134,10161
20160517,13,250,40,40,80,162,64,3,139,10158
20160517,14,260,40,30,70,165,75,3,150,10153
20160517,15,230,50,50,90,176,68,7,192,10148
20160517,16,260,50,50,100,171,62,9,169,10148
20160517,17,260,50,40,90,158,62,10,134,10147
20160517,18,280,40,30,70,149,59,10,77,10145
20160517,19,290,20,10,60,137,65,8,26,10143
20160517,20,230,10,20,40,123,70,0,2,10142
20160517,21,210,20,20,40,89,69,0,0,10141
20160517,22,180,10,10,20,73,63,0,0,10138
20160517,23,200,20,30,40,71,64,0,0,10134
20160517,24,200,20,30,40,93,66,0,0,10129
20160518,1,180,20,20,40,86,65,0,0,10122
20160518,2,190,20,20,50,95,68,0,0,10116
20160518,3,200,30,30,50,96,65,0,0,10109
20160518,4,200,30,30,60,95,62,0,1,10106
20160518,5,190,30,30,50,108,68,8,28,10105
20160518,6,200,40,40,70,119,75,0,44,10103
20160518,7,200,40,40,60,134,81,5,88,10102
20160518,8,190,30,30,60,152,83,2,125,10097
20160518,9,200,40,40,70,157,85,5,176,10092
20160518,10,200,40,40,80,165,80,4,196,10086
20160518,11,190,40,40,70,164,83,0,133,10080
20160518,12,150,40,40,80,183,94,2,148,10073
20160518,13,170,40,30,80,171,89,1,116,10066
20160518,14,200,30,30,70,172,80,0,50,10062
20160518,15,990,20,10,70,172,95,0,46,10057
20160518,16,140,20,20,30,181,88,1,92,10048
20160518,17,180,30,60,120,154,95,2,55,10046
20160518,18,200,40,30,120,146,98,0,18,10046
20160518,19,220,30,40,60,137,103,0,6,10048
20160518,20,120,20,10,60,121,110,0,0,10049
20160518,21,80,10,20,20,117,109,0,0,10048
20160518,22,130,20,20,30,117,107,0,0,10048
20160518,23,130,20,10,30,115,106,0,0,10049
20160518,24,80,10,10,20,114,108,0,0,10046
20160519,1,80,10,10,20,114,107,0,0,10047
20160519,2,990,0,10,10,110,104,0,0,10049
20160519,3,240,10,10,10,113,109,0,0,10052
20160519,4,240,20,20,30,113,100,0,0,10060
20160519,5,230,20,20,50,117,99,0,5,10071
20160519,6,240,20,20,40,116,106,0,13,10080
20160519,7,260,20,20,40,126,111,0,43,10089
20160519,8,270,20,20,40,133,110,0,60,10096
20160519,9,280,20,20,30,134,106,0,64,10104
20160519,10,240,20,30,50,137,108,0,61,10112
20160519,11,240,30,20,50,148,103,1,173,10117
20160519,12,220,30,30,50,164,103,5,237,10120
20160519,13,250,30,30,50,160,99,0,89,10122
20160519,14,230,30,40,50,169,99,0,98,10127
20160519,15,280,40,50,90,156,106,0,106,10133
20160519,16,280,30,20,90,154,103,0,76,10136
20160519,17,270,20,20,40,159,102,2,72,10138
20160519,18,260,20,20,30,156,89,2,44,10144
20160519,19,210,20,10,40,137,99,0,14,10146
20160519,20,180,10,10,30,113,99,0,1,10149
20160519,21,210,20,30,50,125,89,0,0,10150
20160519,22,230,30,30,60,127,80,0,0,10150
20160519,23,210,30,30,50,118,86,0,0,10150
20160519,24,200,30,30,60,118,89,0,0,10148
20160520,1,200,40,40,60,113,86,0,0,10148
20160520,2,210,40,40,70,119,80,0,0,10146
20160520,3,210,50,50,70,108,94,0,0,10147
20160520,4,200,40,40,70,114,98,0,0,10148
20160520,5,200,40,40,70,118,101,0,4,10146
20160520,6,220,40,30,70,119,107,0,8,10149
20160520,7,210,40,40,80,121,114,0,16,10151
20160520,8,220,50,40,80,127,115,0,28,10151
20160520,9,220,50,40,90,129,120,0,34,10154
20160520,10,220,40,40,70,134,126,0,39,10158
20160520,11,220,50,50,80,141,125,0,51,10161
20160520,12,220,40,40,80,155,120,1,73,10160
20160520,13,230,40,50,100,166,115,1,109,10160
20160520,14,250,40,50,80,178,116,2,148,10161
20160520,15,250,40,50,80,176,106,2,144,10159
20160520,16,250,40,40,90,175,104,1,90,10161
20160520,17,260,40,50,80,166,85,1,78,10163
20160520,18,250,40,30,80,160,86,0,30,10163
20160520,19,250,30,30,70,149,84,2,15,10165
20160520,20,250,20,20,50,137,91,0,3,10168
20160520,21,220,20,20,30,133,89,0,0,10169
20160520,22,200,20,20,30,131,94,0,0,10167
20160520,23,170,20,20,30,119,96,0,0,10162
20160520,24,160,20,20,30,109,92,0,0,10158
20160521,1,170,20,20,40,109,92,0,0,10155
20160521,2,170,30,30,50,113,91,0,0,10152
20160521,3,160,30,30,40,117,105,0,0,10146
20160521,4,160,20,20,40,118,113,0,1,10145
20160521,5,160,20,20,40,129,121,0,17,10142
20160521,6,180,30,40,60,148,129,4,50,10142
20160521,7,180,40,50,80,158,133,1,67,10141
20160521,8,190,50,50,90,172,137,5,138,10144
20160521,9,190,50,50,80,183,134,1,143,10142
20160521,10,200,50,60,100,189,127,2,133,10136
20160521,11,190,60,60,110,194,125,3,183,10133
20160521,12,190,60,60,110,207,122,3,205,10129
20160521,13,200,60,70,110,215,123,4,180,10126
20160521,14,200,60,50,120,227,124,5,220,10118
20160521,15,180,60,60,110,229,121,6,192,10113
20160521,16,190,60,60,110,230,118,8,166,10111
20160521,17,190,40,30,110,220,116,0,51,10108
20160521,18,190,40,30,70,216,116,0,33,10108
20160521,19,150,20,20,40,200,130,2,16,10102
20160521,20,150,20,20,40,191,129,0,2,10102
20160521,21,150,20,20,30,190,131,0,0,10101
20160521,22,160,30,30,50,189,130,0,0,10093
20160521,23,150,30,20,60,179,127,0,0,10085
20160521,24,140,30,30,50,175,135,0,0,10079
20160522,1,150,30,30,60,183,133,0,0,10073
20160522,2,170,30,40,60,182,132,0,0,10070
20160522,3,130,30,20,60,169,133,0,0,10062
20160522,4,130,20,20,40,166,128,0,0,10058
20160522,5,130,30,20,60,166,128,0,4,10051
20160522,6,150,20,20,50,162,131,0,9,10051
20160522,7,180,20,20,30,161,143,0,16,10056
20160522,8,250,20,20,50,166,148,0,44,10057
20160522,9,280,30,30,50,163,143,0,58,10067
20160522,10,280,20,20,40,171,143,0,99,10069
20160522,11,230,20,30,50,187,132,2,191,10072
20160522,12,260,30,30,70,179,132,0,79,10073
20160522,13,320,40,40,70,153,129,0,62,10075
20160522,14,320,20,20,60,147,138,0,26,10077
20160522,15,310,20,20,30,148,139,0,29,10078
20160522,16,330,20,20,40,142,136,0,19,10078
20160522,17,340,20,20,50,143,136,0,23,10078
20160522,18,30,20,30,50,139,132,0,8,10079
20160522,19,20,20,30,40,137,130,0,5,10076
20160522,20,40,20,30,40,136,129,0,0,10080
20160522,21,30,20,20,40,134,130,0,0,10079
20160522,22,40,30,30,50,132,128,0,0,10077
20160522,23,360,20,30,40,132,128,0,0,10073
20160522,24,340,30,40,70,129,124,0,0,10075
20160523,1,340,40,50,90,125,121,0,0,10073
20160523,2,340,50,40,80,120,112,0,0,10075
20160523,3,330,40,50,90,120,114,0,0,10078
20160523,4,330,40,40,90,117,110,0,0,10081
20160523,5,320,40,40,80,117,112,0,3,10082
20160523,6,330,40,40,70,119,112,0,6,10090
20160523,7,320,40,40,70,119,114,0,11,10097
20160523,8,320,40,50,90,120,115,0,20,10102
20160523,9,330,50,60,110,119,108,0,30,10110
20160523,10,330,60,60,110,122,107,0,75,10118
20160523,11,330,60,60,120,126,104,0,94,10124
20160523,12,330,60,60,130,131,110,0,117,10128
20160523,13,330,50,40,120,130,111,1,86,10136
20160523,14,340,50,40,110,127,106,0,57,10142
20160523,15,330,40,50,80,124,105,0,15,10147
20160523,16,320,40,30,90,124,106,0,16,10154
20160523,17,320,30,40,70,120,108,0,10,10160
20160523,18,340,40,40,70,121,102,0,26,10164
20160523,19,330,30,30,70,118,102,0,12,10170
20160523,20,330,30,30,60,117,99,0,1,10173
20160523,21,340,30,40,70,114,96,0,0,10174
20160523,22,330,30,30,70,111,86,0,0,10180
20160523,23,330,40,40,70,107,79,0,0,10180
20160523,24,340,40,30,70,105,76,0,0,10184
20160524,1,320,40,40,80,103,72,0,0,10181
20160524,2,330,40,40,80,104,72,0,0,10180
20160524,3,330,30,30,70,103,73,0,0,10179
20160524,4,320,40,40,80,102,70,0,1,10180
20160524,5,330,30,30,60,99,61,0,11,10180
20160524,6,330,40,30,70,105,67,0,27,10180
20160524,7,330,40,40,90,109,65,0,51,10183
20160524,8,350,50,50,90,114,67,0,87,10182
20160524,9,340,40,40,80,118,68,0,100,10182
20160524,10,350,40,50,80,129,76,0,125,10182
20160524,11,350,50,50,90,138,66,6,245,10182
20160524,12,340,50,50,100,139,64,5,234,10179
20160524,13,350,50,50,90,136,65,3,213,10175
20160524,14,360,50,50,100,128,64,0,135,10176
20160524,15,350,50,50,80,126,61,1,131,10174
20160524,16,350,50,40,80,122,65,0,84,10171
20160524,17,340,40,40,80,116,60,0,47,10172
20160524,18,330,30,30,80,112,61,0,17,10171
20160524,19,330,30,20,50,110,60,0,7,10170
20160524,20,330,30,20,50,106,68,0,1,10170
20160524,21,330,20,20,50,104,76,0,0,10168
20160524,22,290,20,20,40,101,80,0,0,10166
20160524,23,990,10,10,20,99,88,0,0,10165
20160524,24,260,10,20,30,101,88,0,0,10162
20160525,1,240,20,20,30,101,90,0,0,10158
20160525,2,240,20,20,30,102,91,0,0,10156
20160525,3,280,10,20,30,102,93,0,0,10154
20160525,4,260,10,10,20,103,98,0,1,10151
20160525,5,240,10,10,30,107,98,0,7,10149
20160525,6,230,10,20,20,113,98,0,15,10152
20160525,7,210,20,20,30,115,98,0,27,10153
20160525,8,220,20,20,40,123,99,0,52,10153
20160525,9,210,20,20,30,124,101,0,63,10153
20160525,10,250,20,20,30,127,100,0,43,10152
20160525,11,200,20,30,40,127,108,0,39,10152
20160525,12,230,20,20,30,132,105,0,43,10153
20160525,13,200,20,20,40,131,108,0,39,10154
20160525,14,200,30,30,40,136,103,0,83,10153
20160525,15,200,20,20,40,142,102,0,64,10151
20160525,16,190,20,20,40,143,106,0,56,10150
20160525,17,180,30,30,40,142,107,2,57,10151
20160525,18,230,20,10,40,137,111,0,22,10153
20160525,19,330,10,10,30,134,106,0,7,10156
20160525,20,320,20,20,40,127,104,0,1,10162
20160525,21,330,20,20,30,117,101,0,0,10162
20160525,22,330,10,10,20,96,92,0,0,10163
20160525,23,0,10,0,10,83,80,0,0,10164
20160525,24,290,0,10,10,78,75,0,0,10165
20160526,1,330,10,10,20,67,64,0,0,10164
20160526,2,80,10,10,10,58,56,0,0,10164
20160526,3,40,10,10,20,63,60,0,0,10164
20160526,4,360,10,10,10,76,73,0,1,10168
20160526,5,0,0,0,10,91,88,0,12,10170
20160526,6,40,10,10,20,108,102,3,51,10171
20160526,7,70,20,20,30,125,107,0,71,10173
20160526,8,990,10,10,20,143,106,2,126,10173
20160526,9,990,10,10,30,159,105,10,254,10172
20160526,10,230,10,20,30,167,96,7,251,10172
20160526,11,270,10,20,40,174,101,4,219,10172
20160526,12,340,20,20,40,170,96,1,127,10173
20160526,13,10,20,20,40,182,106,1,152,10171
20160526,14,40,20,20,40,178,103,6,232,10167
20160526,15,990,20,10,40,182,95,7,199,10165
20160526,16,20,20,20,50,182,106,5,131,10162
20160526,17,30,30,40,60,177,103,3,78,10160
20160526,18,20,40,40,70,173,103,9,78,10161
20160526,19,30,40,40,60,158,99,10,32,10161
20160526,20,20,30,30,50,144,106,0,4,10165
20160526,21,20,20,20,40,134,111,0,0,10168
20160526,22,30,20,20,30,128,113,0,0,10165
20160526,23,50,30,40,60,128,113,0,0,10163
20160526,24,40,30,30,50,122,110,0,0,10161
20160527,1,50,30,30,40,115,106,0,0,10160
20160527,2,70,20,10,40,109,102,0,0,10161
20160527,3,40,20,20,30,107,101,0,0,10160
20160527,4,50,30,30,50,108,102,0,2,10161
20160527,5,60,20,20,40,115,104,5,23,10162
20160527,6,60,30,30,60,132,109,7,68,10164
20160527,7,50,30,30,50,153,117,10,125,10165
20160527,8,60,40,40,60,164,115,7,162,10166
20160527,9,30,30,30,60,178,116,0,130,10166
20160527,10,40,30,40,60,183,119,1,155,10165
20160527,11,80,40,40,70,190,123,0,144,10163
20160527,12,50,30,30,60,200,136,1,167,10162
20160527,13,60,40,40,60,201,128,7,269,10161
20160527,14,50,40,40,60,199,122,2,146,10160
20160527,15,60,40,40,80,199,120,2,133,10158
20160527,16,50,40,40,70,199,124,3,119,10156
20160527,17,30,40,50,80,198,111,6,104,10156
20160527,18,20,50,50,80,185,113,10,73,10158
20160527,19,20,40,40,70,173,123,10,30,10161
20160527,20,10,30,30,50,163,122,0,5,10166
20160527,21,10,30,40,60,155,122,0,0,10164
20160527,22,20,30,30,50,147,121,0,0,10162
20160527,23,10,30,30,50,140,120,0,0,10160
20160527,24,10,30,20,40,133,119,0,0,10158
20160528,1,360,20,20,40,127,118,0,0,10157
20160528,2,350,20,20,30,121,117,0,0,10156
20160528,3,350,20,20,30,115,112,0,0,10155
20160528,4,340,20,20,30,121,118,0,2,10153
20160528,5,10,20,10,30,134,129,0,20,10150
20160528,6,10,10,20,40,146,130,5,57,10149
20160528,7,40,20,10,40,162,135,9,114,10147
20160528,8,990,10,10,30,182,145,7,162,10145
20160528,9,350,20,30,50,198,145,8,218,10141
20160528,10,360,20,20,50,205,136,6,233,10139
20160528,11,40,20,20,40,205,130,4,192,10136
20160528,12,50,20,20,50,213,135,4,213,10131
20160528,13,330,20,30,60,215,142,2,162,10128
20160528,14,30,30,50,70,212,152,6,222,10124
20160528,15,30,40,40,70,194,155,0,59,10122
20160528,16,10,30,30,60,200,152,0,59,10119
20160528,17,20,30,40,70,211,143,9,120,10112
20160528,18,10,30,30,80,203,150,1,46,10113
20160528,19,20,20,20,60,197,148,10,28,10114
20160528,20,10,30,30,50,190,150,2,5,10114
20160528,21,30,30,30,50,176,145,0,0,10112
20160528,22,20,30,30,60,168,142,0,0,10108
20160528,23,10,30,30,40,163,141,0,0,10106
20160528,24,30,30,20,50,156,140,0,0,10105
20160529,1,40,30,30,50,151,136,0,0,10099
20160529,2,40,30,40,60,149,133,0,0,10092
20160529,3,30,30,20,60,145,129,0,0,10094
20160529,4,20,20,20,40,141,127,0,2,10090
20160529,5,40,30,40,50,149,126,7,26,10087
20160529,6,50,40,40,60,159,133,4,65,10087
20160529,7,50,30,30,70,169,140,6,97,10086
20160529,8,40,30,30,50,174,143,1,95,10087
20160529,9,30,30,40,60,178,142,0,81,10089
20160529,10,40,40,40,90,181,147,0,76,10089
20160529,11,30,40,50,70,190,152,0,84,10086
20160529,12,30,40,50,70,200,151,0,90,10083
20160529,13,30,40,30,70,201,141,0,58,10083
20160529,14,30,40,40,70,203,125,0,61,10084
20160529,15,20,40,40,70,200,139,0,60,10083
20160529,16,360,40,50,80,193,139,0,53,10081
20160529,17,360,50,50,80,186,139,0,44,10082
20160529,18,360,40,40,80,180,139,0,25,10083
20160529,19,360,40,40,60,168,149,0,5,10085
20160529,20,360,40,30,80,161,152,0,0,10085
20160529,21,360,40,40,70,161,149,0,0,10087
20160529,22,20,30,40,70,161,146,0,0,10088
20160529,23,30,40,40,70,160,147,0,0,10085
20160529,24,10,30,30,70,160,147,0,0,10084
20160530,1,10,30,30,60,160,148,0,0,10079
20160530,2,360,40,40,70,159,146,0,0,10071
20160530,3,10,40,40,80,158,145,0,0,10072
20160530,4,350,40,40,80,155,143,0,0,10067
20160530,5,10,50,50,110,153,142,0,3,10066
20160530,6,360,40,50,90,156,144,0,8,10069
20160530,7,350,50,50,90,157,145,0,12,10066
20160530,8,350,60,70,110,156,143,0,20,10063
20160530,9,360,60,60,120,158,143,0,26,10062
20160530,10,360,60,60,110,161,144,0,48,10062
20160530,11,360,60,70,120,162,143,0,59,10062
20160530,12,350,60,60,120,166,145,0,57,10055
20160530,13,350,70,80,140,168,146,0,83,10052
20160530,14,350,70,70,130,167,146,0,68,10049
20160530,15,350,60,60,120,174,150,0,68,10042
20160530,16,350,60,50,120,173,151,0,43,10044
20160530,17,350,50,50,120,167,155,0,2,10044
20160530,18,330,30,20,80,163,156,0,1,10044
20160530,19,360,40,40,70,162,155,0,1,10048
20160530,20,320,30,30,60,161,158,0,0,10047
20160530,21,350,40,50,90,162,157,0,0,10047
20160530,22,360,50,60,110,164,157,0,0,10047
20160530,23,10,40,30,90,165,159,0,0,10049
20160530,24,10,30,30,70,167,161,0,0,10049
20160531,1,40,30,20,50,169,164,0,0,10050
20160531,2,80,30,20,40,166,161,0,0,10053
20160531,3,60,30,30,40,162,157,0,0,10056
20160531,4,60,30,30,50,161,156,0,1,10061
20160531,5,60,30,30,50,163,153,0,19,10066
20160531,6,90,30,40,60,174,147,7,74,10072
20160531,7,80,40,40,70,182,138,10,132,10079
20160531,8,110,50,40,80,182,133,10,178,10083
20160531,9,90,50,60,80,186,129,7,182,10088
20160531,10,100,50,40,70,194,133,2,168,10095
20160531,11,90,40,40,60,191,138,3,139,10100
20160531,12,80,40,40,60,198,140,1,121,10105
20160531,13,100,40,30,60,206,135,3,151,10106
20160531,14,110,40,40,70,206,132,0,121,10112
20160531,15,60,30,30,50,215,128,2,143,10113
20160531,16,90,30,30,70,212,142,2,119,10115
20160531,17,990,20,10,40,224,123,6,99,10116
20160531,18,40,20,10,60,218,122,4,46,10123
20160531,19,100,10,10,10,197,138,8,29,10129
20160531,20,350,0,10,10,163,144,2,4,10136
20160531,21,340,10,10,20,145,138,0,0,10141
20160531,22,340,10,20,20,136,131,0,0,10144
20160531,23,340,20,20,30,150,147,0,0,10145
20160531,24,330,20,20,40,167,166,0,0,10144
20160601,1,340,30,20,50,168,165,0,0,10145
20160601,2,340,20,30,50,165,164,0,0,10143
20160601,3,340,30,30,50,163,162,0,0,10143
20160601,4,320,20,20,40,157,154,0,1,10142
20160601,5,330,20,20,40,155,152,0,8,10142
20160601,6,310,20,30,40,160,157,0,19,10144
20160601,7,310,30,20,50,164,160,0,41,10146
20160601,8,290,20,20,40,173,163,0,54,10146
20160601,9,340,30,40,60,188,169,0,71,10143
20160601,10,350,30,40,60,200,169,0,110,10140
20160601,11,10,40,40,80,216,174,5,233,10139
20160601,12,360,40,40,80,224,180,5,232,10138
20160601,13,20,40,40,60,230,180,4,185,10136
20160601,14,350,40,40,60,242,178,3,146,10132
20160601,15,360,50,50,100,241,178,8,202,10129
20160601,16,360,60,70,110,233,163,10,188,10125
20160601,17,360,60,50,110,219,165,9,132,10123
20160601,18,360,60,60,110,209,161,6,70,10124
20160601,19,360,60,50,100,196,159,7,28,10124
20160601,20,360,50,50,110,194,157,0,6,10128
20160601,21,350,50,50,80,187,153,0,0,10130
20160601,22,350,40,40,90,180,152,0,0,10129
20160601,23,360,50,60,90,178,147,0,0,10128
20160601,24,360,50,50,90,172,143,0,0,10128
20160602,1,360,50,40,100,164,142,0,0,10123
20160602,2,360,50,70,120,158,140,0,0,10118
20160602,3,10,60,60,110,156,139,0,0,10119
20160602,4,20,50,40,120,154,138,0,0,10122
20160602,5,360,50,50,110,154,139,0,6,10123
20160602,6,10,50,50,90,157,142,0,15,10126
20160602,7,10,50,50,90,157,143,0,23,10129
20160602,8,360,50,50,90,158,143,0,38,10131
20160602,9,10,50,60,100,162,145,0,50,10131
20160602,10,360,50,50,90,163,142,0,81,10131
20160602,11,10,50,60,90,163,144,0,72,10133
20160602,12,360,40,40,80,164,146,0,67,10132
20160602,13,360,50,40,80,165,143,0,74,10130
20160602,14,350,50,60,100,156,140,0,64,10128
20160602,15,350,50,50,100,156,137,0,56,10129
20160602,16,350,50,50,100,150,135,0,38,10127
20160602,17,360,50,50,100,148,135,0,19,10129
20160602,18,360,50,60,100,146,133,0,13,10127
20160602,19,350,50,50,90,143,132,0,5,10127
20160602,20,360,50,50,90,140,129,0,1,10130
20160602,21,350,50,40,100,138,131,0,0,10133
20160602,22,10,30,40,60,138,133,0,0,10132
20160602,23,360,40,30,60,137,133,0,0,10132
20160602,24,350,30,30,50,137,133,0,0,10129
20160603,1,10,20,20,40,137,134,0,0,10129
20160603,2,340,20,20,40,139,136,0,0,10127
20160603,3,330,20,20,40,138,135,0,0,10126
20160603,4,350,20,20,50,138,135,0,1,10126
20160603,5,350,20,30,40,142,139,0,12,10126
20160603,6,340,20,20,40,144,141,0,21,10129
20160603,7,320,20,10,30,147,144,0,22,10134
20160603,8,350,20,20,30,153,146,0,32,10135
20160603,9,310,20,10,30,159,149,0,44,10134
20160603,10,300,20,20,30,163,150,0,56,10135
20160603,11,300,20,20,30,166,151,0,67,10137
20160603,12,300,20,20,30,172,153,0,70,10137
20160603,13,990,20,10,30,194,158,1,166,10134
20160603,14,360,20,20,30,192,156,0,91,10134
20160603,15,280,20,20,30,210,159,5,182,10130
20160603,16,320,20,30,50,209,160,7,163,10127
20160603,17,320,30,40,60,202,155,10,124,10130
20160603,18,310,30,30,60,196,158,10,86,10127
20160603,19,310,30,30,50,180,153,2,20,10129
20160603,20,290,20,20,50,168,150,0,3,10134
20160603,21,290,20,30,50,154,141,0,0,10135
20160603,22,310,30,20,40,143,137,0,0,10135
20160603,23,300,20,30,50,144,140,0,0,10133
20160603,24,310,20,20,40,143,140,0,0,10131
20160604,1,270,10,20,30,141,138,0,0,10133
20160604,2,280,20,10,30,142,141,0,0,10131
20160604,3,240,10,10,20,143,143,0,0,10130
20160604,4,280,10,10,20,144,144,0,1,10133
20160604,5,280,10,10,20,144,144,0,8,10135
20160604,6,300,10,10,30,148,148,0,26,10135
20160604,7,310,20,10,30,152,152,0,52,10137
20160604,8,360,10,10,20,161,161,0,84,10138
20160604,9,20,20,20,30,178,169,1,114,10142
20160604,10,990,10,10,30,230,178,10,272,10141
20160604,11,60,10,20,30,249,172,7,271,10140
20160604,12,340,20,30,50,254,183,7,260,10137
20160604,13,10,30,30,60,268,136,9,281,10134
20160604,14,60,30,30,60,261,137,6,207,10133
20160604,15,990,30,10,100,220,176,1,68,10136
20160604,16,350,20,40,80,251,163,8,158,10132
20160604,17,360,40,40,80,251,166,10,131,10130
20160604,18,360,40,40,80,247,169,10,85,10134
20160604,19,40,40,40,80,238,162,10,59,10140
20160604,20,30,50,50,90,209,161,2,18,10149
20160604,21,40,40,40,70,206,159,0,0,10153
20160604,22,20,30,20,60,203,163,0,0,10156
20160604,23,30,20,30,40,200,164,0,0,10158
20160604,24,20,30,20,40,192,159,0,0,10159
20160605,1,10,20,20,40,185,154,0,0,10160
20160605,2,360,20,20,40,178,151,0,0,10161
20160605,3,10,20,20,50,175,151,0,0,10163
20160605,4,20,20,20,40,173,143,0,4,10167
20160605,5,30,30,30,60,175,137,10,32,10171
20160605,6,20,30,30,50,186,139,8,78,10174
20160605,7,20,40,40,60,198,133,10,131,10177
20160605,8,20,40,40,60,214,134,10,185,10181
20160605,9,20,40,30,60,233,148,10,235,10183
20160605,10,30,40,40,70,233,156,10,274,10186
20160605,11,40,40,40,60,239,159,10,299,10187
20160605,12,30,40,40,70,246,158,10,311,10186
20160605,13,40,40,40,80,253,171,10,304,10183
20160605,14,10,40,50,70,251,154,10,284,10184
20160605,15,360,50,50,80,248,142,10,248,10183
20160605,16,360,50,50,80,240,154,10,202,10185
20160605,17,350,50,50,90,222,129,10,147,10190
20160605,18,360,50,50,80,206,113,10,92,10194
20160605,19,10,40,40,80,185,122,10,41,10199
20160605,20,360,40,40,70,166,116,2,7,10203
20160605,21,360,30,30,70,155,127,0,0,10209
20160605,22,10,20,30,40,150,126,0,0,10210
20160605,23,350,30,20,50,142,124,0,0,10208
20160605,24,360,20,30,50,137,119,0,0,10208
20160606,1,20,20,30,50,130,112,0,0,10209
20160606,2,30,20,20,40,124,109,0,0,10210
20160606,3,20,20,20,40,120,109,0,0,10209
20160606,4,30,30,30,50,118,114,0,2,10212
20160606,5,20,30,20,40,125,109,5,30,10214
20160606,6,20,30,30,40,136,110,10,83,10215
20160606,7,360,20,30,40,155,113,10,140,10215
20160606,8,20,30,30,50,172,112,10,195,10216
20160606,9,40,30,30,50,194,119,10,244,10217
20160606,10,40,30,30,50,210,114,10,282,10218
20160606,11,40,30,30,50,223,112,10,306,10216
20160606,12,20,30,30,50,238,117,10,315,10213
20160606,13,360,30,20,50,252,106,10,309,10209
20160606,14,10,30,30,50,252,120,10,285,10211
20160606,15,20,30,40,60,250,117,10,249,10207
20160606,16,40,30,40,60,241,135,9,193,10206
20160606,17,20,40,40,60,238,111,10,155,10206
20160606,18,360,40,40,60,231,141,10,102,10209
20160606,19,20,40,40,70,214,151,10,53,10210
20160606,20,20,40,30,60,200,147,2,12,10215
20160606,21,360,30,20,50,188,143,0,0,10217
20160606,22,10,30,30,40,180,141,0,0,10215
20160606,23,10,20,20,40,173,139,0,0,10218
20160606,24,20,20,20,40,166,133,0,0,10217
20160607,1,30,20,20,40,162,130,0,0,10217
20160607,2,30,20,20,40,160,131,0,0,10215
20160607,3,20,20,20,40,156,130,0,0,10215
20160607,4,20,20,20,40,154,130,0,1,10217
20160607,5,40,20,20,40,153,131,0,9,10218
20160607,6,30,20,20,30,158,131,0,21,10223
20160607,7,30,20,20,40,166,137,0,37,10225
20160607,8,50,20,30,40,188,145,0,107,10224
20160607,9,40,30,30,60,214,119,10,251,10224
20160607,10,20,30,30,60,231,114,8,259,10223
20160607,11,40,40,40,60,243,100,8,297,10222
20160607,12,20,30,30,60,255,103,5,251,10223
20160607,13,30,40,30,60,257,130,10,315,10218
20160607,14,10,40,40,70,257,112,9,279,10212
20160607,15,30,50,50,70,255,108,10,249,10208
20160607,16,30,50,50,80,242,144,10,201,10210
20160607,17,10,40,40,70,235,145,6,114,10216
20160607,18,30,40,30,60,222,154,0,20,10220
20160607,19,30,30,30,60,211,159,2,21,10218
20160607,20,360,30,30,60,202,154,3,6,10216
20160607,21,10,30,30,50,191,158,0,0,10216
20160607,22,30,20,20,40,181,156,0,0,10221
20160607,23,360,30,30,50,174,153,0,0,10219
20160607,24,10,20,20,40,168,150,0,0,10216
20160608,1,50,10,10,30,152,143,0,0,10218
20160608,2,10,20,20,40,154,141,0,0,10216
20160608,3,50,20,10,30,142,135,0,0,10217
20160608,4,60,20,20,30,138,124,0,3,10218
20160608,5,40,20,20,30,139,112,0,23,10222
20160608,6,70,10,20,30,144,119,0,41,10225
20160608,7,990,10,10,20,153,125,0,43,10225
20160608,8,340,10,20,40,164,128,0,77,10224
20160608,9,350,20,20,30,166,133,0,81,10224
20160608,10,330,20,30,40,180,127,1,126,10222
20160608,11,320,30,30,60,199,125,8,285,10219
20160608,12,330,30,30,60,206,118,10,321,10217
20160608,13,320,30,30,60,213,130,9,295,10216
20160608,14,350,40,50,80,208,123,8,258,10215
20160608,15,360,50,50,90,192,121,10,261,10217
20160608,16,360,50,50,90,180,118,8,196,10216
20160608,17,10,60,50,90,158,114,3,95,10218
20160608,18,10,50,50,80,155,111,0,43,10218
20160608,19,360,50,40,80,148,111,7,27,10218
20160608,20,360,40,30,70,144,110,0,5,10222
20160608,21,350,30,30,90,141,110,0,0,10223
20160608,22,330,30,30,80,131,106,0,0,10221
20160608,23,330,20,30,40,128,107,0,0,10221
20160608,24,330,30,30,60,129,107,0,0,10219
20160609,1,330,30,30,60,126,107,0,0,10218
20160609,2,340,30,30,50,123,104,0,0,10217
20160609,3,320,20,20,40,118,103,0,0,10216
20160609,4,320,20,20,40,120,105,0,3,10216
20160609,5,330,30,30,50,132,106,7,33,10215
20160609,6,320,30,30,60,136,106,10,84,10214
20160609,7,330,30,30,50,145,106,10,132,10211
20160609,8,340,30,30,60,160,86,10,190,10210
20160609,9,330,30,40,70,167,81,10,247,10209
20160609,10,310,40,40,80,173,91,10,286,10207
20160609,11,310,40,30,60,182,74,10,311,10204
20160609,12,320,40,30,70,187,42,10,319,10203
20160609,13,310,30,30,70,195,82,10,313,10199
20160609,14,320,40,50,80,194,85,10,286,10196
20160609,15,330,40,40,80,190,77,10,247,10191
20160609,16,320,40,40,80,185,85,10,204,10189
20160609,17,340,40,40,70,183,71,10,155,10189
20160609,18,330,30,30,60,175,76,10,98,10185
20160609,19,350,30,30,50,164,74,10,44,10181
20160609,20,20,30,30,50,148,90,3,7,10182
20160609,21,30,20,10,50,126,93,0,0,10182
20160609,22,330,10,20,30,113,92,0,0,10181
20160609,23,330,20,20,30,114,93,0,0,10179
20160609,24,310,20,20,30,110,93,0,0,10174
20160610,1,320,10,10,20,111,96,0,0,10168
20160610,2,330,10,10,20,115,97,0,0,10164
20160610,3,310,10,10,20,112,97,0,0,10160
20160610,4,320,10,10,30,114,101,0,2,10159
20160610,5,320,10,20,30,123,100,0,17,10156
20160610,6,320,10,20,20,134,103,2,50,10155
20160610,7,330,10,20,30,152,78,10,139,10156
20160610,8,360,20,20,30,157,48,6,167,10155
20160610,9,260,20,20,30,173,50,9,234,10152
20160610,10,320,20,20,40,185,16,9,277,10153
20160610,11,10,30,20,50,193,62,7,283,10146
20160610,12,300,30,30,50,201,86,7,280,10141
20160610,13,320,30,20,50,206,95,9,281,10138
20160610,14,310,30,30,50,207,100,6,211,10134
20160610,15,320,20,20,40,211,101,3,164,10130
20160610,16,40,30,40,50,201,114,3,130,10128
20160610,17,30,30,30,50,193,114,8,110,10125
20160610,18,30,30,30,50,183,113,2,52,10124
20160610,19,30,30,40,60,172,105,0,20,10122
20160610,20,20,30,30,50,167,105,0,4,10124
20160610,21,30,30,30,40,162,111,0,0,10125
20160610,22,40,20,20,40,157,112,0,0,10122
20160610,23,50,20,30,50,151,100,0,0,10121
20160610,24,50,20,20,30,145,100,0,0,10119
20160611,1,70,20,20,40,136,99,0,0,10119
20160611,2,50,20,20,30,129,99,0,0,10116
20160611,3,120,10,10,30,123,107,0,0,10115
20160611,4,90,10,20,30,120,106,0,0,10116
20160611,5,70,10,10,20,121,106,0,6,10117
20160611,6,80,20,10,30,124,105,0,20,10118
20160611,7,60,20,20,30,128,113,0,32,10122
20160611,8,70,20,20,40,139,121,0,84,10122
20160611,9,70,20,10,30,155,128,0,107,10122
20160611,10,130,10,20,30,164,130,1,150,10121
20160611,11,130,10,10,30,173,131,0,135,10119
20160611,12,100,10,10,30,187,128,2,196,10117
20160611,13,990,10,10,20,193,121,0,147,10113
20160611,14,190,10,20,30,195,121,1,142,10111
20160611,15,990,10,10,30,206,129,3,168,10107
20160611,16,350,20,40,50,196,130,0,103,10105
20160611,17,50,30,30,40,194,132,3,100,10104
20160611,18,40,20,20,30,196,130,10,92,10102
20160611,19,10,20,20,30,190,131,8,31,10104
20160611,20,360,20,20,30,177,129,0,5,10105
20160611,21,10,20,20,40,174,125,0,0,10108
20160611,22,40,20,20,30,166,128,0,0,10107
20160611,23,40,10,10,20,155,128,0,0,10104
20160611,24,10,10,10,20,154,127,0,0,10103
20160612,1,310,10,10,10,146,130,0,0,10100
20160612,2,0,10,0,10,142,128,0,0,10097
20160612,3,990,0,10,10,136,127,0,0,10095
20160612,4,0,0,0,10,136,126,0,2,10094
20160612,5,0,0,0,0,143,133,0,10,10096
20160612,6,140,10,10,20,157,122,0,33,10094
20160612,7,210,10,10,10,173,121,0,64,10092
20160612,8,150,10,10,20,182,135,0,80,10092
20160612,9,220,10,20,30,198,123,2,154,10087
20160612,10,270,10,20,40,207,129,3,186,10085
20160612,11,220,20,20,60,181,148,0,82,10085
20160612,12,230,20,40,90,167,128,0,71,10082
20160612,13,990,10,10,60,176,150,1,73,10081
20160612,14,990,10,10,30,186,144,2,139,10077
20160612,15,130,10,10,20,194,156,0,85,10071
20160612,16,30,10,20,30,188,157,0,54,10069
20160612,17,320,20,20,30,186,137,0,41,10067
20160612,18,10,20,10,40,175,110,0,23,10065
20160612,19,130,20,20,30,162,148,0,12,10061
20160612,20,140,20,20,40,155,147,0,2,10058
20160612,21,130,20,20,30,151,147,0,0,10057
20160612,22,140,20,20,40,148,145,0,0,10050
20160612,23,160,20,20,40,148,143,0,0,10045
20160612,24,150,20,10,40,147,141,0,0,10038
20160613,1,10,10,10,10,148,141,0,0,10032
20160613,2,0,0,0,10,146,141,0,0,10027
20160613,3,220,0,10,20,147,143,0,0,10024
20160613,4,220,10,10,20,149,146,0,0,10020
20160613,5,240,10,10,30,151,146,0,4,10017
20160613,6,220,30,30,50,156,146,0,21,10014
20160613,7,220,30,30,50,158,145,0,30,10014
20160613,8,210,30,30,60,160,148,0,59,10013
20160613,9,200,30,40,60,180,142,4,162,10003
20160613,10,220,40,40,70,183,141,3,149,10002
20160613,11,230,40,40,70,173,151,1,136,10002
20160613,12,260,40,40,60,164,150,1,101,9998
20160613,13,250,40,60,100,182,143,4,177,9995
20160613,14,260,50,50,110,167,132,0,96,9996
20160613,15,280,40,40,90,160,130,1,76,9999
20160613,16,280,40,40,90,158,127,0,60,10000
20160613,17,270,40,30,80,158,128,0,63,10001
20160613,18,280,40,40,70,158,125,0,35,10003
20160613,19,290,30,20,50,155,123,0,20,10005
20160613,20,280,20,20,50,154,127,0,3,10005
20160613,21,270,20,20,30,153,131,0,0,10006
20160613,22,240,20,20,40,151,131,0,0,10004
20160613,23,230,30,30,60,147,130,0,0,10001
20160613,24,230,30,30,60,148,126,0,0,9998
20160614,1,220,30,30,70,147,130,0,0,9996
20160614,2,200,30,30,50,141,127,0,0,9993
20160614,3,200,20,20,40,142,130,0,0,9989
20160614,4,190,20,30,40,142,132,0,2,9986
20160614,5,190,30,20,50,142,135,0,8,9985
20160614,6,200,30,30,50,144,139,0,13,9984
20160614,7,220,40,50,70,143,137,0,14,9983
20160614,8,220,30,20,60,140,137,0,16,9986
20160614,9,220,30,40,70,149,139,0,29,9984
20160614,10,210,30,30,70,157,140,1,93,9979
20160614,11,190,40,40,70,165,137,0,99,9981
20160614,12,240,50,60,110,147,137,2,128,9983
20160614,13,270,30,20,90,163,144,1,122,9979
20160614,14,230,30,30,60,186,140,6,233,9976
20160614,15,220,30,20,50,184,135,5,181,9971
20160614,16,260,40,40,70,176,139,4,113,9977
20160614,17,250,40,30,70,170,132,2,77,9973
20160614,18,230,30,20,50,170,126,0,25,9974
20160614,19,190,20,20,40,165,133,0,14,9975
20160614,20,200,20,10,20,153,136,0,3,9978
20160614,21,150,10,10,30,140,131,0,0,9979
20160614,22,160,20,20,30,132,126,0,0,9979
20160614,23,160,10,10,10,118,117,0,0,9979
20160614,24,170,20,20,30,120,117,0,0,9978
20160615,1,170,20,20,40,123,118,0,0,9975
20160615,2,170,20,20,30,122,118,0,0,9976
20160615,3,170,20,20,30,118,115,0,0,9974
20160615,4,170,20,20,30,118,114,0,2,9974
20160615,5,180,20,20,40,127,119,0,20,9976
20160615,6,170,20,20,30,138,126,0,43,9979
20160615,7,190,30,30,50,138,123,0,39,9984
20160615,8,140,20,20,30,143,128,0,49,9986
20160615,9,160,20,20,40,161,117,1,139,9987
20160615,10,150,30,30,50,146,131,1,73,9987
20160615,11,160,30,30,40,151,130,0,108,9989
20160615,12,190,20,30,40,171,134,3,201,9987
20160615,13,170,30,40,60,181,125,8,304,9985
20160615,14,310,30,30,70,165,124,2,115,9988
20160615,15,100,20,20,40,165,126,2,98,9989
20160615,16,10,20,20,30,159,131,3,91,10002
20160615,17,270,20,20,40,158,121,4,111,9996
20160615,18,990,10,10,20,166,127,4,68,9998
20160615,19,230,10,10,20,160,121,8,39,10003
20160615,20,200,10,10,20,146,128,3,11,10009
20160615,21,170,10,10,20,136,127,0,0,10012
20160615,22,170,10,20,30,128,123,0,0,10017
20160615,23,160,20,20,30,137,122,0,0,10017
20160615,24,200,20,20,40,139,123,0,0,10016
20160616,1,170,20,20,30,124,114,0,0,10016
20160616,2,150,20,20,20,104,101,0,0,10016
20160616,3,160,20,10,20,102,99,0,0,10015
20160616,4,150,10,10,20,96,96,0,3,10016
20160616,5,160,10,20,30,121,118,10,36,10021
20160616,6,170,20,20,30,133,123,10,79,10025
20160616,7,990,20,10,30,165,126,10,141,10025
20160616,8,990,10,10,50,176,92,10,201,10028
20160616,9,130,20,20,40,175,94,9,207,10024
20160616,10,270,20,20,30,186,99,6,191,10030
20160616,11,200,10,20,40,201,87,7,257,10031
20160616,12,120,20,30,50,193,97,5,229,10026
20160616,13,140,20,20,40,200,104,5,249,10021
20160616,14,120,20,20,50,206,90,5,229,10019
20160616,15,130,20,20,50,198,100,0,110,10020
20160616,16,320,20,30,50,182,118,0,78,10019
20160616,17,340,30,30,40,182,114,0,55,10017
20160616,18,40,30,40,70,164,115,0,29,10020
20160616,19,190,30,20,60,161,108,0,17,10023
20160616,20,90,20,30,50,143,126,0,0,10029
20160616,21,990,20,10,70,140,135,0,0,10029
20160616,22,300,20,20,40,136,132,0,0,10027
20160616,23,310,20,20,40,136,131,0,0,10028
20160616,24,320,20,20,40,133,126,0,0,10025
20160617,1,310,20,20,40,133,127,0,0,10024
20160617,2,320,20,10,30,133,129,0,0,10023
20160617,3,990,10,10,20,130,123,0,0,10025
20160617,4,290,10,10,20,130,126,0,1,10029
20160617,5,270,20,20,30,133,126,0,3,10033
20160617,6,260,20,10,30,136,127,0,10,10039
20160617,7,290,20,20,40,144,135,0,27,10043
20160617,8,300,20,20,40,149,126,0,55,10050
20160617,9,300,20,20,40,162,128,0,119,10054
20160617,10,290,20,20,40,158,135,5,221,10057
20160617,11,270,20,30,70,177,133,3,150,10060
20160617,12,290,30,40,70,179,115,6,241,10064
20160617,13,240,40,40,70,180,130,1,125,10069
20160617,14,340,20,20,70,187,120,4,193,10072
20160617,15,260,10,10,50,180,130,0,42,10081
20160617,16,270,30,30,60,154,128,0,33,10089
20160617,17,290,20,20,30,160,134,0,55,10087
20160617,18,100,10,20,20,162,147,0,29,10095
20160617,19,990,10,10,10,161,150,2,15,10100
20160617,20,330,10,10,20,158,144,2,9,10105
20160617,21,310,10,20,30,151,133,0,0,10111
20160617,22,310,20,10,30,136,124,0,0,10115
20160617,23,340,20,10,40,125,118,0,0,10117
20160617,24,0,10,0,10,111,108,0,0,10121
20160618,1,250,0,10,10,102,101,0,0,10122
20160618,2,260,10,10,20,104,101,0,0,10123
20160618,3,260,10,10,10,103,103,0,0,10125
20160618,4,250,10,20,20,120,117,0,1,10129
20160618,5,250,20,20,30,128,118,3,22,10131
20160618,6,260,20,30,50,145,109,7,78,10135
20160618,7,230,30,40,50,154,107,10,147,10137
20160618,8,250,30,30,60,166,111,5,152,10143
20160618,9,230,40,50,70,165,120,2,151,10146
20160618,10,250,50,40,80,158,122,2,159,10141
20160618,11,250,30,40,70,156,121,2,122,10146
20160618,12,270,40,50,90,161,118,3,155,10152
20160618,13,280,50,50,80,164,119,1,144,10158
20160618,14,300,40,50,90,160,108,3,123,10160
20160618,15,300,50,50,110,141,125,3,99,10168
20160618,16,290,40,40,80,155,115,0,50,10173
20160618,17,280,50,50,100,154,111,4,96,10175
20160618,18,290,40,40,80,147,111,2,45,10182
20160618,19,300,30,40,70,142,115,0,12,10188
20160618,20,290,30,30,60,139,116,0,3,10195
20160618,21,310,30,20,70,131,117,0,0,10202
20160618,22,310,30,30,70,128,103,0,0,10208
20160618,23,300,30,30,50,128,100,0,0,10211
20160618,24,290,20,20,50,127,99,0,0,10214
20160619,1,280,20,20,50,126,99,0,0,10214
20160619,2,280,20,30,40,125,96,0,0,10216
20160619,3,300,30,30,70,122,92,0,0,10218
20160619,4,280,20,20,60,122,87,0,2,10223
20160619,5,290,20,20,40,124,87,0,10,10229
20160619,6,310,20,20,40,122,94,0,12,10236
20160619,7,320,20,30,40,139,91,2,58,10244
20160619,8,310,30,30,60,147,76,8,170,10240
20160619,9,280,30,30,60,146,81,5,160,10248
20160619,10,280,40,30,70,157,62,5,223,10248
20160619,11,310,30,30,60,167,75,10,324,10245
20160619,12,300,30,20,70,168,87,4,213,10248
20160619,13,300,30,30,60,177,86,3,194,10247
20160619,14,290,30,20,50,178,90,4,169,10244
20160619,15,260,20,30,50,183,98,1,102,10244
20160619,16,210,30,30,60,179,103,3,136,10236
20160619,17,220,30,30,50,182,105,3,89,10233
20160619,18,200,30,40,50,178,111,2,61,10231
20160619,19,190,30,20,50,176,114,10,43,10227
20160619,20,170,30,20,50,159,116,3,7,10228
20160619,21,170,30,30,40,151,113,0,0,10227
20160619,22,160,30,30,50,149,112,0,0,10222
20160619,23,170,30,40,60,151,110,0,0,10218
20160619,24,190,40,40,70,152,109,0,0,10212
20160620,1,190,40,40,60,150,110,0,0,10208
20160620,2,170,40,40,60,148,110,0,0,10201
20160620,3,180,40,40,60,149,112,0,0,10193
20160620,4,180,40,40,70,150,113,0,3,10188
20160620,5,190,50,40,90,147,122,0,10,10185
20160620,6,190,50,50,90,141,130,0,21,10180
20160620,7,190,50,50,90,145,135,0,18,10177
20160620,8,190,50,50,80,148,138,0,24,10173
20160620,9,180,50,60,90,152,146,0,32,10167
20160620,10,190,50,50,90,160,147,0,48,10163
20160620,11,190,50,50,90,167,147,0,51,10156
20160620,12,190,50,50,90,164,150,0,43,10149
20160620,13,190,50,60,100,160,150,0,41,10141
20160620,14,180,60,50,120,155,149,0,22,10136
20160620,15,180,60,60,90,156,149,0,18,10129
20160620,16,180,60,60,100,159,152,0,35,10119
20160620,17,190,60,50,120,161,156,0,29,10114
20160620,18,240,50,50,110,161,154,0,13,10118
20160620,19,270,40,30,90,161,150,2,18,10123
20160620,20,250,30,30,80,158,144,0,3,10131
20160620,21,260,30,30,60,159,146,0,0,10140
20160620,22,240,20,20,50,153,147,0,0,10145
20160620,23,230,30,30,60,156,152,0,0,10150
20160620,24,230,30,30,60,160,155,0,0,10152
20160621,1,260,30,20,50,163,154,0,0,10155
20160621,2,240,20,20,40,160,153,0,0,10155
20160621,3,250,20,20,30,155,150,0,0,10158
20160621,4,240,20,20,40,150,146,0,3,10164
20160621,5,240,20,20,40,157,148,5,31,10168
20160621,6,240,20,30,40,164,146,4,61,10170
20160621,7,210,20,20,40,167,150,1,48,10177
20160621,8,190,30,30,50,172,152,1,86,10177
20160621,9,180,30,30,50,170,152,0,58,10180
20160621,10,190,30,30,60,172,157,0,56,10181
20160621,11,180,30,20,60,184,162,0,68,10183
20160621,12,180,20,20,40,197,166,0,102,10182
20160621,13,210,20,30,40,191,174,1,66,10183
20160621,14,200,20,20,50,194,173,3,100,10180
20160621,15,190,40,40,70,195,174,0,67,10182
20160621,16,190,30,20,60,189,179,0,61,10183
20160621,17,230,30,30,70,183,169,0,50,10181
20160621,18,270,20,10,70,177,169,0,22,10187
20160621,19,240,20,20,40,173,161,0,12,10190
20160621,20,230,20,20,30,168,156,3,8,10192
20160621,21,230,20,20,30,162,156,0,0,10197
20160621,22,210,10,10,10,155,152,0,0,10200
20160621,23,210,10,10,30,136,135,0,0,10204
20160621,24,190,20,10,20,147,144,0,0,10206
20160622,1,200,10,20,20,150,146,0,0,10206
20160622,2,200,10,10,20,150,146,0,0,10205
20160622,3,200,20,20,30,149,144,0,0,10206
20160622,4,210,20,20,40,150,143,0,5,10208
20160622,5,200,20,30,40,151,142,0,20,10213
20160622,6,210,30,30,60,160,133,4,58,10215
20160622,7,220,30,30,50,176,134,10,139,10218
20160622,8,230,30,30,80,191,139,10,192,10223
20160622,9,250,30,30,80,199,143,10,228,10215
20160622,10,210,30,40,70,214,156,9,265,10220
20160622,11,170,30,30,60,222,161,9,296,10219
20160622,12,190,30,20,50,229,163,2,181,10221
20160622,13,160,30,20,50,228,165,3,183,10219
20160622,14,170,20,20,40,230,164,1,89,10218
20160622,15,200,30,20,60,234,164,3,119,10215
20160622,16,160,20,20,60,240,171,3,91,10208
20160622,17,140,30,30,50,246,179,10,144,10207
20160622,18,140,30,30,50,243,179,10,87,10205
20160622,19,140,20,20,40,236,182,10,46,10203
20160622,20,120,20,20,30,213,183,3,8,10204
20160622,21,130,20,20,30,199,184,0,0,10204
20160622,22,120,20,20,30,199,181,0,0,10203
20160622,23,130,20,30,40,209,182,0,0,10203
20160622,24,130,20,20,30,207,180,0,0,10200
20160623,1,140,20,20,40,207,182,0,0,10200
20160623,2,170,30,20,110,185,180,0,0,10198
20160623,3,140,20,20,50,185,180,0,0,10187
20160623,4,80,20,20,20,182,177,0,1,10182
20160623,5,30,30,30,120,184,165,0,3,10190
20160623,6,90,20,20,60,194,176,0,39,10184
20160623,7,40,20,20,60,201,174,1,63,10187
20160623,8,100,20,30,40,217,189,1,106,10181
20160623,9,90,20,10,30,224,198,0,83,10181
20160623,10,350,20,40,80,199,187,0,43,10179
20160623,11,40,30,40,60,195,184,0,63,10175
20160623,12,50,30,20,70,213,191,3,163,10174
20160623,13,100,30,20,50,247,209,8,293,10166
20160623,14,120,40,40,70,267,211,10,282,10159
20160623,15,180,30,30,60,280,219,10,248,10154
20160623,16,200,30,20,60,279,216,5,142,10156
20160623,17,280,20,20,40,271,218,2,90,10153
20160623,18,290,30,30,60,259,214,0,23,10154
20160623,19,280,20,20,50,235,221,0,2,10160
20160623,20,990,10,10,40,226,222,0,3,10158
20160623,21,990,10,10,30,221,219,0,0,10159
20160623,22,170,30,10,50,211,199,0,0,10153
20160623,23,130,20,20,40,205,198,0,0,10149
20160623,24,170,20,30,50,204,191,0,0,10151
20160624,1,190,30,40,60,201,191,0,0,10154
20160624,2,180,30,30,50,198,189,0,0,10156
20160624,3,180,30,30,60,198,188,0,0,10157
20160624,4,200,30,30,70,199,192,0,1,10158
20160624,5,240,30,30,60,200,185,0,7,10166
20160624,6,250,30,20,70,192,175,0,26,10169
20160624,7,270,30,40,60,201,174,1,62,10170
20160624,8,240,30,30,70,201,175,2,104,10172
20160624,9,280,30,30,60,203,171,0,88,10173
20160624,10,260,30,30,60,207,173,1,85,10177
20160624,11,270,30,30,70,194,181,0,59,10183
20160624,12,250,20,20,50,207,174,2,143,10183
20160624,13,270,30,30,60,212,177,1,109,10181
20160624,14,280,30,30,60,212,169,3,154,10182
20160624,15,320,30,20,50,214,164,2,128,10180
20160624,16,320,20,20,40,216,156,8,158,10178
20160624,17,290,20,20,60,224,152,8,137,10178
20160624,18,320,30,30,60,205,147,8,78,10182
20160624,19,310,30,20,50,192,141,10,45,10184
20160624,20,300,20,20,50,174,139,3,10,10187
20160624,21,310,10,10,20,150,140,0,0,10187
20160624,22,990,10,10,20,138,134,0,0,10185
20160624,23,0,0,0,10,134,131,0,0,10184
20160624,24,290,10,10,30,136,133,0,0,10183
20160625,1,0,0,0,10,134,131,0,0,10176
20160625,2,120,10,10,10,127,124,0,0,10175
20160625,3,0,0,0,10,117,117,0,0,10169
20160625,4,180,10,10,10,116,113,0,2,10169
20160625,5,100,0,10,10,132,129,2,22,10168
20160625,6,270,10,10,10,152,139,5,54,10165
20160625,7,300,10,10,20,164,136,0,68,10164
20160625,8,350,10,20,30,174,144,2,110,10158
20160625,9,300,20,20,30,181,137,3,160,10156
20160625,10,310,20,20,40,188,139,1,157,10157
20160625,11,310,20,20,40,188,134,0,85,10156
20160625,12,280,30,40,60,182,146,0,113,10153
20160625,13,280,30,30,50,170,145,0,46,10158
20160625,14,270,30,20,50,163,143,0,27,10160
20160625,15,290,20,20,50,159,140,0,30,10158
20160625,16,280,20,20,30,169,140,0,54,10157
20160625,17,280,20,20,50,178,133,3,90,10152
20160625,18,280,20,20,40,178,126,8,77,10151
20160625,19,290,30,40,70,169,119,5,39,10155
20160625,20,270,30,20,60,157,118,3,15,10158
20160625,21,260,20,20,50,143,118,0,0,10158
20160625,22,220,10,20,20,119,113,0,0,10158
20160625,23,220,20,20,30,109,104,0,0,10161
20160625,24,220,20,30,50,130,118,0,0,10158
20160626,1,230,30,30,50,130,112,0,0,10157
20160626,2,200,30,20,50,126,112,0,0,10152
20160626,3,220,20,20,40,121,111,0,0,10153
20160626,4,210,30,30,50,129,116,0,4,10151
20160626,5,220,30,30,60,135,120,2,20,10153
20160626,6,230,40,40,70,140,121,7,60,10155
20160626,7,230,40,30,80,152,126,3,75,10159
20160626,8,240,40,30,70,171,123,8,168,10159
20160626,9,210,30,30,70,160,130,3,106,10161
20160626,10,190,30,30,70,160,130,0,71,10162
20160626,11,190,40,40,70,157,129,0,54,10163
20160626,12,210,40,30,120,146,122,0,49,10168
20160626,13,200,20,20,50,142,130,0,40,10170
20160626,14,250,20,20,50,159,124,4,159,10170
20160626,15,200,10,20,40,165,132,4,142,10167
20160626,16,240,30,30,70,165,128,0,48,10166
20160626,17,270,30,40,70,178,108,8,131,10165
20160626,18,250,30,30,70,173,106,10,100,10167
20160626,19,260,30,30,60,160,107,5,34,10169
20160626,20,250,20,20,50,150,111,2,6,10172
20160626,21,210,20,20,30,129,116,0,0,10174
20160626,22,210,20,20,30,141,121,0,0,10174
20160626,23,200,30,30,50,146,124,0,0,10170
20160626,24,190,30,30,50,144,123,0,0,10167
20160627,1,200,30,40,60,142,122,0,0,10166
20160627,2,210,40,30,60,140,121,0,0,10165
20160627,3,210,40,40,60,140,123,0,0,10164
20160627,4,210,40,40,70,140,124,0,2,10163
20160627,5,200,50,30,80,142,126,0,18,10163
20160627,6,200,40,50,80,143,122,0,26,10162
20160627,7,200,50,50,100,146,124,2,50,10163
20160627,8,190,40,40,80,145,132,0,46,10162
20160627,9,210,40,50,90,151,135,0,42,10163
20160627,10,200,40,40,80,152,143,0,41,10163
20160627,11,200,40,40,70,155,150,0,63,10163
20160627,12,220,40,40,70,163,159,0,60,10160
20160627,13,280,30,30,70,173,154,0,77,10164
20160627,14,300,30,30,60,173,145,1,104,10167
20160627,15,310,30,30,60,172,132,0,81,10175
20160627,16,310,30,40,60,176,120,4,136,10176
20160627,17,290,30,40,80,182,102,10,146,10178
20160627,18,290,30,30,60,177,99,8,87,10181
20160627,19,290,30,30,50,166,96,10,60,10185
20160627,20,290,20,10,50,140,113,3,11,10188
20160627,21,270,10,10,20,121,110,0,0,10193
20160627,22,230,10,10,10,113,108,0,0,10193
20160627,23,260,10,10,20,111,106,0,0,10195
20160627,24,0,0,0,10,110,105,0,0,10194
20160628,1,130,10,10,10,110,105,0,0,10192
20160628,2,140,10,10,10,105,102,0,0,10188
20160628,3,110,10,10,10,93,92,0,0,10184
20160628,4,150,10,10,20,97,94,0,2,10184
20160628,5,150,10,20,30,118,114,2,20,10185
20160628,6,150,20,20,30,147,121,2,63,10182
20160628,7,150,20,20,30,154,118,1,59,10181
20160628,8,140,30,30,50,176,117,3,130,10179
20160628,9,150,30,30,70,176,122,7,213,10177
20160628,10,140,40,40,70,197,122,7,261,10170
20160628,11,140,40,40,70,202,135,8,288,10164
20160628,12,140,40,40,70,204,141,5,245,10156
20160628,13,170,40,40,70,208,140,3,203,10150
20160628,14,170,40,40,60,204,129,2,162,10143
20160628,15,190,40,30,60,211,126,3,156,10135
20160628,16,180,30,40,70,208,126,2,104,10127
20160628,17,180,40,40,60,208,122,2,70,10120
20160628,18,200,30,40,70,203,119,0,42,10113
20160628,19,190,30,30,70,195,123,0,18,10109
20160628,20,260,30,30,60,183,130,0,3,10108
20160628,21,260,20,20,40,169,120,0,0,10105
20160628,22,260,20,30,80,166,121,0,0,10108
20160628,23,990,30,10,110,139,135,0,0,10101
20160628,24,130,10,20,20,133,130,0,0,10092
20160629,1,190,20,30,40,141,135,0,0,10091
20160629,2,210,30,30,60,142,132,0,0,10089
20160629,3,190,40,40,80,139,125,0,0,10087
20160629,4,200,40,50,80,135,123,0,2,10086
20160629,5,200,40,30,90,134,128,0,11,10087
20160629,6,220,40,50,90,144,131,0,27,10092
20160629,7,210,40,40,90,151,134,1,47,10097
20160629,8,230,40,50,90,169,136,1,83,10101
20160629,9,230,50,50,90,167,128,1,93,10105
20160629,10,230,60,60,120,171,126,6,221,10111
20160629,11,230,70,70,120,183,112,7,240,10114
20160629,12,240,60,80,120,186,105,7,243,10116
20160629,13,220,60,60,120,182,105,5,215,10115
20160629,14,230,60,50,100,191,106,5,207,10113
20160629,15,210,50,30,100,188,115,2,93,10109
20160629,16,220,60,60,120,198,108,3,122,10105
20160629,17,210,50,50,100,189,106,1,63,10106
20160629,18,240,50,60,100,154,131,0,12,10113
20160629,19,220,50,40,90,144,116,0,9,10113
20160629,20,180,30,20,50,141,120,0,2,10107
20160629,21,180,20,30,40,142,128,0,0,10107
20160629,22,190,20,20,40,145,125,0,0,10103
20160629,23,180,30,30,50,146,129,0,0,10100
20160629,24,200,30,40,60,150,125,0,0,10096
20160630,1,210,40,30,70,149,122,0,0,10093
20160630,2,190,30,30,60,152,123,0,0,10090
20160630,3,200,40,40,70,150,129,0,0,10089
20160630,4,200,40,40,80,148,134,0,0,10093
20160630,5,210,30,30,60,146,139,0,3,10096
20160630,6,220,30,30,60,146,143,0,8,10098
20160630,7,220,40,40,80,146,138,0,23,10102
20160630,8,210,40,50,100,156,142,0,73,10106
20160630,9,220,40,40,100,156,146,0,58,10109
20160630,10,210,40,40,80,167,142,0,73,10111
20160630,11,200,50,50,80,179,141,1,104,10111
20160630,12,200,50,40,90,176,153,0,108,10111
20160630,13,190,50,40,100,168,152,0,61,10111
20160630,14,190,50,50,100,172,156,0,69,10110
20160630,15,190,50,60,100,180,161,0,70,10105
20160630,16,210,40,30,110,184,163,1,54,10107
20160630,17,230,40,50,80,187,151,2,59,10106
20160630,18,240,40,40,80,184,142,7,71,10109
20160630,19,230,40,40,80,175,142,2,22,10114
20160630,20,240,30,20,50,169,139,0,4,10117
20160630,21,200,20,20,30,155,138,0,0,10117
20160630,22,180,20,20,40,158,139,0,0,10116
20160630,23,210,30,40,60,162,142,0,0,10113
20160630,24,200,30,30,60,160,135,0,0,10109
20160701,1,190,30,30,60,158,134,0,0,10106
20160701,2,200,40,40,80,161,139,0,0,10105
20160701,3,210,40,50,90,166,143,0,0,10103
20160701,4,210,50,60,90,163,150,0,1,10104
20160701,5,200,50,50,90,165,150,0,7,10103
20160701,6,210,50,40,90,168,153,0,11,10104
20160701,7,220,50,50,90,171,150,0,18,10108
20160701,8,220,60,60,110,175,142,0,44,10110
20160701,9,220,60,60,110,172,140,0,45,10113
20160701,10,220,60,60,100,183,141,1,114,10115
20160701,11,220,70,60,110,191,134,2,180,10113
20160701,12,220,70,80,120,185,140,0,112,10112
20160701,13,210,60,60,110,184,147,0,63,10110
20160701,14,210,60,60,100,182,148,0,70,10109
20160701,15,200,60,60,130,178,151,0,61,10105
20160701,16,200,50,50,90,174,154,0,44,10105
20160701,17,190,50,40,90,175,157,0,27,10099
20160701,18,200,40,40,80,169,157,0,14,10098
20160701,19,230,30,40,70,164,146,0,3,10095
20160701,20,200,30,30,60,165,151,0,2,10092
20160701,21,210,40,40,80,162,146,0,0,10091
20160701,22,240,40,40,100,162,142,0,0,10090
20160701,23,230,50,50,100,150,118,0,0,10091
20160701,24,230,50,50,100,144,115,0,0,10096
20160702,1,230,50,40,90,139,118,0,0,10095
20160702,2,220,40,50,80,139,118,0,0,10096
20160702,3,210,40,50,80,139,118,0,0,10100
20160702,4,230,50,40,80,137,117,0,1,10103
20160702,5,230,40,30,80,136,113,0,9,10108
20160702,6,220,40,40,80,147,106,8,74,10111
20160702,7,230,40,50,90,147,113,4,71,10115
20160702,8,240,50,50,90,138,104,4,101,10118
20160702,9,240,50,60,100,151,90,7,194,10122
20160702,10,240,40,40,100,164,111,4,171,10124
20160702,11,240,40,40,110,176,107,7,251,10127
20160702,12,240,50,50,100,175,100,6,198,10128
20160702,13,260,50,60,100,178,88,8,267,10132
20160702,14,260,70,70,130,171,70,9,279,10138
20160702,15,260,60,50,110,173,77,5,171,10142
20160702,16,260,60,60,120,173,69,8,170,10145
20160702,17,250,50,50,110,177,66,10,130,10149
20160702,18,250,50,50,100,171,83,8,92,10155
20160702,19,250,50,40,100,158,96,5,39,10157
20160702,20,230,40,40,100,154,92,3,6,10162
20160702,21,230,40,40,80,145,94,0,0,10165
20160702,22,220,40,30,70,138,101,0,0,10165
20160702,23,220,40,40,70,139,93,0,0,10165
20160702,24,250,50,50,100,120,100,0,0,10169
20160703,1,200,30,30,90,118,109,0,0,10165
20160703,2,210,30,40,70,125,114,0,0,10164
20160703,3,210,30,40,70,116,105,0,0,10170
20160703,4,190,30,20,60,117,108,0,1,10171
20160703,5,200,20,20,40,130,123,0,11,10173
20160703,6,210,30,40,80,135,126,0,29,10176
20160703,7,220,40,30,70,146,132,3,71,10178
20160703,8,240,40,30,100,138,107,5,111,10183
20160703,9,220,30,60,90,150,112,4,154,10187
20160703,10,200,30,20,70,159,118,2,123,10188
20160703,11,280,30,20,70,165,123,4,162,10189
20160703,12,990,20,10,40,174,119,5,180,10190
20160703,13,280,30,50,80,183,106,7,211,10191
20160703,14,280,40,40,100,187,96,7,208,10192
20160703,15,280,40,40,80,182,95,7,187,10194
20160703,16,270,40,30,70,193,99,8,177,10194
20160703,17,270,30,40,60,185,100,10,141,10196
20160703,18,240,20,20,50,180,94,4,51,10199
20160703,19,320,30,20,60,173,107,10,46,10204
20160703,20,30,20,10,40,139,118,3,9,10206
20160703,21,140,10,10,10,117,112,0,0,10209
20160703,22,130,10,10,10,109,104,0,0,10211
20160703,23,130,10,10,10,103,98,0,0,10211
20160703,24,120,10,10,20,102,99,0,0,10209
20160704,1,140,10,10,20,99,94,0,0,10207
20160704,2,140,10,10,10,93,90,0,0,10204
20160704,3,150,10,10,20,88,85,0,0,10202
20160704,4,150,20,20,30,95,92,0,3,10200
20160704,5,260,20,20,40,122,114,10,30,10203
20160704,6,0,0,0,30,150,123,10,74,10205
20160704,7,220,10,20,30,170,132,10,128,10205
20160704,8,210,20,20,40,181,127,10,188,10205
20160704,9,160,20,20,40,184,122,8,202,10206
20160704,10,180,20,20,40,191,123,8,249,10203
20160704,11,180,20,30,50,205,113,10,292,10199
20160704,12,180,20,30,50,211,114,10,339,10197
20160704,13,170,20,20,70,214,104,10,314,10191
20160704,14,200,20,30,60,218,103,4,149,10186
20160704,15,160,30,30,60,222,121,7,176,10181
20160704,16,170,30,30,60,219,123,7,168,10178
20160704,17,190,30,20,60,213,127,5,89,10174
20160704,18,220,20,10,40,219,112,10,96,10172
20160704,19,330,20,20,40,204,140,10,50,10171
20160704,20,340,20,10,30,185,146,3,12,10171
20160704,21,330,10,10,20,160,146,0,0,10171
20160704,22,320,10,10,20,149,143,0,0,10168
20160704,23,0,0,0,20,143,139,0,0,10163
20160704,24,240,10,20,20,154,146,0,0,10162
20160705,1,240,20,20,40,165,134,0,0,10158
20160705,2,220,30,30,60,156,122,0,0,10149
20160705,3,210,30,30,50,147,123,0,0,10145
20160705,4,220,30,40,60,152,129,2,3,10141
20160705,5,220,40,40,70,157,135,2,9,10137
20160705,6,210,40,40,70,152,143,0,10,10136
20160705,7,230,40,50,100,156,141,0,10,10136
20160705,8,220,50,60,100,157,141,0,18,10136
20160705,9,230,50,40,90,158,150,0,34,10136
20160705,10,240,50,50,100,171,149,1,102,10137
20160705,11,260,50,60,120,163,142,0,101,10140
20160705,12,270,50,60,110,173,141,3,163,10140
20160705,13,240,50,50,120,168,144,0,72,10142
20160705,14,280,60,70,130,171,124,3,160,10152
20160705,15,290,60,70,130,161,114,5,149,10160
20160705,16,280,60,60,120,166,111,3,99,10165
20160705,17,300,50,40,120,162,107,6,89,10171
20160705,18,300,50,50,110,162,100,2,46,10176
20160705,19,300,40,40,100,150,104,7,35,10182
20160705,20,270,30,30,70,140,109,2,7,10187
20160705,21,270,30,30,60,137,112,0,0,10188
20160705,22,270,30,20,60,132,110,0,0,10188
20160705,23,270,20,20,50,127,109,0,0,10189
20160705,24,260,20,20,30,120,108,0,0,10189
20160706,1,290,20,30,50,130,117,0,0,10194
20160706,2,260,20,20,50,127,119,0,0,10190
20160706,3,250,20,20,40,119,110,0,0,10193
20160706,4,240,20,20,30,112,107,0,2,10194
20160706,5,240,10,20,20,127,117,8,30,10198
20160706,6,270,20,20,40,143,120,10,81,10202
20160706,7,290,30,20,60,152,118,10,128,10207
20160706,8,290,30,30,70,155,102,8,155,10209
20160706,9,270,30,40,60,169,102,9,205,10212
20160706,10,270,30,30,70,181,101,8,239,10215
20160706,11,280,40,40,80,181,97,7,249,10218
20160706,12,300,40,40,80,182,94,7,255,10218
20160706,13,310,40,50,80,184,88,9,270,10220
20160706,14,290,40,40,80,181,84,7,232,10222
20160706,15,290,40,50,80,189,87,9,234,10221
20160706,16,280,40,50,80,182,77,10,219,10219
20160706,17,320,40,40,70,172,84,6,102,10221
20160706,18,310,30,30,60,165,88,4,61,10223
20160706,19,310,30,20,60,158,90,7,32,10222
20160706,20,310,10,10,30,132,107,3,10,10220
20160706,21,310,10,10,20,121,112,0,0,10224
20160706,22,0,0,0,10,110,105,0,0,10223
20160706,23,0,0,0,0,103,98,0,0,10224
20160706,24,0,0,0,10,95,90,0,0,10222
20160707,1,0,0,0,10,91,88,0,0,10219
20160707,2,160,10,10,20,87,84,0,0,10216
20160707,3,160,10,10,20,84,81,0,0,10215
20160707,4,170,10,20,20,91,88,2,3,10216
20160707,5,200,10,10,20,119,113,10,32,10219
20160707,6,200,20,20,30,139,112,5,55,10222
20160707,7,200,20,20,40,160,117,7,96,10220
20160707,8,170,30,30,50,167,107,0,95,10217
20160707,9,200,30,40,60,182,101,4,170,10217
20160707,10,210,40,40,80,193,98,7,261,10213
20160707,11,220,40,40,80,196,104,5,243,10212
20160707,12,190,40,40,80,197,109,2,177,10207
20160707,13,200,40,40,70,213,110,4,231,10200
20160707,14,210,40,40,80,215,104,4,204,10198
20160707,15,220,50,50,80,209,116,1,141,10196
20160707,16,230,40,50,90,219,126,5,156,10192
20160707,17,250,40,40,70,216,132,5,108,10188
20160707,18,240,30,40,60,213,129,7,74,10184
20160707,19,230,30,30,70,203,132,5,31,10181
20160707,20,990,20,10,30,186,136,0,5,10180
20160707,21,340,20,10,30,169,138,0,0,10179
20160707,22,100,0,10,10,161,147,0,0,10178
20160707,23,130,10,10,20,157,144,0,0,10173
20160707,24,170,10,10,20,159,147,0,0,10171
20160708,1,160,10,20,20,151,139,0,0,10165
20160708,2,990,10,10,20,158,145,0,0,10160
20160708,3,210,10,20,30,155,146,0,0,10154
20160708,4,200,20,30,50,167,131,0,1,10149
20160708,5,200,20,20,40,160,135,0,5,10141
20160708,6,220,30,30,50,169,134,0,28,10140
20160708,7,220,30,30,50,170,132,0,35,10142
20160708,8,220,40,30,80,170,130,0,47,10138
20160708,9,220,40,60,80,174,123,0,61,10137
20160708,10,230,50,50,110,173,132,0,67,10141
20160708,11,260,40,50,90,183,139,0,68,10146
20160708,12,230,50,50,110,169,152,1,62,10146
20160708,13,240,50,40,90,181,151,1,113,10149
20160708,14,240,50,40,90,181,144,0,32,10151
20160708,15,250,40,50,110,198,153,1,94,10150
20160708,16,240,60,70,120,205,141,8,172,10150
20160708,17,240,60,50,100,206,141,8,117,10154
20160708,18,260,40,40,90,203,142,2,53,10157
20160708,19,260,40,40,80,199,143,0,18,10161
20160708,20,290,30,30,60,173,162,0,0,10167
20160708,21,270,30,30,70,172,164,0,0,10172
20160708,22,280,30,20,60,168,160,0,0,10176
20160708,23,260,20,20,40,164,156,0,0,10179
20160708,24,240,20,10,30,153,150,0,0,10181
20160709,1,240,20,20,30,150,147,0,0,10184
20160709,2,230,20,20,30,147,144,0,0,10183
20160709,3,230,20,20,20,150,147,0,0,10185
20160709,4,230,20,20,30,152,149,0,1,10186
20160709,5,210,10,10,20,158,155,2,15,10187
20160709,6,210,10,10,20,170,163,0,46,10189
20160709,7,210,10,20,30,185,159,4,84,10192
20160709,8,230,30,30,50,192,158,9,162,10194
20160709,9,210,40,40,70,202,155,7,183,10192
20160709,10,220,40,30,80,211,154,7,207,10190
20160709,11,210,40,40,70,218,154,3,162,10191
20160709,12,240,40,50,90,221,144,4,226,10188
20160709,13,240,50,50,80,223,145,1,176,10184
20160709,14,240,50,50,100,227,145,1,153,10184
20160709,15,230,40,50,100,230,139,2,118,10178
20160709,16,220,50,50,90,236,153,2,111,10169
20160709,17,240,50,50,90,228,157,0,73,10167
20160709,18,230,50,50,90,225,146,2,50,10160
20160709,19,220,50,40,100,217,136,7,28,10156
20160709,20,230,30,40,80,206,148,0,5,10156
20160709,21,230,30,40,70,201,147,0,0,10153
20160709,22,230,30,30,60,193,147,0,0,10154
20160709,23,220,30,30,70,193,144,0,0,10149
20160709,24,220,30,30,60,187,147,0,0,10147
20160710,1,230,30,20,40,179,145,0,0,10142
20160710,2,210,20,20,40,173,144,0,0,10137
20160710,3,200,20,20,30,167,143,0,0,10135
20160710,4,180,10,20,30,163,143,0,2,10128
20160710,5,170,20,20,40,173,144,5,21,10124
20160710,6,170,20,20,40,191,152,4,60,10124
20160710,7,190,20,20,30,210,156,6,102,10122
20160710,8,190,30,30,50,224,152,8,175,10118
20160710,9,210,30,40,60,234,161,8,218,10113
20160710,10,230,40,50,80,236,161,7,253,10108
20160710,11,210,40,40,70,251,171,8,272,10101
20160710,12,230,50,50,100,259,172,9,303,10095
20160710,13,210,50,60,100,264,171,7,245,10091
20160710,14,250,50,40,100,264,181,4,203,10087
20160710,15,240,40,40,80,270,165,6,205,10081
20160710,16,250,50,50,90,257,158,2,133,10080
20160710,17,290,40,40,80,225,170,2,66,10083
20160710,18,270,40,30,80,213,154,0,45,10085
20160710,19,260,50,40,100,203,160,0,14,10084
20160710,20,250,30,20,90,202,160,0,3,10082
20160710,21,230,30,30,80,192,161,0,0,10083
20160710,22,220,40,50,80,188,156,0,0,10082
20160710,23,210,40,40,80,187,153,0,0,10078
20160710,24,230,40,30,110,187,139,0,0,10076
20160711,1,230,50,50,120,183,125,0,0,10076
20160711,2,230,50,50,90,179,124,0,0,10074
20160711,3,230,50,50,90,172,121,0,0,10075
20160711,4,220,50,50,90,163,126,0,1,10076
20160711,5,210,50,50,90,164,129,0,16,10077
20160711,6,220,60,70,110,168,129,0,34,10079
20160711,7,220,70,60,120,171,129,0,54,10082
20160711,8,220,70,80,120,174,126,0,37,10083
20160711,9,220,70,70,140,178,128,0,75,10088
20160711,10,220,60,70,120,187,127,0,94,10086
20160711,11,220,70,60,130,199,129,1,99,10088
20160711,12,220,70,80,140,204,125,5,193,10087
20160711,13,230,80,80,160,205,131,5,178,10091
20160711,14,240,80,70,140,209,136,5,196,10094
20160711,15,240,70,90,150,211,134,9,216,10097
20160711,16,240,80,60,140,213,130,10,203,10097
20160711,17,240,70,70,140,210,138,10,155,10094
20160711,18,240,70,60,140,201,125,7,79,10095
20160711,19,240,50,60,110,195,132,7,28,10099
20160711,20,230,50,40,90,184,128,3,5,10103
20160711,21,230,50,40,100,182,119,0,0,10105
20160711,22,230,40,30,70,172,122,0,0,10106
20160711,23,230,40,50,90,170,123,0,0,10106
20160711,24,220,40,40,90,164,127,0,0,10104
20160712,1,220,40,40,70,160,131,0,0,10105
20160712,2,220,40,50,90,160,134,0,0,10104
20160712,3,220,40,40,90,158,135,0,0,10104
20160712,4,230,30,30,80,154,145,0,0,10107
20160712,5,220,30,40,60,152,146,0,5,10109
20160712,6,220,30,30,50,157,150,0,18,10112
20160712,7,230,30,30,60,169,154,5,83,10114
20160712,8,230,40,40,60,180,152,5,131,10116
20160712,9,220,40,40,80,197,146,9,217,10115
20160712,10,230,50,40,90,175,135,5,175,10118
20160712,11,230,40,30,70,184,142,1,150,10119
20160712,12,230,30,20,70,176,152,0,98,10118
20160712,13,230,30,40,80,183,142,0,90,10119
20160712,14,260,40,30,80,191,141,2,158,10118
20160712,15,260,30,30,70,165,139,4,130,10121
20160712,16,260,20,20,40,180,140,2,93,10119
20160712,17,270,20,30,50,181,139,8,134,10120
20160712,18,280,20,30,50,178,130,0,33,10123
20160712,19,290,30,30,50,174,113,5,27,10123
20160712,20,280,20,20,50,158,106,3,9,10125
20160712,21,250,20,20,30,147,99,0,0,10128
20160712,22,0,10,0,30,140,122,0,0,10129
20160712,23,170,10,10,20,137,122,0,0,10127
20160712,24,180,10,10,20,125,121,0,0,10125
20160713,1,190,10,10,20,112,107,0,0,10124
20160713,2,210,20,20,30,115,110,0,0,10122
20160713,3,200,10,20,30,121,117,0,0,10120
20160713,4,170,20,20,30,132,119,0,1,10119
20160713,5,210,10,10,20,139,118,0,6,10121
20160713,6,200,20,30,40,141,123,0,12,10122
20160713,7,200,20,20,40,145,128,0,36,10125
20160713,8,200,20,20,30,155,132,0,58,10127
20160713,9,230,20,20,40,164,127,0,111,10127
20160713,10,990,30,10,50,139,125,0,43,10133
20160713,11,300,10,20,40,149,129,0,74,10137
20160713,12,350,30,30,60,145,130,1,92,10144
20160713,13,350,30,40,80,171,125,2,171,10144
20160713,14,350,50,50,100,171,97,4,192,10150
20160713,15,330,40,30,100,167,88,0,95,10155
20160713,16,330,30,30,60,165,95,3,93,10159
20160713,17,350,30,40,70,176,85,6,125,10161
20160713,18,310,30,30,70,176,85,10,100,10165
20160713,19,310,30,30,70,161,93,10,46,10172
20160713,20,300,20,20,50,143,99,3,6,10178
20160713,21,280,20,20,50,135,100,0,0,10184
20160713,22,260,20,20,50,124,104,0,0,10185
20160713,23,270,20,20,30,118,106,0,0,10187
20160713,24,260,20,20,30,121,106,0,0,10185
20160714,1,300,10,10,20,103,97,0,0,10184
20160714,2,280,10,10,20,93,89,0,0,10181
20160714,3,280,10,10,30,94,89,0,0,10182
20160714,4,0,10,0,30,89,85,0,1,10185
20160714,5,360,10,20,30,105,100,0,10,10190
20160714,6,240,10,10,30,125,120,3,36,10191
20160714,7,310,10,20,30,154,109,10,122,10193
20160714,8,330,30,30,70,152,99,7,138,10196
20160714,9,330,30,30,70,170,85,8,204,10198
20160714,10,320,40,50,80,179,83,9,272,10198
20160714,11,320,50,50,90,175,73,5,201,10203
20160714,12,320,40,50,80,183,90,5,198,10204
20160714,13,300,50,50,90,188,96,9,276,10209
20160714,14,330,40,50,80,177,93,1,106,10213
20160714,15,340,40,40,90,163,98,1,57,10218
20160714,16,320,50,50,100,167,98,0,80,10221
20160714,17,320,50,60,100,171,93,5,100,10224
20160714,18,310,50,50,110,165,92,5,70,10229
20160714,19,310,40,40,100,157,93,8,43,10230
20160714,20,310,30,30,80,146,95,2,7,10236
20160714,21,290,30,30,60,138,98,0,0,10236
20160714,22,280,20,20,40,132,98,0,0,10240
20160714,23,270,20,20,40,125,99,0,0,10241
20160714,24,270,20,20,30,124,98,0,0,10242
20160715,1,280,20,20,30,115,96,0,0,10245
20160715,2,260,20,20,30,117,97,0,0,10244
20160715,3,250,20,10,30,96,90,0,0,10244
20160715,4,250,10,10,20,95,90,0,1,10246
20160715,5,270,20,10,30,132,108,8,23,10249
20160715,6,280,20,20,40,155,115,10,77,10250
20160715,7,300,20,30,50,163,110,8,112,10252
20160715,8,300,20,20,60,166,111,2,113,10255
20160715,9,260,20,20,30,178,99,4,164,10253
20160715,10,240,30,30,70,183,112,6,215,10254
20160715,11,250,30,30,50,197,109,6,219,10250
20160715,12,260,30,30,90,192,116,6,213,10252
20160715,13,280,50,50,110,208,87,9,283,10252
20160715,14,260,50,50,90,204,104,7,230,10253
20160715,15,290,40,40,90,198,103,8,199,10252
20160715,16,260,40,40,90,204,105,10,190,10249
20160715,17,280,40,50,110,198,95,7,128,10249
20160715,18,270,40,30,90,184,89,4,68,10250
20160715,19,270,20,20,50,178,101,8,30,10246
20160715,20,260,20,20,40,170,108,2,5,10249
20160715,21,210,20,20,40,146,126,0,0,10246
20160715,22,200,20,20,30,159,119,0,0,10245
20160715,23,230,30,30,50,168,115,0,0,10245
20160715,24,230,30,30,50,170,130,0,0,10239
20160716,1,230,30,30,60,169,140,0,0,10238
20160716,2,240,30,30,50,170,146,0,0,10236
20160716,3,240,30,30,50,171,147,0,0,10237
20160716,4,230,30,30,50,171,150,0,0,10237
20160716,5,220,30,30,50,171,153,0,3,10236
20160716,6,230,30,30,50,173,153,0,16,10236
20160716,7,220,30,40,60,180,158,0,51,10237
20160716,8,230,30,30,60,186,164,0,39,10239
20160716,9,270,40,40,80,198,162,0,75,10240
20160716,10,270,40,30,70,214,170,1,129,10239
20160716,11,270,50,40,80,209,166,2,155,10241
20160716,12,270,40,30,70,204,167,0,66,10242
20160716,13,270,30,30,70,206,167,0,73,10239
20160716,14,260,40,30,60,209,167,1,140,10238
20160716,15,250,30,40,60,216,170,2,107,10236
20160716,16,260,30,30,60,217,168,3,131,10233
20160716,17,280,30,20,80,219,172,2,73,10230
20160716,18,250,20,20,50,217,171,5,67,10227
20160716,19,250,30,30,70,214,162,0,16,10224
20160716,20,240,20,20,60,208,162,0,2,10223
20160716,21,230,20,30,50,206,162,0,0,10222
20160716,22,210,30,30,60,200,164,0,0,10217
20160716,23,230,30,40,60,202,163,0,0,10216
20160716,24,260,40,30,70,198,162,0,0,10216
20160717,1,280,30,30,70,194,165,0,0,10214
20160717,2,270,20,20,50,189,167,0,0,10213
20160717,3,280,30,20,50,185,170,0,0,10212
20160717,4,300,20,20,50,184,171,0,0,10212
20160717,5,270,20,20,40,186,171,0,4,10213
20160717,6,290,20,20,40,186,167,0,15,10216
20160717,7,270,20,30,40,191,142,1,59,10217
20160717,8,280,30,30,60,202,144,5,137,10217
20160717,9,270,30,30,60,210,151,3,158,10218
20160717,10,310,40,40,80,214,155,4,190,10219
20160717,11,280,40,40,70,214,146,4,201,10218
20160717,12,310,40,40,80,222,149,5,228,10215
20160717,13,260,40,40,70,227,162,6,212,10214
20160717,14,300,40,40,100,229,149,5,192,10212
20160717,15,300,40,30,80,232,154,8,197,10209
20160717,16,300,40,50,90,229,154,10,181,10208
20160717,17,290,40,40,80,222,148,10,141,10209
20160717,18,300,30,20,70,214,157,4,62,10209
20160717,19,280,20,30,50,210,159,10,38,10208
20160717,20,350,10,10,50,194,166,2,3,10213
20160717,21,300,10,10,20,166,159,0,0,10216
20160717,22,0,10,0,10,157,154,0,0,10217
20160717,23,0,0,0,10,149,146,0,0,10217
20160717,24,120,10,10,10,146,143,0,0,10215
20160718,1,160,10,10,10,140,137,0,0,10212
20160718,2,140,10,10,10,139,138,0,0,10210
20160718,3,150,10,20,20,136,135,0,0,10209
20160718,4,190,10,10,20,142,139,0,0,10209
20160718,5,170,10,10,10,155,152,0,10,10211
20160718,6,200,10,10,10,178,175,3,41,10211
20160718,7,280,20,20,40,205,177,9,112,10214
20160718,8,320,20,20,30,219,175,10,175,10214
20160718,9,360,20,20,40,229,151,10,227,10217
20160718,10,350,20,20,50,239,142,10,267,10219
20160718,11,320,30,30,50,250,139,10,293,10220
20160718,12,330,40,30,70,255,141,10,306,10221
20160718,13,310,30,40,60,259,126,10,303,10220
20160718,14,320,40,30,60,258,120,10,281,10219
20160718,15,330,30,40,60,258,106,10,249,10217
20160718,16,320,30,30,60,260,120,10,201,10216
20160718,17,350,30,30,50,251,113,10,148,10213
20160718,18,340,30,20,50,249,90,10,92,10213
20160718,19,350,20,20,50,231,122,10,39,10214
20160718,20,20,20,20,40,208,118,2,5,10218
20160718,21,20,10,20,30,164,138,0,0,10220
20160718,22,40,10,10,30,146,137,0,0,10223
20160718,23,0,10,0,10,139,134,0,0,10222
20160718,24,50,0,10,10,132,127,0,0,10220
20160719,1,60,10,10,20,129,125,0,0,10219
20160719,2,100,10,10,10,126,121,0,0,10217
20160719,3,90,10,10,10,124,119,0,0,10214
20160719,4,0,10,0,20,122,117,0,1,10214
20160719,5,70,10,10,10,143,129,7,21,10216
20160719,6,110,10,10,20,197,126,10,65,10216
20160719,7,130,10,10,20,218,121,10,120,10215
20160719,8,120,20,20,40,239,142,10,177,10215
20160719,9,140,20,20,30,255,146,10,226,10215
20160719,10,160,20,20,50,264,153,10,265,10211
20160719,11,150,20,20,50,277,166,10,291,10208
20160719,12,110,20,30,50,283,168,10,301,10204
20160719,13,150,30,20,50,286,174,10,295,10199
20160719,14,170,30,20,50,290,163,10,274,10194
20160719,15,150,30,30,60,291,173,10,235,10190
20160719,16,130,30,20,60,292,157,10,187,10184
20160719,17,120,30,30,60,290,168,10,135,10180
20160719,18,120,30,30,50,284,171,10,82,10177
20160719,19,90,30,20,50,266,177,10,34,10176
20160719,20,90,30,30,50,244,173,2,5,10177
20160719,21,80,30,30,40,224,168,0,0,10176
20160719,22,90,30,40,60,221,144,0,0,10174
20160719,23,100,30,30,60,212,137,0,0,10173
20160719,24,100,30,30,50,204,136,0,0,10167
20160720,1,100,30,30,50,208,141,0,0,10163
20160720,2,110,30,30,50,204,147,0,0,10157
20160720,3,120,30,30,40,194,149,0,0,10153
20160720,4,120,30,30,40,189,151,0,1,10148
20160720,5,120,30,30,50,208,156,7,21,10146
20160720,6,140,30,30,50,225,161,10,66,10141
20160720,7,140,30,30,60,243,166,10,123,10137
20160720,8,140,40,40,60,261,173,10,179,10134
20160720,9,140,40,40,70,278,177,10,229,10127
20160720,10,140,50,50,80,291,173,10,270,10118
20160720,11,140,50,60,90,304,163,10,298,10113
20160720,12,130,60,60,90,313,172,9,291,10109
20160720,13,150,50,60,100,322,175,10,294,10105
20160720,14,160,50,50,90,322,166,8,241,10102
20160720,15,180,40,30,90,317,178,2,114,10099
20160720,16,240,30,40,110,275,190,0,46,10109
20160720,17,270,30,20,90,271,193,0,38,10110
20160720,18,260,30,30,70,278,170,5,61,10107
20160720,19,250,30,20,80,266,182,7,29,10108
20160720,20,270,20,20,40,249,180,2,7,10113
20160720,21,280,20,20,40,237,168,0,0,10122
20160720,22,270,20,30,70,229,157,0,0,10126
20160720,23,260,40,30,80,216,164,0,0,10128
20160720,24,230,10,10,50,188,169,0,0,10125
20160721,1,260,10,10,10,174,166,0,0,10124
20160721,2,230,10,20,20,168,163,0,0,10129
20160721,3,220,10,10,20,164,161,0,0,10129
20160721,4,220,20,20,30,173,169,0,0,10131
20160721,5,220,20,20,30,191,175,0,14,10135
20160721,6,220,20,20,40,204,179,2,53,10138
20160721,7,220,20,20,40,217,182,10,105,10140
20160721,8,260,30,30,50,225,186,9,158,10143
20160721,9,250,30,30,60,236,187,10,211,10147
20160721,10,260,30,40,60,253,188,9,257,10145
20160721,11,290,30,40,60,258,185,8,269,10146
20160721,12,280,30,30,60,273,178,8,286,10147
20160721,13,290,30,40,70,256,181,2,131,10149
20160721,14,300,40,30,80,257,179,7,213,10151
20160721,15,300,40,40,80,253,173,9,228,10154
20160721,16,290,40,30,70,250,159,9,182,10157
20160721,17,280,30,30,50,245,157,8,132,10157
20160721,18,290,30,40,60,239,152,10,90,10156
20160721,19,310,20,20,60,223,162,10,35,10161
20160721,20,290,20,20,30,206,177,2,4,10165
20160721,21,290,20,20,30,198,174,0,0,10169
20160721,22,310,20,10,30,193,172,0,0,10167
20160721,23,300,10,20,30,185,173,0,0,10168
20160721,24,330,20,20,30,184,172,0,0,10168
20160722,1,330,10,10,30,181,171,0,0,10165
20160722,2,0,10,0,10,181,173,0,0,10161
20160722,3,190,10,20,40,186,178,0,0,10169
20160722,4,130,20,10,40,182,179,0,0,10165
20160722,5,80,20,20,40,178,174,0,0,10164
20160722,6,990,20,10,30,170,166,0,5,10167
20160722,7,270,10,10,30,181,172,0,31,10170
20160722,8,990,10,10,20,190,177,0,48,10171
20160722,9,0,10,0,20,203,170,0,92,10173
20160722,10,70,10,10,20,213,174,2,141,10173
20160722,11,990,10,10,30,227,169,6,242,10172
20160722,12,990,10,10,30,237,179,7,268,10171
20160722,13,330,20,10,20,239,174,4,221,10170
20160722,14,990,10,10,40,254,175,5,207,10169
20160722,15,300,10,10,30,254,166,5,176,10167
20160722,16,280,20,20,30,255,170,5,149,10166
20160722,17,300,20,20,30,249,177,5,99,10167
20160722,18,60,20,10,40,239,182,0,29,10169
20160722,19,40,20,20,30,232,182,5,21,10173
20160722,20,30,20,20,40,218,184,2,5,10177
20160722,21,10,20,20,40,210,186,0,0,10179
20160722,22,330,10,20,30,196,185,0,0,10182
20160722,23,360,20,20,30,197,187,0,0,10181
20160722,24,360,20,20,30,191,184,0,0,10178
20160723,1,20,20,20,40,187,181,0,0,10182
20160723,2,360,20,20,40,184,177,0,0,10184
20160723,3,10,20,30,60,179,169,0,0,10183
20160723,4,40,30,30,70,176,166,0,0,10182
20160723,5,30,20,30,50,178,167,0,10,10184
20160723,6,30,30,20,40,185,172,0,27,10188
20160723,7,20,30,30,50,191,176,0,46,10188
20160723,8,10,40,30,60,206,180,5,136,10189
20160723,9,40,30,30,50,218,183,6,187,10189
20160723,10,20,20,20,40,226,183,1,137,10191
20160723,11,50,20,30,40,230,181,2,186,10192
20160723,12,330,30,20,50,233,178,2,181,10193
20160723,13,350,20,30,50,241,180,4,224,10193
20160723,14,300,20,20,40,249,167,6,228,10192
20160723,15,320,30,30,60,251,177,5,162,10190
20160723,16,330,30,30,50,251,176,8,162,10187
20160723,17,330,30,30,50,242,176,10,125,10188
20160723,18,330,30,30,50,234,179,10,70,10189
20160723,19,360,20,30,40,224,177,10,27,10191
20160723,20,30,30,20,50,209,184,0,3,10197
20160723,21,30,20,20,30,200,183,0,0,10199
20160723,22,360,20,10,30,192,182,0,0,10198
20160723,23,320,10,20,20,183,179,0,0,10202
20160723,24,330,20,20,30,190,184,0,0,10202
20160724,1,350,10,10,20,188,183,0,0,10201
20160724,2,30,10,20,30,189,179,0,0,10197
20160724,3,360,20,10,20,187,179,0,0,10197
20160724,4,0,0,0,10,178,174,0,0,10197
20160724,5,340,10,10,20,184,180,0,10,10196
20160724,6,70,10,10,20,190,178,0,34,10196
20160724,7,100,10,10,20,198,183,0,54,10199
20160724,8,100,10,20,20,206,183,0,77,10200
20160724,9,140,20,20,20,211,185,0,72,10199
20160724,10,130,20,20,30,213,187,0,69,10200
20160724,11,190,20,20,40,222,190,0,95,10198
20160724,12,210,20,20,40,231,186,1,159,10197
20160724,13,190,30,30,50,246,169,8,279,10194
20160724,14,220,30,30,50,249,161,6,226,10191
20160724,15,200,30,30,60,250,158,5,184,10189
20160724,16,220,30,20,50,250,162,7,165,10184
20160724,17,230,30,30,50,245,156,9,113,10181
20160724,18,320,30,30,60,231,174,3,63,10184
20160724,19,330,30,20,60,222,172,10,32,10185
20160724,20,320,20,20,40,204,160,0,3,10191
20160724,21,250,10,10,20,177,161,0,0,10192
20160724,22,260,20,10,30,181,160,0,0,10192
20160724,23,100,10,10,10,163,159,0,0,10188
20160724,24,140,10,10,20,156,151,0,0,10187
20160725,1,130,10,10,10,151,146,0,0,10187
20160725,2,150,10,10,10,158,153,0,0,10185
20160725,3,180,10,10,30,162,156,0,0,10181
20160725,4,200,20,30,40,181,157,0,0,10180
20160725,5,220,20,30,40,186,161,0,5,10180
20160725,6,220,30,30,60,189,164,0,22,10181
20160725,7,220,40,30,60,191,172,0,24,10184
20160725,8,210,40,30,60,189,173,0,23,10184
20160725,9,210,30,30,60,195,174,0,36,10186
20160725,10,230,30,40,60,195,178,0,52,10188
20160725,11,220,40,40,70,200,182,0,73,10188
20160725,12,230,40,40,70,208,176,1,91,10190
20160725,13,260,30,30,80,215,193,2,137,10190
20160725,14,270,40,40,70,212,167,3,156,10190
20160725,15,260,40,50,80,218,152,5,146,10190
20160725,16,290,30,30,70,216,147,7,151,10192
20160725,17,290,30,30,60,211,133,5,107,10192
20160725,18,320,30,30,60,200,143,5,67,10195
20160725,19,310,20,20,60,188,137,10,29,10198
20160725,20,290,20,10,20,169,142,0,4,10202
20160725,21,300,10,10,20,145,139,0,0,10204
20160725,22,300,10,10,10,135,130,0,0,10204
20160725,23,140,0,10,10,131,128,0,0,10203
20160725,24,190,10,10,10,127,124,0,0,10205
20160726,1,140,10,10,10,122,121,0,0,10204
20160726,2,190,10,10,20,119,116,0,0,10202
20160726,3,150,10,10,20,127,124,0,0,10201
20160726,4,150,20,20,30,128,125,0,0,10201
20160726,5,170,20,20,30,142,139,5,16,10203
20160726,6,190,10,20,30,164,148,10,63,10206
20160726,7,180,20,20,30,184,153,10,106,10208
20160726,8,190,20,20,40,197,161,9,150,10208
20160726,9,990,10,10,30,211,156,7,197,10208
20160726,10,280,10,20,30,227,125,7,201,10208
20160726,11,350,20,20,40,218,130,2,115,10208
20160726,12,340,20,20,50,221,133,1,142,10205
20160726,13,990,10,10,30,221,127,0,60,10205
20160726,14,280,10,10,40,229,135,0,98,10204
20160726,15,350,20,20,40,226,123,0,114,10202
20160726,16,320,20,30,50,224,125,0,78,10200
20160726,17,310,30,30,60,216,128,2,76,10201
20160726,18,310,20,20,50,211,128,5,54,10200
20160726,19,330,20,10,30,198,139,8,22,10198
20160726,20,330,10,10,20,176,151,0,2,10200
20160726,21,320,10,10,10,163,151,0,0,10200
20160726,22,290,10,10,20,168,156,0,0,10198
20160726,23,0,0,0,0,167,156,0,0,10196
20160726,24,210,0,10,10,168,159,0,0,10191
20160727,1,210,0,10,10,165,158,0,0,10188
20160727,2,230,10,10,30,169,144,0,0,10182
20160727,3,240,20,20,40,171,144,0,0,10177
20160727,4,240,20,20,40,173,146,0,0,10172
20160727,5,220,20,20,50,171,149,0,6,10171
20160727,6,230,30,40,60,174,134,1,45,10170
20160727,7,210,40,40,70,182,133,10,120,10169
20160727,8,200,40,40,60,192,137,8,165,10166
20160727,9,220,40,50,80,202,146,6,205,10165
20160727,10,210,50,40,80,201,150,4,194,10164
20160727,11,210,50,50,90,207,147,2,152,10159
20160727,12,220,50,50,100,192,161,0,70,10160
20160727,13,220,50,50,90,194,165,0,90,10156
20160727,14,210,40,50,80,185,168,0,51,10156
20160727,15,240,40,40,80,187,172,0,60,10155
20160727,16,230,50,40,100,179,173,0,31,10155
20160727,17,230,50,40,120,177,170,0,23,10153
20160727,18,230,50,50,110,176,171,0,12,10154
20160727,19,240,40,40,80,176,172,0,6,10157
20160727,20,290,30,20,50,172,168,0,0,10161
20160727,21,260,20,10,30,166,161,0,0,10161
20160727,22,230,10,10,20,164,159,0,0,10162
20160727,23,160,10,10,10,161,158,0,0,10162
20160727,24,120,10,10,10,163,160,0,0,10160
20160728,1,180,10,10,10,162,159,0,0,10157
20160728,2,130,10,10,10,163,160,0,0,10154
20160728,3,100,10,10,10,160,157,0,0,10151
20160728,4,100,10,10,20,162,159,0,0,10149
20160728,5,80,0,10,20,164,161,0,4,10148
20160728,6,130,10,10,20,174,171,0,20,10146
20160728,7,110,10,10,20,182,174,0,31,10143
20160728,8,200,10,20,30,190,175,0,47,10143
20160728,9,170,30,20,50,209,176,7,191,10142
20160728,10,200,40,40,70,212,171,4,182,10141
20160728,11,210,40,40,80,218,167,8,267,10139
20160728,12,230,40,50,70,232,161,8,284,10137
20160728,13,230,50,50,100,223,165,2,163,10136
20160728,14,240,40,40,90,232,162,8,248,10130
20160728,15,240,50,50,100,228,163,7,200,10129
20160728,16,270,40,40,90,217,161,1,85,10128
20160728,17,260,50,40,100,211,153,2,79,10128
20160728,18,270,40,50,90,203,150,2,47,10130
20160728,19,280,40,40,70,191,150,0,14,10134
20160728,20,280,30,20,60,185,153,0,1,10135
20160728,21,250,30,30,60,177,147,0,0,10131
20160728,22,260,20,20,60,161,142,0,0,10130
20160728,23,220,20,20,40,154,144,0,0,10131
20160728,24,210,20,30,40,161,145,0,0,10128
20160729,1,210,40,40,70,155,149,0,0,10124
20160729,2,190,30,30,60,158,151,0,0,10119
20160729,3,190,30,20,50,162,155,0,0,10116
20160729,4,190,30,30,40,164,159,0,0,10115
20160729,5,200,30,30,50,169,161,0,4,10114
20160729,6,200,30,30,60,177,164,1,31,10112
20160729,7,190,30,40,50,183,166,3,49,10111
20160729,8,190,30,30,60,187,167,0,63,10110
20160729,9,200,40,40,70,176,171,0,35,10111
20160729,10,200,40,40,70,194,168,0,122,10109
20160729,11,230,50,50,100,200,160,3,168,10108
20160729,12,250,50,40,100,203,161,4,172,10109
20160729,13,240,40,40,80,199,153,0,87,10110
20160729,14,230,40,50,80,195,148,1,82,10112
20160729,15,230,50,60,100,193,145,2,94,10112
20160729,16,230,50,50,100,194,151,1,67,10111
20160729,17,220,40,50,80,195,154,4,70,10110
20160729,18,220,40,40,70,196,153,0,25,10111
20160729,19,240,40,40,80,194,149,0,12,10112
20160729,20,250,40,40,70,191,137,0,2,10114
20160729,21,230,30,20,80,182,141,0,0,10115
20160729,22,230,30,20,60,177,136,0,0,10116
20160729,23,230,30,30,70,178,141,0,0,10115
20160729,24,230,40,40,70,172,139,0,0,10114
20160730,1,230,50,50,80,172,138,0,0,10113
20160730,2,210,40,40,70,168,143,0,0,10111
20160730,3,220,40,40,70,164,137,0,0,10110
20160730,4,220,30,30,60,164,141,0,0,10112
20160730,5,220,30,30,60,162,147,0,4,10113
20160730,6,230,30,30,60,167,152,0,19,10115
20160730,7,250,20,20,50,167,160,0,15,10120
20160730,8,230,20,30,40,178,169,0,60,10123
20160730,9,220,20,20,30,196,160,4,149,10122
20160730,10,20,20,10,40,181,163,2,78,10125
20160730,11,990,10,10,20,207,168,3,168,10126
20160730,12,320,20,10,30,200,157,0,89,10128
20160730,13,120,20,20,40,207,157,3,161,10127
20160730,14,170,10,10,30,203,162,0,82,10128
20160730,15,190,20,30,40,186,167,0,27,10130
20160730,16,160,20,30,40,186,174,0,27,10128
20160730,17,200,10,10,40,183,169,0,13,10128
20160730,18,270,20,20,30,178,164,0,13,10128
20160730,19,250,10,10,20,172,168,0,4,10127
20160730,20,260,10,10,20,166,163,0,0,10130
20160730,21,210,10,10,20,164,161,0,0,10129
20160730,22,260,20,10,20,164,159,0,0,10129
20160730,23,250,20,20,30,161,157,0,0,10129
20160730,24,300,10,10,20,161,153,0,0,10128
20160731,1,310,20,20,30,159,153,0,0,10125
20160731,2,310,20,10,50,156,151,0,0,10129
20160731,3,320,10,10,20,155,152,0,0,10129
20160731,4,310,10,10,20,153,150,0,0,10128
20160731,5,0,0,0,10,152,149,0,4,10130
20160731,6,260,10,10,20,160,154,0,27,10133
20160731,7,230,10,10,10,170,154,0,48,10136
20160731,8,280,10,20,40,182,146,2,96,10140
20160731,9,290,20,20,30,182,143,2,109,10139
20160731,10,300,20,30,50,186,138,1,94,10142
20160731,11,290,30,30,70,182,131,1,110,10145
20160731,12,300,30,30,70,193,124,0,118,10148
20160731,13,300,40,40,80,199,119,6,226,10148
20160731,14,300,40,40,90,200,122,4,178,10155
20160731,15,310,40,40,80,198,114,8,163,10156
20160731,16,290,50,50,90,195,114,10,179,10160
20160731,17,290,40,40,80,189,104,10,153,10165
20160731,18,290,40,40,60,181,109,10,80,10170
20160731,19,290,30,30,70,165,116,5,22,10175
20160731,20,280,30,20,50,159,115,0,1,10177
20160731,21,270,20,20,30,147,117,0,0,10179
20160731,22,230,20,20,30,135,115,0,0,10180
20160731,23,240,20,20,30,141,122,0,0,10180
20160731,24,230,20,20,40,149,126,0,0,10180
20160801,1,210,20,10,40,144,127,0,0,10180
20160801,2,200,20,20,30,131,124,0,0,10179
20160801,3,180,10,10,20,132,128,0,0,10176
20160801,4,180,10,10,30,140,129,0,0,10174
20160801,5,200,30,30,50,152,125,0,5,10174
20160801,6,220,40,40,70,151,128,0,8,10179
20160801,7,210,30,20,80,143,136,0,14,10178
20160801,8,220,30,30,60,165,144,5,122,10179
20160801,9,240,30,20,60,182,144,9,205,10178
20160801,10,10,20,10,60,158,132,1,42,10181
20160801,11,240,20,30,50,196,136,3,132,10180
20160801,12,300,30,40,90,200,119,5,180,10181
20160801,13,310,40,40,80,207,115,10,302,10181
20160801,14,290,50,50,90,207,105,10,299,10183
20160801,15,290,40,40,80,195,104,8,182,10184
20160801,16,290,30,30,70,196,115,5,131,10184
20160801,17,280,30,30,70,194,95,10,151,10181
20160801,18,270,30,30,50,186,90,10,85,10179
20160801,19,300,10,10,50,165,115,8,24,10178
20160801,20,300,10,10,20,141,127,0,1,10179
20160801,21,190,10,10,10,139,134,0,0,10178
20160801,22,210,10,10,20,143,131,0,0,10175
20160801,23,130,10,10,20,145,133,0,0,10171
20160801,24,160,20,20,30,147,127,0,0,10167
20160802,1,190,20,30,50,150,128,0,0,10162
20160802,2,180,30,30,50,146,125,0,0,10157
20160802,3,170,30,30,60,140,129,0,0,10150
20160802,4,160,20,20,40,139,131,0,0,10145
20160802,5,170,30,30,50,142,134,0,3,10142
20160802,6,170,30,30,60,142,123,0,11,10140
20160802,7,150,30,30,60,146,130,1,41,10136
20160802,8,160,30,40,60,154,136,0,54,10131
20160802,9,160,40,40,70,156,138,0,57,10127
20160802,10,150,40,50,70,156,147,0,75,10125
20160802,11,150,40,30,70,161,155,0,72,10123
20160802,12,150,30,30,60,164,158,0,65,10121
20160802,13,150,30,30,60,170,165,0,70,10118
20160802,14,160,20,20,40,177,174,0,53,10115
20160802,15,210,20,20,40,184,179,0,48,10112
20160802,16,200,20,30,50,183,179,0,30,10109
20160802,17,220,30,30,60,186,182,0,21,10107
20160802,18,230,30,40,60,184,179,0,9,10108
20160802,19,220,30,30,60,183,180,0,5,10109
20160802,20,220,30,30,50,182,179,0,0,10109
20160802,21,220,30,30,60,182,177,0,0,10110
20160802,22,220,40,40,60,181,178,0,0,10109
20160802,23,220,40,40,80,182,178,0,0,10108
20160802,24,220,40,40,100,183,178,0,0,10105
20160803,1,220,50,40,90,181,178,0,0,10101
20160803,2,220,40,40,70,181,177,0,0,10098
20160803,3,220,40,40,70,181,177,0,0,10094
20160803,4,220,40,40,80,182,179,0,0,10089
20160803,5,220,40,40,80,182,178,0,1,10087
20160803,6,220,50,60,100,184,178,0,4,10084
20160803,7,220,50,60,90,186,181,0,17,10084
20160803,8,220,60,60,100,186,181,0,25,10085
20160803,9,230,50,50,90,187,182,0,28,10084
20160803,10,220,60,60,110,188,181,0,34,10087
20160803,11,230,50,60,100,192,180,0,43,10088
20160803,12,220,60,60,100,208,182,3,169,10087
20160803,13,230,60,60,130,208,172,2,134,10086
20160803,14,220,70,70,120,206,167,0,117,10088
20160803,15,220,60,60,130,207,173,0,93,10088
20160803,16,220,70,70,140,204,162,1,84,10087
20160803,17,220,60,70,120,204,166,5,83,10083
20160803,18,230,60,60,120,202,157,8,70,10080
20160803,19,220,50,30,90,194,163,7,26,10078
20160803,20,220,40,40,70,187,161,0,1,10082
20160803,21,220,40,50,90,186,153,0,0,10081
20160803,22,220,50,50,110,181,141,0,0,10083
20160803,23,230,60,70,110,174,134,0,0,10085
20160803,24,220,50,50,100,164,133,0,0,10085
20160804,1,220,50,50,80,163,133,0,0,10084
20160804,2,220,50,50,90,161,137,0,0,10082
20160804,3,220,50,50,100,155,133,0,0,10082
20160804,4,210,40,40,80,152,132,0,0,10083
20160804,5,200,40,30,70,151,135,0,7,10082
20160804,6,210,40,40,80,161,140,0,23,10084
20160804,7,200,50,60,100,166,139,4,62,10087
20160804,8,200,50,50,90,169,142,1,57,10092
20160804,9,210,50,50,120,176,142,2,68,10093
20160804,10,220,60,70,120,177,138,1,71,10093
20160804,11,210,50,50,110,183,143,0,69,10094
20160804,12,210,60,60,110,176,145,1,68,10098
20160804,13,210,60,50,110,191,142,3,127,10100
20160804,14,210,60,50,100,195,142,5,152,10099
20160804,15,250,40,40,80,204,132,4,94,10099
20160804,16,250,50,50,110,207,121,4,115,10102
20160804,17,250,40,40,110,197,126,8,98,10103
20160804,18,250,40,50,90,197,127,10,63,10106
20160804,19,250,30,30,80,183,134,7,21,10112
20160804,20,240,30,30,60,174,129,0,1,10118
20160804,21,220,20,20,50,157,129,0,0,10119
20160804,22,210,20,20,30,153,126,0,0,10122
20160804,23,220,20,30,50,157,132,0,0,10122
20160804,24,220,30,30,60,158,139,0,0,10125
20160805,1,220,30,30,50,153,139,0,0,10126
20160805,2,220,30,20,50,149,136,0,0,10130
20160805,3,230,20,20,40,144,137,0,0,10134
20160805,4,220,10,20,30,147,142,0,0,10141
20160805,5,210,20,20,20,143,138,0,3,10147
20160805,6,220,10,20,30,160,148,5,42,10154
20160805,7,250,20,20,40,180,155,8,86,10159
20160805,8,270,30,30,60,193,144,8,130,10163
20160805,9,290,30,30,80,200,138,7,136,10169
20160805,10,270,40,50,90,204,139,9,192,10175
20160805,11,280,40,40,80,208,134,9,252,10181
20160805,12,290,50,50,90,204,131,5,207,10186
20160805,13,320,40,40,80,203,145,9,255,10192
20160805,14,310,40,50,80,211,136,9,247,10194
20160805,15,290,40,40,90,211,133,9,200,10197
20160805,16,290,40,40,70,208,128,9,140,10200
20160805,17,310,40,30,70,197,133,10,115,10204
20160805,18,310,30,30,70,185,132,2,44,10209
20160805,19,300,30,20,60,176,125,7,16,10216
20160805,20,300,20,20,30,165,128,0,1,10221
20160805,21,290,20,10,30,159,129,0,0,10226
20160805,22,250,10,10,20,149,132,0,0,10228
20160805,23,240,10,10,20,131,126,0,0,10230
20160805,24,210,10,10,20,132,127,0,0,10228
20160806,1,210,10,20,20,130,125,0,0,10228
20160806,2,170,10,10,20,122,119,0,0,10226
20160806,3,220,20,20,40,139,136,0,0,10225
20160806,4,210,20,20,40,148,139,0,0,10227
20160806,5,220,30,30,40,151,140,0,1,10231
20160806,6,990,20,10,50,154,147,0,5,10234
20160806,7,990,20,10,40,153,147,0,9,10237
20160806,8,190,20,20,40,159,154,0,28,10243
20160806,9,200,20,20,40,174,165,0,66,10244
20160806,10,200,20,20,60,190,168,3,106,10244
20160806,11,250,20,30,70,203,156,3,109,10246
20160806,12,290,40,40,80,215,153,8,224,10251
20160806,13,320,40,50,80,217,149,9,254,10255
20160806,14,310,50,50,90,204,129,6,163,10263
20160806,15,290,40,40,80,212,129,9,213,10268
20160806,16,290,50,50,90,205,104,10,190,10271
20160806,17,300,40,40,70,198,94,10,134,10272
20160806,18,290,30,30,70,191,97,10,74,10274
20160806,19,280,30,20,60,171,100,7,24,10279
20160806,20,280,20,20,50,146,112,0,1,10284
20160806,21,270,20,20,30,131,113,0,0,10286
20160806,22,220,10,10,30,113,108,0,0,10285
20160806,23,170,10,10,10,109,104,0,0,10282
20160806,24,180,10,10,20,106,101,0,0,10277
20160807,1,160,10,20,30,111,107,0,0,10274
20160807,2,170,20,20,40,121,108,0,0,10270
20160807,3,180,30,30,50,130,114,0,0,10264
20160807,4,180,20,30,50,133,114,0,0,10262
20160807,5,190,30,30,40,145,115,3,8,10260
20160807,6,200,30,40,70,159,121,10,47,10259
20160807,7,220,40,30,70,175,137,10,106,10259
20160807,8,220,50,50,100,174,144,8,137,10256
20160807,9,200,50,40,90,171,152,0,54,10255
20160807,10,190,40,50,80,183,162,0,88,10248
20160807,11,220,40,40,80,193,164,0,73,10248
20160807,12,210,50,50,80,206,169,0,93,10242
20160807,13,220,50,40,80,201,170,0,45,10238
20160807,14,220,40,50,90,214,173,0,80,10232
20160807,15,210,50,50,90,223,175,1,93,10224
20160807,16,220,40,40,90,225,179,2,74,10220
20160807,17,210,40,40,70,223,183,0,47,10210
20160807,18,220,30,10,80,225,184,0,21,10205
20160807,19,230,50,30,90,219,178,0,7,10204
20160807,20,240,50,50,100,209,170,0,1,10203
20160807,21,230,60,50,110,201,168,0,0,10198
20160807,22,220,60,60,100,196,165,0,0,10193
20160807,23,230,60,60,110,189,151,0,0,10191
20160807,24,230,60,50,100,183,152,0,0,10184
20160808,1,230,50,50,100,172,143,0,0,10181
20160808,2,230,50,50,80,171,149,0,0,10175
20160808,3,230,40,30,70,171,153,0,0,10177
20160808,4,230,40,40,70,170,153,0,0,10175
20160808,5,240,40,40,80,170,153,0,1,10178
20160808,6,260,40,30,80,176,136,0,13,10180
20160808,7,260,40,40,80,177,132,0,37,10182
20160808,8,270,40,50,90,184,130,1,61,10185
20160808,9,260,50,50,100,186,122,4,118,10188
20160808,10,260,60,60,110,194,117,7,202,10190
20160808,11,270,50,50,110,191,112,9,254,10192
20160808,12,240,60,50,130,190,104,9,256,10196
20160808,13,280,60,60,100,199,106,10,274,10199
20160808,14,300,50,50,90,186,101,6,186,10202
20160808,15,280,50,50,90,189,99,4,154,10201
20160808,16,270,50,60,90,185,99,8,143,10203
20160808,17,290,40,30,90,185,99,10,112,10205
20160808,18,310,30,30,50,172,110,0,21,10204
20160808,19,300,30,20,50,169,111,0,8,10208
20160808,20,300,20,20,50,158,109,0,0,10211
20160808,21,240,20,20,50,143,119,0,0,10211
20160808,22,220,20,10,20,130,119,0,0,10209
20160808,23,150,0,10,10,125,120,0,0,10208
20160808,24,210,10,20,20,130,126,0,0,10207
20160809,1,230,20,20,40,138,121,0,0,10207
20160809,2,210,20,10,40,136,124,0,0,10201
20160809,3,220,20,20,30,129,116,0,0,10201
20160809,4,310,40,40,100,116,95,0,0,10209
20160809,5,990,20,10,70,106,101,0,2,10207
20160809,6,250,10,30,50,124,113,7,40,10214
20160809,7,0,10,0,60,127,112,0,27,10213
20160809,8,240,10,20,30,150,120,5,122,10217
20160809,9,990,10,10,30,165,113,8,178,10219
20160809,10,290,20,10,60,143,125,0,53,10224
20160809,11,320,30,30,60,152,108,3,183,10224
20160809,12,340,30,30,70,161,111,3,154,10225
20160809,13,340,30,40,80,178,80,7,231,10227
20160809,14,330,40,40,80,182,67,8,224,10225
20160809,15,310,40,40,80,177,90,8,187,10224
20160809,16,300,40,40,80,169,84,5,105,10224
20160809,17,310,40,40,100,169,99,7,99,10225
20160809,18,300,40,30,80,160,82,10,78,10224
20160809,19,280,20,20,60,140,82,2,9,10223
20160809,20,280,20,20,30,131,94,0,0,10224
20160809,21,260,20,10,30,122,100,0,0,10222
20160809,22,240,20,10,30,128,94,0,0,10218
20160809,23,260,20,20,30,131,95,0,0,10214
20160809,24,280,20,20,50,129,95,0,0,10216
20160810,1,350,20,50,80,118,88,0,0,10218
20160810,2,990,20,10,80,106,96,0,0,10211
20160810,3,270,10,10,20,106,100,0,0,10212
20160810,4,270,10,10,20,108,101,0,0,10210
20160810,5,240,20,20,40,112,100,5,9,10210
20160810,6,250,20,20,30,122,102,8,52,10214
20160810,7,260,20,20,40,139,98,10,101,10216
20160810,8,320,30,20,60,150,83,10,163,10220
20160810,9,310,30,30,60,157,69,10,195,10220
20160810,10,280,30,30,60,146,85,5,148,10223
20160810,11,270,20,20,80,150,96,5,168,10223
20160810,12,310,30,40,70,159,88,7,225,10223
20160810,13,310,30,20,60,161,98,7,205,10224
20160810,14,350,40,50,80,150,77,4,119,10226
20160810,15,330,40,20,90,167,76,8,202,10226
20160810,16,340,30,30,80,162,70,4,89,10229
20160810,17,340,30,40,70,158,69,9,113,10231
20160810,18,320,30,40,70,152,79,10,78,10232
20160810,19,290,20,20,70,138,76,5,14,10235
20160810,20,310,20,10,40,111,87,0,0,10239
20160810,21,270,10,10,20,88,84,0,0,10240
20160810,22,210,0,10,10,77,73,0,0,10239
20160810,23,230,20,20,30,73,69,0,0,10238
20160810,24,210,10,10,20,70,67,0,0,10234
20160811,1,190,10,10,20,70,67,0,0,10231
20160811,2,200,10,20,30,82,79,0,0,10229
20160811,3,200,20,20,40,92,86,0,0,10225
20160811,4,210,30,30,40,112,91,0,0,10219
20160811,5,200,30,30,60,119,93,0,3,10216
20160811,6,200,40,40,70,123,92,0,17,10210
20160811,7,200,40,40,80,130,102,0,24,10208
20160811,8,210,40,40,80,134,118,0,32,10205
20160811,9,200,50,50,90,138,121,0,63,10200
20160811,10,210,60,50,100,136,128,0,33,10196
20160811,11,210,50,50,90,138,133,0,37,10193
20160811,12,230,40,50,80,147,136,0,57,10193
20160811,13,220,50,50,90,147,136,0,67,10194
20160811,14,220,50,50,80,146,136,0,69,10192
20160811,15,230,50,60,90,145,139,0,40,10191
20160811,16,230,40,40,90,150,144,0,32,10190
20160811,17,240,30,30,60,152,146,0,32,10188
20160811,18,240,30,30,50,154,148,0,20,10185
20160811,19,240,30,30,60,152,149,0,3,10188
20160811,20,240,30,30,70,153,150,0,0,10190
20160811,21,240,30,30,60,155,152,0,0,10191
20160811,22,260,30,30,60,158,155,0,0,10193
20160811,23,230,30,20,50,159,156,0,0,10193
20160811,24,250,20,30,60,163,159,0,0,10193
20160812,1,260,30,30,60,167,164,0,0,10192
20160812,2,280,30,30,70,169,165,0,0,10196
20160812,3,260,20,20,60,169,166,0,0,10196
20160812,4,250,20,20,40,171,165,0,0,10198
20160812,5,260,20,20,40,172,165,0,1,10205
20160812,6,250,20,20,50,175,166,0,6,10210
20160812,7,260,20,30,60,179,168,0,15,10214
20160812,8,270,30,30,60,187,170,0,41,10218
20160812,9,260,30,30,80,186,165,0,50,10222
20160812,10,260,40,40,70,190,161,0,52,10224
20160812,11,260,40,40,70,193,163,0,66,10227
20160812,12,260,40,40,80,201,165,0,94,10228
20160812,13,250,40,40,90,211,168,1,135,10227
20160812,14,240,50,60,90,210,162,3,126,10227
20160812,15,240,50,60,100,217,161,5,145,10226
20160812,16,240,50,40,80,221,162,6,121,10225
20160812,17,250,50,50,90,221,153,10,118,10223
20160812,18,240,40,50,90,215,152,10,61,10221
20160812,19,240,40,40,80,201,152,5,16,10220
20160812,20,220,30,20,50,182,151,0,0,10221
20160812,21,220,30,30,50,175,153,0,0,10220
20160812,22,210,30,30,50,175,157,0,0,10216
20160812,23,220,30,30,60,176,157,0,0,10210
20160812,24,220,30,40,80,173,137,0,0,10208
20160813,1,230,40,50,80,165,127,0,0,10208
20160813,2,230,40,40,80,157,131,0,0,10206
20160813,3,230,30,30,70,153,140,0,0,10204
20160813,4,230,30,30,60,152,147,0,0,10205
20160813,5,210,30,30,60,156,152,0,5,10207
20160813,6,220,30,30,50,162,153,2,24,10209
20160813,7,230,30,40,70,171,152,0,52,10209
20160813,8,230,40,40,70,176,150,0,60,10212
20160813,9,240,40,40,80,187,148,4,131,10212
20160813,10,260,40,50,80,191,142,1,98,10215
20160813,11,260,50,50,100,199,147,5,192,10215
20160813,12,250,50,50,100,202,144,4,174,10216
20160813,13,260,50,40,90,206,144,1,114,10217
20160813,14,260,40,40,80,198,145,1,66,10219
20160813,15,260,50,40,80,196,149,0,63,10220
20160813,16,270,40,30,80,198,152,1,60,10220
20160813,17,270,20,20,70,195,155,2,45,10222
20160813,18,270,20,20,40,195,153,2,32,10221
20160813,19,280,20,20,40,186,151,5,14,10223
20160813,20,260,10,10,20,158,148,0,0,10225
20160813,21,250,10,10,20,143,138,0,0,10225
20160813,22,260,10,10,20,145,140,0,0,10225
20160813,23,260,20,20,30,170,159,0,0,10225
20160813,24,280,10,10,20,162,158,0,0,10224
20160814,1,310,10,10,10,162,159,0,0,10225
20160814,2,310,10,10,20,163,157,0,0,10223
20160814,3,330,10,10,10,159,156,0,0,10223
20160814,4,350,10,10,10,154,151,0,0,10223
20160814,5,0,0,0,10,150,147,0,2,10227
20160814,6,0,0,0,0,159,150,0,22,10231
20160814,7,300,0,10,20,180,147,0,57,10233
20160814,8,990,10,10,20,195,128,3,101,10235
20160814,9,260,10,20,30,206,129,7,171,10237
20160814,10,330,20,20,40,210,120,9,210,10238
20160814,11,310,20,20,40,207,122,1,112,10238
20160814,12,320,30,30,60,203,131,2,147,10239
20160814,13,320,30,30,70,207,126,3,180,10240
20160814,14,340,30,30,60,204,132,2,126,10241
20160814,15,340,40,40,60,200,136,2,127,10244
20160814,16,20,40,40,60,190,128,2,93,10246
20160814,17,10,40,40,60,188,118,2,71,10248
20160814,18,30,30,30,50,177,123,3,35,10249
20160814,19,30,30,20,40,168,120,5,10,10251
20160814,20,20,20,20,30,154,121,0,0,10255
20160814,21,20,20,10,30,126,117,0,0,10257
20160814,22,330,10,10,20,109,104,0,0,10258
20160814,23,0,0,0,10,102,97,0,0,10258
20160814,24,0,10,0,20,97,92,0,0,10260
20160815,1,350,10,10,20,91,88,0,0,10260
20160815,2,350,10,10,20,88,85,0,0,10259
20160815,3,0,10,0,10,85,81,0,0,10256
20160815,4,0,10,0,20,93,88,0,0,10255
20160815,5,150,10,10,10,97,92,2,5,10255
20160815,6,60,0,10,10,136,128,10,41,10256
20160815,7,50,10,20,30,160,127,10,95,10256
20160815,8,40,20,40,50,173,120,10,153,10258
20160815,9,40,30,30,50,182,120,10,206,10256
20160815,10,50,30,40,60,190,104,9,235,10254
20160815,11,80,30,20,50,204,115,9,246,10251
20160815,12,40,30,20,50,204,107,9,261,10249
20160815,13,50,30,40,70,209,111,9,261,10244
20160815,14,70,30,40,90,213,122,9,231,10240
20160815,15,40,40,40,70,202,113,5,138,10237
20160815,16,30,40,40,80,208,134,7,134,10232
20160815,17,10,40,40,70,201,133,9,103,10227
20160815,18,30,40,40,70,191,135,10,56,10227
20160815,19,10,30,30,60,179,133,5,13,10228
20160815,20,30,30,30,50,168,133,0,0,10228
20160815,21,30,30,30,50,157,127,0,0,10229
20160815,22,40,30,40,50,147,122,0,0,10229
20160815,23,50,30,30,50,141,120,0,0,10230
20160815,24,50,30,30,50,133,114,0,0,10226
20160816,1,50,20,20,40,124,110,0,0,10223
20160816,2,60,20,20,40,119,108,0,0,10222
20160816,3,50,30,30,50,121,109,0,0,10218
20160816,4,60,30,30,50,118,107,0,0,10216
20160816,5,60,30,30,40,118,107,3,5,10214
20160816,6,60,20,20,40,135,111,7,34,10214
20160816,7,50,30,20,40,158,120,10,95,10209
20160816,8,40,30,30,40,170,129,9,143,10210
20160816,9,40,40,40,60,178,125,10,181,10207
20160816,10,40,40,40,70,190,121,9,219,10205
20160816,11,40,40,30,60,199,120,10,274,10202
20160816,12,60,30,30,60,202,110,9,284,10198
20160816,13,40,40,50,70,196,114,10,275,10194
20160816,14,50,40,30,70,205,112,9,215,10189
20160816,15,30,40,40,80,209,116,10,225,10183
20160816,16,40,40,50,70,204,115,10,168,10180
20160816,17,40,50,50,70,199,119,10,115,10176
20160816,18,40,50,40,80,186,119,10,57,10176
20160816,19,40,30,30,80,171,117,5,12,10176
20160816,20,30,30,30,40,155,119,0,0,10176
20160816,21,30,30,20,40,150,119,0,0,10176
20160816,22,40,30,30,50,140,119,0,0,10174
20160816,23,50,30,30,40,137,119,0,0,10175
20160816,24,50,20,20,30,130,116,0,0,10172
20160817,1,50,20,20,30,125,113,0,0,10171
20160817,2,50,20,20,40,122,112,0,0,10168
20160817,3,50,20,30,40,118,110,0,0,10165
20160817,4,60,20,20,40,118,112,0,0,10162
20160817,5,70,40,30,70,128,117,0,3,10159
20160817,6,80,40,40,60,145,119,10,38,10158
20160817,7,90,40,40,60,168,123,10,94,10158
20160817,8,90,50,60,90,184,112,10,155,10155
20160817,9,80,70,70,110,200,98,10,209,10153
20160817,10,70,60,80,100,207,89,10,253,10150
20160817,11,100,60,50,110,218,86,10,282,10147
20160817,12,70,50,50,90,225,93,10,293,10144
20160817,13,90,50,40,80,231,87,10,286,10138
20160817,14,60,40,50,80,230,76,10,262,10135
20160817,15,70,50,40,80,231,88,10,223,10131
20160817,16,90,40,40,70,228,79,10,174,10128
20160817,17,90,40,50,70,223,86,10,117,10124
20160817,18,80,30,30,50,214,91,10,56,10125
20160817,19,60,20,30,40,190,99,3,11,10126
20160817,20,50,20,20,30,148,108,0,0,10128
20160817,21,60,30,30,30,155,95,0,0,10127
20160817,22,40,10,10,20,114,102,0,0,10126
20160817,23,50,10,20,20,104,96,0,0,10124
20160817,24,40,10,10,20,100,90,0,0,10121
20160818,1,30,10,20,30,112,93,0,0,10120
20160818,2,30,20,10,40,101,90,0,0,10114
20160818,3,40,20,30,50,115,95,0,0,10108
20160818,4,50,30,40,60,118,104,0,0,10107
20160818,5,40,30,30,60,115,101,0,3,10107
20160818,6,40,30,30,50,132,106,10,38,10107
20160818,7,60,30,20,40,156,114,10,94,10109
20160818,8,50,30,30,50,179,124,10,149,10108
20160818,9,70,40,40,70,201,119,10,207,10106
20160818,10,60,50,50,80,211,111,10,249,10106
20160818,11,60,40,40,60,221,111,10,276,10104
20160818,12,60,30,20,60,231,105,10,286,10101
20160818,13,70,20,20,60,237,102,10,278,10098
20160818,14,40,30,20,60,238,111,10,254,10096
20160818,15,70,30,30,60,237,118,10,212,10095
20160818,16,20,30,40,60,232,131,9,148,10095
20160818,17,40,40,40,80,218,123,10,113,10098
20160818,18,20,40,40,70,208,132,10,46,10101
20160818,19,10,30,20,50,193,137,3,8,10105
20160818,20,20,20,20,40,179,139,0,0,10108
20160818,21,30,30,20,40,167,137,0,0,10109
20160818,22,40,30,30,40,159,137,0,0,10110
20160818,23,50,20,20,40,150,139,0,0,10109
20160818,24,50,20,10,40,132,125,0,0,10108
20160819,1,50,10,10,20,118,114,0,0,10105
20160819,2,50,10,10,20,108,105,0,0,10102
20160819,3,40,10,10,20,107,104,0,0,10101
20160819,4,50,10,20,20,100,97,0,0,10099
20160819,5,60,10,10,20,107,104,0,2,10099
20160819,6,80,20,20,30,138,125,10,33,10100
20160819,7,90,20,20,30,168,138,10,85,10101
20160819,8,120,20,20,30,190,135,10,140,10100
20160819,9,160,20,20,40,197,138,4,135,10099
20160819,10,140,20,20,40,209,147,0,107,10096
20160819,11,140,30,40,70,232,139,8,240,10091
20160819,12,140,40,40,80,238,124,7,239,10087
20160819,13,130,30,40,80,235,131,0,122,10082
20160819,14,160,30,30,60,234,151,0,88,10080
20160819,15,180,20,30,50,206,172,0,25,10081
20160819,16,140,10,20,50,212,190,0,38,10080
20160819,17,170,20,20,40,215,189,0,29,10076
20160819,18,180,20,30,50,214,183,0,14,10075
20160819,19,180,30,30,60,210,177,0,1,10076
20160819,20,190,40,40,80,208,171,0,0,10079
20160819,21,220,60,50,130,190,146,0,0,10089
20160819,22,230,40,50,100,173,142,0,0,10093
20160819,23,200,30,20,80,161,149,0,0,10089
20160819,24,210,30,30,50,163,144,0,0,10089
20160820,1,210,30,30,50,167,148,0,0,10089
20160820,2,220,30,30,50,168,150,0,0,10091
20160820,3,210,30,40,60,160,145,0,0,10090
20160820,4,200,30,30,50,150,141,0,0,10093
20160820,5,190,30,20,50,150,138,0,3,10093
20160820,6,190,30,30,50,152,141,3,18,10098
20160820,7,190,30,30,50,159,148,1,38,10099
20160820,8,180,40,50,70,172,153,8,112,10100
20160820,9,200,50,50,90,178,151,2,111,10104
20160820,10,210,40,40,100,189,154,1,120,10105
20160820,11,200,50,50,80,196,142,2,145,10105
20160820,12,220,50,70,110,200,129,7,206,10104
20160820,13,220,50,60,100,218,112,6,160,10104
20160820,14,220,60,60,130,221,106,9,224,10103
20160820,15,210,60,70,110,226,98,10,220,10102
20160820,16,210,70,60,100,224,98,10,149,10104
20160820,17,240,50,50,90,217,112,10,106,10105
20160820,18,230,30,20,70,203,123,7,39,10108
20160820,19,220,40,30,160,158,138,0,2,10116
20160820,20,190,30,30,50,156,132,0,0,10118
20160820,21,200,30,40,70,155,125,0,0,10120
20160820,22,190,40,40,70,154,125,0,0,10120
20160820,23,200,40,40,80,155,119,0,0,10118
20160820,24,200,40,40,70,154,117,0,0,10119
20160821,1,190,40,40,80,154,116,0,0,10116
20160821,2,200,40,50,80,154,117,0,0,10115
20160821,3,200,50,50,90,153,120,0,0,10115
20160821,4,210,50,70,130,153,124,0,0,10114
20160821,5,200,60,50,130,148,129,0,0,10116
20160821,6,200,50,50,100,150,129,0,13,10120
20160821,7,200,50,50,100,151,134,0,36,10123
20160821,8,210,50,60,100,156,145,2,65,10128
20160821,9,210,50,50,100,158,147,2,62,10131
20160821,10,250,40,30,90,156,151,0,20,10138
20160821,11,220,30,40,60,167,157,0,45,10144
20160821,12,220,30,40,70,169,155,1,76,10149
20160821,13,230,40,40,80,179,162,3,128,10155
20160821,14,260,40,40,90,186,156,8,191,10162
20160821,15,270,50,50,90,183,154,7,138,10169
20160821,16,280,40,40,90,194,147,4,72,10175
20160821,17,260,40,40,80,193,139,7,75,10181
20160821,18,250,40,40,80,190,143,7,34,10188
20160821,19,240,40,30,80,177,141,3,7,10196
20160821,20,220,30,40,60,173,142,0,0,10201
20160821,21,220,40,40,70,173,147,0,0,10202
20160821,22,230,50,50,100,171,147,0,0,10205
20160821,23,220,40,40,80,163,142,0,0,10206
20160821,24,220,50,50,80,159,139,0,0,10209
20160822,1,210,40,40,70,155,140,0,0,10211
20160822,2,200,40,40,60,154,144,0,0,10209
20160822,3,190,30,30,60,153,146,0,0,10210
20160822,4,190,30,30,60,152,147,0,0,10211
20160822,5,190,40,30,60,152,149,0,0,10211
20160822,6,210,40,40,60,161,158,0,5,10213
20160822,7,210,30,30,60,167,164,0,8,10216
20160822,8,230,30,30,70,175,172,0,16,10221
20160822,9,230,40,30,70,180,176,0,35,10224
20160822,10,230,30,30,60,183,175,0,30,10227
20160822,11,230,30,30,60,184,173,0,26,10234
20160822,12,240,40,30,70,191,172,0,39,10239
20160822,13,230,40,50,90,200,168,2,100,10241
20160822,14,240,60,60,100,213,156,4,176,10241
20160822,15,240,60,50,120,216,129,5,165,10243
20160822,16,250,50,40,100,226,124,8,140,10243
20160822,17,240,50,50,110,219,123,10,102,10248
20160822,18,240,40,40,100,207,114,10,46,10249
20160822,19,230,30,30,70,188,121,2,6,10249
20160822,20,240,30,30,60,184,120,0,0,10252
20160822,21,230,30,30,50,180,119,0,0,10252
20160822,22,230,30,30,50,174,127,0,0,10254
20160822,23,230,20,20,40,168,132,0,0,10255
20160822,24,200,10,10,40,142,132,0,0,10254
20160823,1,190,20,20,30,166,142,0,0,10253
20160823,2,210,10,10,30,163,146,0,0,10256
20160823,3,190,10,10,20,164,149,0,0,10255
20160823,4,170,10,10,30,161,148,0,0,10256
20160823,5,200,20,10,40,158,135,0,2,10261
20160823,6,190,10,10,30,168,132,8,29,10264
20160823,7,210,20,20,30,187,144,10,79,10266
20160823,8,180,10,20,30,211,160,10,130,10266
20160823,9,180,20,20,40,220,158,10,187,10265
20160823,10,180,20,30,50,228,149,10,223,10265
20160823,11,190,30,30,50,242,138,10,259,10260
20160823,12,190,30,30,50,249,125,10,270,10257
20160823,13,180,20,20,50,262,129,10,263,10256
20160823,14,170,20,20,40,263,141,10,239,10252
20160823,15,130,20,20,40,263,156,10,200,10246
20160823,16,120,20,20,30,265,167,10,150,10243
20160823,17,130,20,20,30,261,162,10,96,10239
20160823,18,110,20,20,30,250,176,10,41,10237
20160823,19,80,20,20,30,212,184,2,5,10237
20160823,20,90,20,30,40,204,170,0,0,10237
20160823,21,100,20,20,30,195,169,0,0,10235
20160823,22,110,30,30,40,197,163,0,0,10232
20160823,23,110,20,30,30,174,160,0,0,10230
20160823,24,110,30,30,40,176,156,0,0,10226
20160824,1,110,30,30,40,172,155,0,0,10220
20160824,2,110,30,30,40,176,152,0,0,10219
20160824,3,130,30,30,50,195,153,0,0,10216
20160824,4,140,20,20,40,181,152,0,0,10216
20160824,5,150,20,20,40,172,151,0,1,10218
20160824,6,140,30,30,50,191,156,8,30,10220
20160824,7,140,30,30,50,209,160,10,82,10219
20160824,8,140,30,30,50,227,171,10,140,10216
20160824,9,140,30,30,50,246,171,10,188,10214
20160824,10,150,30,40,60,261,176,10,232,10211
20160824,11,140,30,40,70,270,178,10,258,10207
20160824,12,150,30,40,60,284,186,10,267,10204
20160824,13,140,40,40,70,290,187,10,260,10200
20160824,14,140,40,40,70,297,182,10,238,10195
20160824,15,140,40,40,70,301,182,10,200,10193
20160824,16,130,40,40,60,296,178,10,151,10190
20160824,17,140,40,30,60,290,159,10,96,10187
20160824,18,130,20,20,50,275,167,10,42,10186
20160824,19,120,20,20,30,221,193,2,2,10187
20160824,20,50,10,10,10,198,184,0,0,10189
20160824,21,100,10,20,20,187,179,0,0,10183
20160824,22,100,20,10,20,180,173,0,0,10180
20160824,23,90,10,10,20,176,171,0,0,10177
20160824,24,140,20,30,40,172,168,0,0,10177
20160825,1,150,30,30,40,207,164,0,0,10174
20160825,2,140,20,20,40,188,162,0,0,10171
20160825,3,140,20,30,40,189,161,0,0,10167
20160825,4,150,30,30,50,196,162,0,0,10166
20160825,5,150,20,20,40,188,162,0,1,10168
20160825,6,150,20,30,40,207,169,8,30,10167
20160825,7,150,30,30,50,225,172,10,83,10166
20160825,8,160,30,20,40,244,181,10,131,10164
20160825,9,150,30,30,50,261,191,10,187,10161
20160825,10,140,30,30,50,272,192,10,224,10158
20160825,11,160,30,30,50,286,191,10,241,10152
20160825,12,150,30,30,50,292,199,10,257,10151
20160825,13,150,30,30,50,302,195,10,256,10147
20160825,14,160,30,40,60,303,187,10,235,10146
20160825,15,130,30,30,50,308,192,10,197,10141
20160825,16,150,30,30,40,307,195,10,147,10136
20160825,17,130,20,20,30,302,210,10,89,10135
20160825,18,150,20,10,20,291,224,10,36,10134
20160825,19,110,10,10,20,240,216,2,4,10134
20160825,20,130,10,10,20,220,210,0,0,10135
20160825,21,110,10,10,20,209,204,0,0,10133
20160825,22,130,10,10,20,202,199,0,0,10131
20160825,23,160,20,20,30,197,192,0,0,10128
20160825,24,160,20,20,30,194,189,0,0,10127
20160826,1,160,20,30,40,214,191,0,0,10128
20160826,2,180,20,10,30,195,185,0,0,10130
20160826,3,200,10,10,20,193,184,0,0,10132
20160826,4,280,10,20,40,205,191,0,0,10137
20160826,5,290,20,20,50,209,180,0,1,10142
20160826,6,0,10,0,50,213,184,5,20,10141
20160826,7,290,20,30,50,222,181,5,66,10155
20160826,8,330,30,30,60,225,189,10,113,10157
20160826,9,350,20,20,50,239,190,10,168,10164
20160826,10,330,20,30,50,250,193,10,206,10168
20160826,11,320,30,30,60,254,190,10,226,10171
20160826,12,310,30,40,60,257,189,8,236,10177
20160826,13,330,40,40,60,256,184,8,224,10181
20160826,14,320,40,40,60,248,171,8,209,10182
20160826,15,350,30,30,50,253,178,10,177,10181
20160826,16,320,30,30,50,247,177,10,135,10183
20160826,17,340,30,30,60,240,166,10,83,10184
20160826,18,10,40,40,60,227,162,10,38,10189
20160826,19,30,20,20,40,210,163,0,2,10192
20160826,20,30,30,30,40,200,169,0,0,10197
20160826,21,20,30,30,50,195,166,0,0,10200
20160826,22,10,30,30,50,189,163,0,0,10202
20160826,23,20,30,30,50,183,164,0,0,10203
20160826,24,50,20,20,40,176,160,0,0,10204
20160827,1,50,30,30,50,172,158,0,0,10203
20160827,2,50,30,30,50,168,159,0,0,10205
20160827,3,40,30,30,40,167,158,0,0,10203
20160827,4,50,20,20,50,161,156,0,0,10202
20160827,5,50,20,20,40,162,156,0,1,10202
20160827,6,40,20,30,40,168,157,2,20,10201
20160827,7,60,30,30,50,183,159,4,60,10201
20160827,8,60,40,40,60,202,150,7,111,10199
20160827,9,70,50,50,90,219,127,10,171,10196
20160827,10,70,50,50,90,234,136,10,208,10191
20160827,11,70,50,50,80,246,152,10,227,10185
20160827,12,60,50,50,80,256,155,10,244,10179
20160827,13,60,50,50,90,265,169,10,245,10173
20160827,14,70,50,40,90,254,168,7,174,10165
20160827,15,60,50,50,90,255,166,2,113,10157
20160827,16,70,50,50,90,259,181,7,111,10150
20160827,17,90,50,50,80,261,183,10,109,10143
20160827,18,80,40,30,80,251,182,8,27,10137
20160827,19,80,40,40,70,245,181,0,2,10133
20160827,20,120,30,20,90,225,202,0,0,10128
20160827,21,320,20,10,50,213,205,0,0,10130
20160827,22,80,10,20,30,201,198,0,0,10126
20160827,23,130,10,10,30,199,196,0,0,10119
20160827,24,170,20,30,40,214,196,0,0,10121
20160828,1,160,20,20,30,197,192,0,0,10118
20160828,2,170,20,20,30,194,191,0,0,10116
20160828,3,150,10,10,20,189,189,0,0,10113
20160828,4,170,10,20,30,177,177,0,0,10111
20160828,5,140,20,20,30,188,187,0,0,10105
20160828,6,210,20,20,40,205,201,7,31,10108
20160828,7,220,20,10,70,216,204,5,38,10108
20160828,8,300,20,30,50,222,199,3,58,10111
20160828,9,230,20,30,40,244,196,9,164,10112
20160828,10,260,50,50,90,232,192,4,119,10120
20160828,11,260,50,60,130,225,168,1,96,10127
20160828,12,260,60,60,110,227,163,3,132,10132
20160828,13,250,60,60,110,220,147,8,227,10138
20160828,14,240,60,60,130,224,142,4,144,10139
20160828,15,240,60,50,130,219,142,7,161,10139
20160828,16,250,50,50,100,215,146,7,94,10140
20160828,17,240,60,50,120,213,140,8,75,10141
20160828,18,240,50,50,100,205,140,10,29,10143
20160828,19,240,40,40,90,193,140,0,3,10147
20160828,20,230,40,50,90,187,143,0,0,10151
20160828,21,240,40,30,90,181,149,0,0,10152
20160828,22,230,30,40,50,181,153,0,0,10150
20160828,23,240,30,40,70,184,155,0,0,10148
20160828,24,240,40,30,80,181,158,0,0,10148
20160829,1,250,30,20,50,181,160,0,0,10147
20160829,2,290,30,30,50,181,158,0,0,10150
20160829,3,300,20,20,50,179,158,0,0,10155
20160829,4,290,20,20,40,179,156,0,0,10159
20160829,5,290,20,20,40,171,154,0,0,10165
20160829,6,320,20,10,40,175,154,2,16,10172
20160829,7,320,20,20,30,185,152,3,59,10178
20160829,8,320,20,30,40,186,148,0,61,10185
20160829,9,330,20,20,50,195,145,1,104,10189
20160829,10,320,30,10,70,172,148,2,59,10198
20160829,11,360,20,20,50,194,142,1,108,10201
20160829,12,350,30,40,60,203,144,5,159,10204
20160829,13,330,30,40,70,202,139,5,175,10208
20160829,14,330,40,30,60,206,125,5,161,10210
20160829,15,340,30,40,60,210,124,6,119,10214
20160829,16,360,40,40,70,202,125,9,133,10217
20160829,17,10,40,30,70,197,120,10,92,10223
20160829,18,10,30,20,50,182,116,8,32,10227
20160829,19,360,20,10,30,149,124,0,1,10234
20160829,20,320,10,20,30,133,122,0,0,10241
20160829,21,340,10,10,20,120,115,0,0,10245
20160829,22,0,0,0,10,113,108,0,0,10249
20160829,23,0,0,0,10,107,104,0,0,10252
20160829,24,130,0,10,10,102,99,0,0,10253
20160830,1,0,10,0,10,94,91,0,0,10251
20160830,2,0,0,0,10,93,93,0,0,10255
20160830,3,0,0,0,10,89,86,0,0,10257
20160830,4,0,0,0,0,88,85,0,0,10257
20160830,5,140,10,10,10,89,86,0,0,10255
20160830,6,160,10,10,10,118,113,7,23,10259
20160830,7,190,0,10,20,157,132,10,73,10265
20160830,8,190,10,20,30,178,140,10,126,10267
20160830,9,190,20,20,30,190,136,10,180,10269
20160830,10,160,20,30,40,204,132,10,222,10268
20160830,11,190,20,20,50,211,122,10,247,10266
20160830,12,230,20,20,40,222,115,10,260,10263
20160830,13,160,20,20,40,228,129,10,260,10257
20160830,14,310,10,20,40,222,123,9,190,10252
20160830,15,300,10,10,30,234,119,10,173,10248
20160830,16,990,20,10,30,232,119,10,137,10244
20160830,17,990,10,10,20,230,120,10,77,10240
20160830,18,110,10,10,10,199,143,8,22,10240
20160830,19,80,10,10,10,162,143,0,2,10241
20160830,20,60,10,20,20,148,141,0,0,10239
20160830,21,80,10,10,20,134,129,0,0,10239
20160830,22,80,10,10,10,126,121,0,0,10236
20160830,23,90,10,10,10,117,112,0,0,10232
20160830,24,70,10,10,10,113,110,0,0,10227
20160831,1,30,10,10,10,105,102,0,0,10223
20160831,2,10,10,10,10,99,96,0,0,10218
20160831,3,360,10,10,10,94,91,0,0,10216
20160831,4,80,10,10,10,88,88,0,0,10210
20160831,5,110,10,10,10,87,84,0,0,10208
20160831,6,150,10,10,20,122,117,7,21,10207
20160831,7,150,20,20,30,161,124,10,71,10205
20160831,8,160,20,20,30,187,136,10,127,10206
20160831,9,160,20,20,30,204,133,10,180,10204
20160831,10,190,20,10,30,219,133,10,213,10200
20160831,11,200,20,20,50,228,143,10,242,10199
20160831,12,180,30,40,50,235,140,10,259,10197
20160831,13,230,30,40,60,245,132,10,255,10195
20160831,14,260,30,30,60,243,120,10,219,10195
20160831,15,260,40,40,70,247,116,9,179,10196
20160831,16,250,30,30,80,244,120,10,138,10195
20160831,17,240,30,20,60,236,126,3,58,10192
20160831,18,290,30,30,50,217,145,3,17,10195
20160831,19,300,20,20,60,203,136,0,2,10201
20160831,20,260,10,10,40,166,145,0,0,10203
20160831,21,260,10,10,20,145,139,0,0,10206
20160831,22,0,10,0,20,138,135,0,0,10207
20160831,23,230,10,20,30,132,129,0,0,10210
20160831,24,200,10,10,30,127,124,0,0,10209
20160901,1,200,10,10,20,133,130,0,0,10208
20160901,2,170,10,10,20,139,136,0,0,10207
20160901,3,180,10,10,20,146,143,0,0,10207
20160901,4,210,10,10,20,159,156,0,0,10208
20160901,5,190,10,10,20,148,145,0,0,10208
20160901,6,160,10,10,20,165,162,3,17,10211
20160901,7,200,10,20,30,188,176,6,56,10217
20160901,8,260,20,20,50,209,184,5,91,10220
20160901,9,240,30,30,50,200,172,4,70,10222
20160901,10,290,30,30,60,211,169,4,113,10223
20160901,11,270,30,30,60,215,145,6,161,10221
20160901,12,300,30,30,60,225,141,3,125,10221
20160901,13,300,30,30,60,220,135,3,124,10221
20160901,14,330,30,30,60,213,123,2,97,10222
20160901,15,340,30,30,60,212,129,2,82,10223
20160901,16,330,30,40,70,210,132,7,95,10225
20160901,17,310,30,30,60,207,124,10,79,10226
20160901,18,340,20,20,40,189,125,7,26,10223
20160901,19,310,20,10,20,153,132,0,1,10228
20160901,20,0,0,0,10,131,124,0,0,10227
20160901,21,140,10,10,10,121,116,0,0,10225
20160901,22,150,10,10,10,113,110,0,0,10222
20160901,23,140,10,10,10,109,106,0,0,10220
20160901,24,160,10,10,20,102,101,0,0,10216
20160902,1,160,10,10,10,100,100,0,0,10216
20160902,2,150,10,10,20,103,100,0,0,10211
20160902,3,170,20,20,30,115,112,0,0,10206
20160902,4,150,10,20,20,111,111,0,0,10204
20160902,5,150,20,20,20,113,110,0,0,10204
20160902,6,160,20,20,30,127,124,0,12,10203
20160902,7,200,20,20,40,151,139,2,47,10203
20160902,8,210,30,30,60,176,147,9,104,10199
20160902,9,220,40,40,80,186,145,9,161,10199
20160902,10,220,40,40,80,194,149,3,112,10200
20160902,11,210,40,40,70,200,147,4,177,10195
20160902,12,220,50,50,80,206,133,3,171,10191
20160902,13,230,50,50,90,208,138,6,205,10187
20160902,14,230,50,50,90,200,138,0,76,10186
20160902,15,230,40,40,80,213,149,2,92,10185
20160902,16,250,40,40,90,201,144,2,86,10182
20160902,17,240,40,40,70,199,133,2,49,10182
20160902,18,200,30,30,80,188,141,0,9,10175
20160902,19,240,30,30,70,186,144,0,0,10180
20160902,20,250,40,40,80,171,151,0,0,10188
20160902,21,220,40,40,80,165,147,0,0,10185
20160902,22,220,30,20,70,162,135,0,0,10186
20160902,23,230,30,30,60,164,128,0,0,10182
20160902,24,200,20,20,50,150,127,0,0,10177
20160903,1,200,20,20,40,149,125,0,0,10175
20160903,2,200,20,20,40,151,126,0,0,10173
20160903,3,200,20,20,40,146,136,0,0,10174
20160903,4,200,20,30,40,148,142,0,0,10172
20160903,5,190,20,20,50,150,146,0,0,10172
20160903,6,210,30,40,60,154,148,0,5,10176
20160903,7,230,30,30,60,161,150,0,16,10180
20160903,8,230,30,30,60,171,156,1,41,10182
20160903,9,220,30,30,60,188,160,5,121,10182
20160903,10,200,20,30,50,202,151,5,146,10174
20160903,11,200,30,40,70,213,155,8,216,10170
20160903,12,210,50,50,80,218,153,10,260,10169
20160903,13,230,50,40,90,214,143,6,187,10166
20160903,14,210,30,40,80,216,144,3,118,10157
20160903,15,230,40,30,80,223,137,3,105,10153
20160903,16,200,40,40,80,214,138,7,110,10149
20160903,17,240,30,40,70,212,146,1,35,10148
20160903,18,240,20,20,70,201,150,0,11,10143
20160903,19,230,20,20,40,192,151,0,0,10140
20160903,20,220,20,30,40,191,149,0,0,10137
20160903,21,210,20,20,50,185,149,0,0,10129
20160903,22,240,30,30,80,187,147,0,0,10130
20160903,23,220,40,40,100,176,148,0,0,10121
20160903,24,230,40,40,70,183,146,0,0,10117
20160904,1,230,40,40,80,184,149,0,0,10114
20160904,2,220,50,40,90,180,158,0,0,10107
20160904,3,220,40,40,70,179,163,0,0,10106
20160904,4,220,40,50,90,185,167,0,0,10100
20160904,5,210,50,50,80,187,169,0,0,10094
20160904,6,220,50,50,100,191,170,0,2,10088
20160904,7,220,60,70,110,191,174,0,15,10085
20160904,8,220,50,50,110,192,175,0,30,10082
20160904,9,250,60,60,130,200,158,6,112,10083
20160904,10,270,60,60,140,188,138,6,129,10088
20160904,11,270,60,70,120,199,122,6,177,10089
20160904,12,280,60,60,120,168,136,4,122,10092
20160904,13,260,50,60,130,186,139,1,91,10094
20160904,14,270,60,60,130,164,147,2,85,10100
20160904,15,270,60,60,110,193,134,8,161,10102
20160904,16,270,50,60,130,187,134,0,49,10106
20160904,17,270,50,50,110,184,137,0,15,10112
20160904,18,260,40,40,100,171,145,0,6,10114
20160904,19,260,40,30,70,169,143,0,0,10120
20160904,20,270,30,30,60,167,141,0,0,10125
20160904,21,270,30,30,70,163,133,0,0,10128
20160904,22,270,30,40,80,160,129,0,0,10132
20160904,23,270,30,30,70,157,128,0,0,10136
20160904,24,270,30,40,80,158,125,0,0,10139
20160905,1,260,40,30,70,159,128,0,0,10142
20160905,2,270,30,30,70,160,134,0,0,10149
20160905,3,260,30,20,70,156,143,0,0,10153
20160905,4,260,20,20,70,156,144,0,0,10156
20160905,5,250,20,20,40,152,145,0,0,10163
20160905,6,260,20,20,40,165,149,5,21,10170
20160905,7,260,30,30,50,178,150,10,76,10176
20160905,8,300,30,30,60,187,150,10,107,10180
20160905,9,300,30,30,60,195,147,8,139,10190
20160905,10,330,30,20,60,192,143,3,105,10192
20160905,11,300,20,20,60,205,143,5,145,10196
20160905,12,300,20,20,50,205,143,5,142,10199
20160905,13,250,20,30,50,219,145,4,113,10203
20160905,14,290,30,30,50,209,142,4,104,10206
20160905,15,290,20,20,60,217,143,1,77,10209
20160905,16,260,20,20,40,224,141,9,126,10211
20160905,17,990,20,10,30,219,131,9,76,10213
20160905,18,340,20,10,30,192,136,7,24,10220
20160905,19,0,10,0,20,150,138,0,0,10225
20160905,20,60,0,10,10,134,130,0,0,10232
20160905,21,90,10,10,10,127,122,0,0,10235
20160905,22,0,10,0,10,121,116,0,0,10237
20160905,23,120,10,10,10,123,118,0,0,10241
20160905,24,130,10,10,10,117,114,0,0,10241
20160906,1,150,10,10,20,117,117,0,0,10242
20160906,2,140,10,10,20,115,114,0,0,10242
20160906,3,170,20,20,30,120,117,0,0,10245
20160906,4,150,10,10,20,121,120,0,0,10248
20160906,5,160,10,10,20,124,121,0,0,10250
20160906,6,150,20,20,30,142,139,3,13,10253
20160906,7,160,20,20,30,168,159,10,62,10255
20160906,8,150,20,30,50,186,163,10,115,10256
20160906,9,170,30,30,50,200,168,5,118,10258
20160906,10,170,40,40,70,219,165,5,171,10256
20160906,11,180,40,30,80,223,170,7,186,10256
20160906,12,160,30,30,60,227,163,5,168,10252
20160906,13,200,30,30,50,231,166,0,92,10252
20160906,14,210,30,30,50,233,168,0,98,10253
20160906,15,210,20,20,40,230,170,0,68,10250
20160906,16,220,20,10,40,231,179,1,45,10246
20160906,17,210,10,10,30,234,174,5,57,10243
20160906,18,280,10,10,10,208,181,7,24,10244
20160906,19,990,0,10,10,178,171,0,0,10246
20160906,20,0,10,0,10,165,160,0,0,10249
20160906,21,0,0,0,10,155,153,0,0,10246
20160906,22,50,10,10,10,146,145,0,0,10244
20160906,23,70,10,10,10,142,141,0,0,10242
20160906,24,0,0,0,10,137,136,0,0,10237
20160907,1,0,10,0,10,132,129,0,0,10232
20160907,2,30,0,10,10,124,124,0,0,10231
20160907,3,70,10,10,10,121,121,0,0,10228
20160907,4,120,10,10,20,114,112,0,0,10224
20160907,5,120,10,10,40,119,116,0,0,10226
20160907,6,130,10,10,20,138,135,5,13,10224
20160907,7,150,20,20,30,166,145,10,60,10223
20160907,8,160,30,20,40,186,153,10,114,10221
20160907,9,990,20,10,30,213,165,10,168,10220
20160907,10,160,20,30,50,230,164,10,209,10215
20160907,11,170,20,30,50,241,150,10,235,10208
20160907,12,170,20,20,50,250,131,10,247,10203
20160907,13,130,20,30,40,256,141,10,235,10196
20160907,14,160,30,20,50,257,139,10,211,10188
20160907,15,160,20,20,40,259,147,10,173,10179
20160907,16,100,20,30,50,257,134,10,124,10172
20160907,17,140,30,30,50,241,132,10,71,10166
20160907,18,120,20,10,40,208,156,7,21,10164
20160907,19,80,10,10,20,164,149,0,0,10163
20160907,20,60,20,20,20,147,141,0,0,10161
20160907,21,70,20,20,20,142,135,0,0,10156
20160907,22,80,10,10,30,134,128,0,0,10150
20160907,23,80,20,30,50,155,133,0,0,10138
20160907,24,80,10,10,50,141,130,0,0,10138
20160908,1,100,10,10,30,133,128,0,0,10132
20160908,2,50,10,10,20,125,120,0,0,10124
20160908,3,90,10,10,20,123,119,0,0,10115
20160908,4,110,10,10,20,119,114,0,0,10109
20160908,5,140,10,10,20,121,118,0,0,10107
20160908,6,140,20,20,40,145,138,5,12,10106
20160908,7,140,20,20,40,181,153,10,56,10104
20160908,8,170,20,20,40,195,161,10,110,10104
20160908,9,150,30,30,50,210,166,10,161,10102
20160908,10,190,30,20,50,232,172,10,202,10100
20160908,11,210,30,30,50,248,161,10,228,10100
20160908,12,200,40,30,60,261,160,10,239,10100
20160908,13,210,40,40,60,268,158,10,227,10101
20160908,14,200,40,40,70,271,159,10,195,10102
20160908,15,240,40,40,90,270,150,10,154,10107
20160908,16,250,40,40,80,263,145,10,107,10111
20160908,17,270,40,50,80,239,168,10,56,10116
20160908,18,270,40,30,90,218,165,7,18,10125
20160908,19,260,30,30,70,206,164,0,0,10133
20160908,20,250,30,30,70,196,156,0,0,10142
20160908,21,250,30,30,60,184,155,0,0,10148
20160908,22,240,30,20,60,173,156,0,0,10155
20160908,23,240,20,20,50,166,154,0,0,10157
20160908,24,230,20,20,30,162,155,0,0,10159
20160909,1,200,10,20,20,149,146,0,0,10161
20160909,2,190,10,10,20,141,138,0,0,10163
20160909,3,160,10,20,20,130,129,0,0,10167
20160909,4,210,20,10,30,122,121,0,0,10168
20160909,5,200,20,10,20,119,116,0,0,10172
20160909,6,220,20,10,30,141,138,5,12,10176
20160909,7,200,20,20,30,157,151,10,56,10179
20160909,8,200,20,20,30,180,157,10,109,10181
20160909,9,200,20,20,40,197,165,10,164,10183
20160909,10,220,30,40,60,198,153,8,163,10183
20160909,11,200,30,40,60,210,151,5,132,10181
20160909,12,200,40,30,70,222,137,10,212,10180
20160909,13,220,30,30,60,215,129,9,186,10178
20160909,14,200,30,20,70,227,126,10,207,10176
20160909,15,190,30,30,60,223,128,10,170,10172
20160909,16,180,30,30,50,220,131,10,117,10169
20160909,17,190,20,20,40,216,131,10,61,10170
20160909,18,200,20,10,30,189,149,5,17,10170
20160909,19,100,10,10,10,154,143,0,0,10174
20160909,20,120,10,10,20,141,136,0,0,10173
20160909,21,150,10,10,20,136,131,0,0,10174
20160909,22,130,10,10,20,128,123,0,0,10174
20160909,23,150,10,20,20,125,120,0,0,10173
20160909,24,150,10,10,20,119,116,0,0,10171
20160910,1,160,20,20,30,118,115,0,0,10172
20160910,2,150,20,20,20,122,117,0,0,10170
20160910,3,160,20,20,20,121,116,0,0,10168
20160910,4,160,20,10,30,115,110,0,0,10167
20160910,5,150,20,20,30,122,115,0,0,10166
20160910,6,150,20,20,30,132,120,5,12,10166
20160910,7,160,20,20,40,159,127,10,56,10165
20160910,8,180,20,20,40,188,135,10,113,10165
20160910,9,180,30,30,60,213,132,10,165,10163
20160910,10,160,30,30,60,226,134,10,207,10159
20160910,11,180,40,40,70,239,136,10,237,10155
20160910,12,180,40,50,80,246,130,10,236,10149
20160910,13,200,40,30,70,253,120,9,215,10146
20160910,14,220,50,50,90,253,116,9,190,10143
20160910,15,210,40,50,90,251,119,9,152,10140
20160910,16,210,40,40,80,245,120,10,114,10139
20160910,17,210,40,30,60,228,116,0,35,10139
20160910,18,210,20,20,50,196,137,3,8,10140
20160910,19,160,20,20,20,176,146,0,0,10140
20160910,20,170,20,20,30,176,145,0,0,10141
20160910,21,220,20,10,20,168,147,0,0,10144
20160910,22,0,10,0,10,161,147,0,0,10147
20160910,23,140,10,10,20,149,143,0,0,10146
20160910,24,160,20,20,30,149,141,0,0,10145
20160911,1,990,20,10,60,173,152,0,0,10148
20160911,2,190,10,10,10,166,153,0,0,10150
20160911,3,210,10,10,10,167,158,0,0,10152
20160911,4,160,10,20,20,170,155,0,0,10153
20160911,5,310,20,30,50,168,162,0,0,10162
20160911,6,350,30,20,70,161,157,0,1,10168
20160911,7,360,20,10,40,165,159,0,13,10174
20160911,8,60,10,10,20,170,164,0,31,10182
20160911,9,70,10,20,30,181,159,2,84,10187
20160911,10,60,10,20,30,190,167,2,119,10187
20160911,11,110,20,20,30,195,165,3,144,10190
20160911,12,90,20,20,30,201,166,3,158,10187
20160911,13,140,20,30,40,202,170,1,112,10184
20160911,14,130,30,20,40,206,170,3,117,10183
20160911,15,130,20,20,40,212,172,3,80,10179
20160911,16,130,20,20,30,214,174,5,71,10178
20160911,17,120,20,20,40,207,174,0,25,10175
20160911,18,90,20,20,30,202,175,3,8,10175
20160911,19,100,20,20,30,196,175,0,0,10176
20160911,20,120,20,10,20,179,170,0,0,10178
20160911,21,110,10,10,20,184,176,0,0,10179
20160911,22,100,20,20,30,187,176,0,0,10176
20160911,23,110,10,10,20,176,170,0,0,10174
20160911,24,140,20,20,40,177,170,0,0,10170
20160912,1,140,20,20,30,174,167,0,0,10167
20160912,2,140,20,20,30,162,159,0,0,10165
20160912,3,130,10,10,20,159,156,0,0,10163
20160912,4,120,10,20,30,156,153,0,0,10162
20160912,5,120,20,10,30,156,153,0,0,10161
20160912,6,140,20,20,30,171,158,0,8,10162
20160912,7,140,20,30,40,192,163,10,57,10164
20160912,8,150,20,30,40,210,164,10,103,10166
20160912,9,180,30,30,40,229,162,10,158,10168
20160912,10,150,20,30,40,245,162,10,196,10166
20160912,11,160,30,30,50,264,168,10,222,10165
20160912,12,190,30,30,60,269,157,10,230,10163
20160912,13,210,30,30,60,277,160,10,224,10160
20160912,14,180,20,20,40,280,159,10,200,10158
20160912,15,150,20,20,40,276,158,10,156,10154
20160912,16,170,20,20,40,276,159,10,110,10152
20160912,17,130,10,10,30,269,180,10,57,10150
20160912,18,70,10,10,10,225,185,5,12,10150
20160912,19,40,10,10,10,191,178,0,0,10155
20160912,20,30,10,10,20,177,171,0,0,10157
20160912,21,40,10,10,20,170,165,0,0,10156
20160912,22,40,20,10,20,169,161,0,0,10154
20160912,23,40,10,10,20,164,158,0,0,10153
20160912,24,70,10,20,30,161,156,0,0,10151
20160913,1,70,20,20,30,173,158,0,0,10147
20160913,2,70,20,20,30,177,155,0,0,10143
20160913,3,90,20,20,30,177,153,0,0,10141
20160913,4,100,20,10,20,161,151,0,0,10139
20160913,5,80,10,10,30,155,151,0,0,10137
20160913,6,110,10,10,20,167,159,3,8,10140
20160913,7,130,20,20,40,211,174,10,45,10142
20160913,8,150,20,20,30,234,176,10,99,10142
20160913,9,130,20,20,40,256,186,10,150,10141
20160913,10,140,30,30,50,273,184,10,190,10138
20160913,11,150,30,30,50,289,184,10,217,10133
20160913,12,130,40,40,70,299,170,10,227,10128
20160913,13,140,40,40,70,311,174,10,220,10125
20160913,14,120,40,50,80,309,168,10,193,10121
20160913,15,110,40,50,80,308,162,10,152,10118
20160913,16,120,50,50,70,304,162,10,102,10115
20160913,17,90,40,40,70,288,171,10,50,10115
20160913,18,90,30,30,40,261,175,3,10,10115
20160913,19,80,30,30,40,232,174,0,0,10118
20160913,20,80,30,30,40,233,174,0,0,10119
20160913,21,90,30,30,50,226,176,0,0,10118
20160913,22,90,20,20,30,210,175,0,0,10119
20160913,23,100,20,20,30,199,171,0,0,10120
20160913,24,80,10,10,20,180,170,0,0,10120
20160914,1,60,10,10,20,171,165,0,0,10120
20160914,2,70,20,20,30,162,158,0,0,10120
20160914,3,70,10,20,20,157,153,0,0,10118
20160914,4,60,20,20,30,160,154,0,0,10119
20160914,5,70,20,20,20,157,150,0,0,10119
20160914,6,100,10,20,20,164,159,2,7,10121
20160914,7,90,20,20,30,217,165,10,44,10121
20160914,8,110,20,30,50,242,168,10,98,10122
20160914,9,140,30,30,50,258,173,10,149,10126
20160914,10,130,30,30,50,268,181,10,188,10128
20160914,11,140,30,30,40,287,188,10,214,10128
20160914,12,130,30,30,50,299,174,10,224,10127
20160914,13,130,40,40,60,308,154,10,220,10125
20160914,14,140,40,40,60,313,130,10,196,10124
20160914,15,140,40,30,60,310,150,10,157,10121
20160914,16,140,30,30,50,302,146,10,105,10122
20160914,17,140,20,20,50,294,163,10,52,10121
20160914,18,50,10,20,30,234,185,3,10,10123
20160914,19,50,20,20,30,205,183,0,0,10126
20160914,20,50,20,20,30,192,176,0,0,10127
20160914,21,50,20,20,30,191,170,0,0,10126
20160914,22,70,20,20,30,207,170,0,0,10123
20160914,23,70,30,30,50,213,168,0,0,10117
20160914,24,70,20,20,40,203,164,0,0,10115
20160915,1,80,20,20,30,190,161,0,0,10114
20160915,2,70,20,20,30,178,157,0,0,10113
20160915,3,70,20,20,30,173,150,0,0,10110
20160915,4,60,20,20,40,170,141,0,0,10106
20160915,5,70,30,40,60,186,138,0,0,10106
20160915,6,80,30,30,50,185,139,0,6,10108
20160915,7,90,20,30,40,193,145,3,30,10110
20160915,8,80,30,30,50,210,153,1,65,10109
20160915,9,80,30,30,50,236,161,9,140,10106
20160915,10,90,30,30,50,252,162,10,184,10104
20160915,11,90,30,30,50,268,172,8,192,10102
20160915,12,80,30,40,70,279,159,10,224,10097
20160915,13,90,50,50,70,285,167,10,215,10093
20160915,14,140,50,50,80,285,148,10,190,10091
20160915,15,140,40,40,80,279,145,9,137,10090
20160915,16,170,20,20,60,282,151,9,90,10089
20160915,17,160,20,20,20,271,169,10,42,10090
20160915,18,230,30,60,100,259,168,3,11,10095
20160915,19,250,40,40,80,243,173,0,0,10100
20160915,20,290,30,40,70,227,172,0,0,10107
20160915,21,280,30,30,80,210,166,0,0,10111
20160915,22,220,40,60,110,206,160,0,0,10121
20160915,23,220,50,60,100,192,148,0,0,10120
20160915,24,220,30,20,100,165,160,0,0,10121
20160916,1,200,20,20,30,168,162,0,0,10122
20160916,2,210,20,20,30,164,158,0,0,10119
20160916,3,180,30,40,50,161,154,0,0,10118
20160916,4,200,30,30,60,159,152,0,0,10116
20160916,5,200,30,40,70,156,153,0,0,10117
20160916,6,200,30,40,60,163,152,0,2,10119
20160916,7,190,30,30,60,165,150,0,18,10123
20160916,8,190,30,30,50,169,152,5,59,10123
20160916,9,180,30,30,50,168,149,0,33,10123
20160916,10,180,40,40,60,171,149,0,43,10125
20160916,11,180,40,40,70,176,150,1,71,10121
20160916,12,200,50,50,80,182,150,1,85,10120
20160916,13,180,40,30,80,191,150,1,82,10115
20160916,14,190,40,30,80,195,150,0,56,10113
20160916,15,190,40,50,80,203,136,7,111,10109
20160916,16,190,40,50,80,203,136,4,66,10108
20160916,17,180,30,30,70,197,136,10,41,10107
20160916,18,140,20,20,50,168,138,3,6,10108
20160916,19,160,20,20,40,177,135,0,0,10111
20160916,20,140,20,30,40,177,138,0,0,10114
20160916,21,160,20,20,40,179,132,0,0,10114
20160916,22,140,20,20,40,162,129,0,0,10116
20160916,23,140,20,30,40,158,128,0,0,10119
20160916,24,140,30,30,40,155,129,0,0,10119
20160917,1,140,30,30,40,150,128,0,0,10120
20160917,2,140,30,20,40,145,127,0,0,10120
20160917,3,120,30,30,40,138,127,0,0,10124
20160917,4,140,30,30,40,140,131,0,0,10128
20160917,5,130,20,20,40,146,139,0,0,10132
20160917,6,110,20,20,30,151,145,0,1,10144
20160917,7,110,20,20,30,157,149,0,13,10146
20160917,8,110,20,20,30,164,151,0,36,10152
20160917,9,110,10,20,30,174,155,0,68,10159
20160917,10,70,10,10,20,181,155,1,83,10165
20160917,11,990,10,10,20,204,150,8,215,10165
20160917,12,110,20,20,30,207,147,7,217,10166
20160917,13,50,20,20,40,204,140,0,79,10170
20160917,14,40,20,20,30,203,148,0,54,10172
20160917,15,30,20,20,30,196,155,0,30,10176
20160917,16,20,20,10,30,195,156,0,23,10176
20160917,17,320,20,20,30,189,162,0,12,10176
20160917,18,320,20,20,40,183,159,0,4,10176
20160917,19,330,20,20,40,178,155,0,0,10180
20160917,20,360,20,10,30,168,154,0,0,10187
20160917,21,330,20,20,30,157,152,0,0,10184
20160917,22,340,20,20,30,162,157,0,0,10182
20160917,23,340,10,20,30,169,163,0,0,10182
20160917,24,30,20,30,40,180,165,0,0,10181
20160918,1,30,30,30,50,179,162,0,0,10181
20160918,2,30,30,30,50,164,150,0,0,10182
20160918,3,20,30,30,50,154,145,0,0,10183
20160918,4,360,20,20,30,146,141,0,0,10181
20160918,5,20,20,20,50,148,142,0,0,10180
20160918,6,40,30,30,50,151,143,0,2,10182
20160918,7,30,20,30,60,154,142,2,29,10181
20160918,8,30,30,30,50,157,136,0,55,10183
20160918,9,40,40,40,70,167,133,9,130,10184
20160918,10,30,40,50,80,176,129,5,142,10182
20160918,11,30,40,50,80,182,129,3,132,10180
20160918,12,30,40,50,70,190,131,6,166,10178
20160918,13,30,40,40,70,191,127,6,163,10176
20160918,14,20,30,30,60,201,128,8,151,10173
20160918,15,40,40,30,60,195,133,5,92,10172
20160918,16,30,40,40,70,192,118,8,91,10173
20160918,17,20,30,10,70,187,125,7,33,10173
20160918,18,320,20,10,30,162,133,0,3,10176
20160918,19,340,10,10,20,148,130,0,0,10180
20160918,20,10,20,20,30,155,128,0,0,10184
20160918,21,30,30,30,40,158,116,0,0,10185
20160918,22,20,20,20,40,154,121,0,0,10187
20160918,23,20,20,20,30,155,125,0,0,10187
20160918,24,20,20,20,40,153,125,0,0,10188
20160919,1,20,20,20,30,139,121,0,0,10190
20160919,2,340,10,20,20,114,109,0,0,10191
20160919,3,350,10,10,10,99,96,0,0,10192
20160919,4,350,10,20,20,101,96,0,0,10195
20160919,5,0,10,0,10,110,105,0,0,10196
20160919,6,320,10,20,30,124,120,0,2,10200
20160919,7,20,10,10,20,133,124,0,12,10201
20160919,8,30,10,10,30,143,119,0,27,10205
20160919,9,30,20,10,30,152,122,0,45,10210
20160919,10,10,10,20,30,168,119,0,85,10211
20160919,11,50,20,20,30,171,98,0,92,10209
20160919,12,60,20,20,30,172,98,0,84,10209
20160919,13,340,10,20,30,186,86,3,135,10206
20160919,14,310,20,20,40,189,94,5,136,10205
20160919,15,330,20,30,50,189,90,5,109,10203
20160919,16,340,20,20,50,180,90,2,53,10202
20160919,17,350,20,10,30,173,114,0,16,10202
20160919,18,340,10,10,20,154,120,0,2,10203
20160919,19,0,10,0,10,135,122,0,0,10203
20160919,20,40,10,10,10,135,124,0,0,10205
20160919,21,40,10,10,10,119,114,0,0,10204
20160919,22,110,10,10,10,118,113,0,0,10203
20160919,23,0,10,0,10,121,117,0,0,10203
20160919,24,0,0,0,10,119,115,0,0,10202
20160920,1,90,10,10,10,125,117,0,0,10200
20160920,2,60,10,10,10,112,106,0,0,10196
20160920,3,0,0,0,0,95,92,0,0,10195
20160920,4,0,0,0,10,87,83,0,0,10195
20160920,5,360,0,10,10,81,77,0,0,10196
20160920,6,0,0,0,10,85,82,2,5,10198
20160920,7,60,10,10,10,121,106,10,40,10200
20160920,8,80,10,10,10,152,106,10,95,10202
20160920,9,0,10,0,20,178,108,10,147,10203
20160920,10,100,10,20,30,182,104,9,180,10201
20160920,11,990,20,10,40,182,67,3,150,10199
20160920,12,10,10,10,30,187,79,2,123,10197
20160920,13,990,10,10,20,196,72,2,110,10192
20160920,14,70,20,30,40,182,97,4,124,10191
20160920,15,50,20,20,40,183,82,0,62,10190
20160920,16,60,20,20,30,183,92,1,53,10188
20160920,17,50,20,20,50,172,95,0,23,10191
20160920,18,30,20,20,20,165,100,0,2,10193
20160920,19,40,10,10,20,148,121,0,0,10196
20160920,20,60,10,10,20,142,121,0,0,10199
20160920,21,50,10,10,20,138,120,0,0,10199
20160920,22,60,10,10,10,128,122,0,0,10201
20160920,23,60,10,10,20,128,122,0,0,10200
20160920,24,70,10,10,20,134,124,0,0,10198
20160921,1,80,10,10,10,128,117,0,0,10197
20160921,2,80,10,10,20,117,111,0,0,10194
20160921,3,80,10,10,20,119,112,0,0,10194
20160921,4,100,10,10,20,127,112,0,0,10195
20160921,5,100,20,20,20,132,103,0,0,10195
20160921,6,100,20,20,30,132,98,0,1,10198
20160921,7,100,20,30,40,141,96,0,15,10199
20160921,8,120,30,30,60,159,95,5,71,10201
20160921,9,110,30,30,50,177,99,9,116,10203
20160921,10,130,40,40,60,192,83,10,185,10201
20160921,11,150,40,40,60,198,95,10,210,10198
20160921,12,140,30,40,60,201,77,10,217,10197
20160921,13,150,30,40,60,204,84,6,168,10196
20160921,14,140,30,30,50,199,82,5,136,10195
20160921,15,140,30,30,50,202,78,9,133,10191
20160921,16,110,30,30,40,192,85,10,80,10191
20160921,17,120,30,20,40,173,87,10,30,10193
20160921,18,90,20,20,20,138,105,2,5,10197
20160921,19,80,10,20,20,117,102,0,0,10200
20160921,20,90,10,20,20,109,100,0,0,10203
20160921,21,90,10,10,10,99,91,0,0,10204
20160921,22,100,10,10,10,93,89,0,0,10203
20160921,23,120,10,10,20,91,85,0,0,10204
20160921,24,120,10,10,20,83,79,0,0,10204
20160922,1,140,10,10,20,88,84,0,0,10203
20160922,2,150,20,20,30,81,77,0,0,10203
20160922,3,130,10,10,30,74,71,0,0,10202
20160922,4,130,10,10,20,72,69,0,0,10201
20160922,5,120,10,20,20,70,67,0,0,10201
20160922,6,130,10,10,20,89,85,2,5,10202
20160922,7,150,20,20,40,116,92,5,30,10206
20160922,8,140,20,30,40,136,101,5,75,10207
20160922,9,150,30,30,50,157,112,9,140,10209
20160922,10,170,30,30,40,165,114,1,107,10210
20160922,11,170,30,30,40,178,124,0,102,10210
20160922,12,160,30,30,40,197,130,7,160,10207
20160922,13,180,20,30,50,211,124,10,184,10204
20160922,14,210,30,20,60,203,123,2,96,10203
20160922,15,190,20,20,40,203,125,0,66,10202
20160922,16,190,20,20,40,203,124,2,50,10202
20160922,17,180,20,20,40,198,127,10,38,10203
20160922,18,160,10,10,40,159,135,0,6,10204
20160922,19,160,20,20,20,134,126,0,0,10205
20160922,20,160,10,10,20,123,117,0,0,10208
20160922,21,190,10,10,20,118,115,0,0,10210
20160922,22,140,10,10,10,111,108,0,0,10211
20160922,23,130,10,10,10,109,108,0,0,10211
20160922,24,150,10,10,20,113,110,0,0,10212
20160923,1,160,10,10,20,103,103,0,0,10213
20160923,2,160,10,10,10,110,107,0,0,10214
20160923,3,200,10,10,10,99,99,0,0,10216
20160923,4,180,10,10,20,96,96,0,0,10216
20160923,5,190,10,10,20,94,93,0,0,10217
20160923,6,140,10,10,20,107,107,0,3,10224
20160923,7,230,20,20,50,147,144,3,16,10232
20160923,8,260,30,30,60,170,147,4,58,10236
20160923,9,290,30,30,80,186,123,10,137,10242
20160923,10,260,40,50,90,190,99,10,186,10246
20160923,11,280,40,40,90,191,96,10,189,10247
20160923,12,270,40,40,90,196,93,10,213,10250
20160923,13,290,40,30,80,199,93,10,203,10250
20160923,14,280,30,30,80,200,94,10,170,10251
20160923,15,260,40,40,80,194,87,10,148,10252
20160923,16,290,40,40,70,179,78,10,89,10256
20160923,17,280,30,20,50,166,80,10,45,10256
20160923,18,320,20,10,30,128,90,0,5,10255
20160923,19,0,0,0,10,98,87,0,0,10258
20160923,20,0,0,0,0,89,85,0,0,10260
20160923,21,110,10,10,20,82,77,0,0,10259
20160923,22,150,10,10,20,80,76,0,0,10254
20160923,23,140,10,10,20,76,72,0,0,10252
20160923,24,130,10,10,20,84,80,0,0,10250
20160924,1,150,20,20,40,88,84,0,0,10245
20160924,2,150,20,20,30,97,87,0,0,10243
20160924,3,150,20,30,40,96,84,0,0,10239
20160924,4,150,30,30,40,102,83,0,0,10235
20160924,5,150,30,30,50,104,85,0,0,10231
20160924,6,160,30,20,40,109,93,0,3,10235
20160924,7,180,20,20,40,123,103,3,31,10236
20160924,8,170,20,20,40,148,118,7,82,10237
20160924,9,150,20,20,40,171,128,10,136,10237
20160924,10,170,30,30,40,192,132,10,173,10236
20160924,11,180,30,30,60,205,127,9,189,10231
20160924,12,180,40,40,80,214,127,10,210,10225
20160924,13,190,40,40,80,228,114,10,201,10217
20160924,14,190,40,40,80,231,105,10,165,10210
20160924,15,170,40,40,90,230,107,10,139,10202
20160924,16,160,40,30,90,223,114,10,77,10198
20160924,17,150,30,20,50,202,114,10,29,10195
20160924,18,130,20,20,30,150,121,0,1,10193
20160924,19,140,20,20,30,128,116,0,0,10194
20160924,20,130,20,20,30,113,107,0,0,10192
20160924,21,140,20,20,30,110,102,0,0,10189
20160924,22,140,20,20,40,115,100,0,0,10184
20160924,23,140,30,30,40,137,101,0,0,10178
20160924,24,140,30,30,50,135,100,0,0,10175
20160925,1,150,30,30,50,132,95,0,0,10173
20160925,2,140,30,30,50,128,90,0,0,10167
20160925,3,150,30,30,50,130,88,0,0,10162
20160925,4,150,40,40,60,128,88,0,0,10159
20160925,5,150,30,30,60,124,88,0,0,10156
20160925,6,150,40,40,60,126,90,0,3,10154
20160925,7,150,40,50,80,142,98,10,37,10152
20160925,8,160,40,50,70,159,106,10,91,10151
20160925,9,150,40,50,80,182,118,10,142,10147
20160925,10,160,50,50,80,208,125,10,180,10147
20160925,11,170,40,50,70,222,124,10,201,10144
20160925,12,180,40,40,90,235,126,10,209,10143
20160925,13,220,50,40,80,234,130,9,181,10147
20160925,14,250,50,50,100,220,139,3,106,10156
20160925,15,270,50,50,90,202,147,3,51,10164
20160925,16,230,40,40,120,170,158,0,4,10180
20160925,17,210,20,10,70,153,140,0,6,10186
20160925,18,240,20,20,60,158,129,0,1,10189
20160925,19,220,20,20,30,154,134,0,0,10195
20160925,20,220,20,20,30,155,136,0,0,10201
20160925,21,230,30,30,40,152,130,0,0,10206
20160925,22,220,30,30,50,145,121,0,0,10210
20160925,23,210,30,30,40,133,114,0,0,10213
20160925,24,210,20,20,30,122,108,0,0,10217
20160926,1,220,20,20,30,115,107,0,0,10219
20160926,2,220,20,20,30,110,103,0,0,10223
20160926,3,160,10,10,20,90,89,0,0,10225
20160926,4,160,10,10,20,85,84,0,0,10227
20160926,5,140,10,10,20,77,76,0,0,10227
20160926,6,160,10,10,10,85,85,2,3,10230
20160926,7,990,10,10,20,114,110,10,40,10233
20160926,8,140,10,20,20,136,110,4,74,10236
20160926,9,0,10,0,10,171,110,10,132,10237
20160926,10,360,10,10,10,181,104,6,156,10236
20160926,11,190,10,10,20,181,112,4,125,10236
20160926,12,200,10,10,30,183,110,0,96,10235
20160926,13,150,20,20,50,184,115,1,122,10235
20160926,14,200,10,20,30,183,108,0,84,10236
20160926,15,180,20,10,30,183,100,5,97,10235
20160926,16,320,20,20,30,174,119,0,34,10237
20160926,17,300,20,10,30,166,123,0,15,10241
20160926,18,280,20,20,40,161,113,0,1,10243
20160926,19,0,10,0,30,139,123,0,0,10242
20160926,20,60,0,10,10,128,122,0,0,10244
20160926,21,0,0,0,10,114,109,0,0,10247
20160926,22,0,0,0,10,107,104,0,0,10247
20160926,23,0,0,0,10,96,96,0,0,10246
20160926,24,90,10,10,10,83,82,0,0,10247
20160927,1,0,0,0,10,77,76,0,0,10248
20160927,2,0,0,0,0,69,69,0,0,10251
20160927,3,110,10,10,10,66,66,0,0,10249
20160927,4,140,10,10,10,63,62,0,0,10251
20160927,5,0,0,0,10,59,58,0,0,10257
20160927,6,120,10,10,10,60,57,0,2,10258
20160927,7,180,10,10,10,105,90,10,34,10258
20160927,8,190,10,20,30,140,114,10,91,10258
20160927,9,160,20,20,40,158,126,10,137,10259
20160927,10,180,30,30,60,175,103,10,176,10262
20160927,11,190,40,30,60,185,94,10,203,10261
20160927,12,190,40,40,60,192,90,10,211,10258
20160927,13,190,40,40,70,196,77,10,202,10255
20160927,14,190,40,30,60,203,99,10,167,10251
20160927,15,190,40,40,70,200,87,10,132,10248
20160927,16,200,30,30,60,190,88,8,63,10249
20160927,17,190,30,30,50,180,90,0,12,10246
20160927,18,190,30,30,60,172,87,0,1,10248
20160927,19,170,30,20,60,150,92,0,0,10251
20160927,20,180,30,30,50,158,89,0,0,10245
20160927,21,200,30,40,70,171,88,0,0,10244
20160927,22,210,50,40,80,172,91,0,0,10245
20160927,23,210,40,40,70,171,96,0,0,10240
20160927,24,210,40,30,60,171,104,0,0,10238
20160928,1,220,30,30,70,165,124,0,0,10233
20160928,2,210,40,40,80,166,131,0,0,10231
20160928,3,210,40,30,70,170,140,0,0,10227
20160928,4,230,40,40,70,169,141,0,0,10227
20160928,5,220,40,50,70,170,145,0,0,10227
20160928,6,230,40,50,80,173,153,0,1,10228
20160928,7,230,40,40,80,175,155,0,16,10230
20160928,8,230,50,50,90,184,153,10,73,10232
20160928,9,250,50,50,110,190,138,6,79,10236
20160928,10,250,60,40,100,209,131,10,171,10235
20160928,11,240,50,60,100,211,133,7,169,10232
20160928,12,240,60,70,110,208,123,9,170,10231
20160928,13,230,60,60,120,213,127,7,160,10230
20160928,14,240,60,70,110,208,122,10,166,10228
20160928,15,240,70,50,130,201,115,6,101,10227
20160928,16,240,40,40,90,205,124,5,53,10224
20160928,17,250,40,40,80,200,137,8,37,10224
20160928,18,240,40,30,100,189,135,0,2,10221
20160928,19,230,40,50,80,192,134,0,0,10218
20160928,20,220,50,50,90,186,126,0,0,10214
20160928,21,220,50,50,100,181,128,0,0,10209
20160928,22,230,50,50,110,177,121,0,0,10209
20160928,23,220,50,50,90,174,114,0,0,10205
20160928,24,210,50,50,90,170,116,0,0,10199
20160929,1,210,40,40,70,166,122,0,0,10195
20160929,2,210,40,40,70,162,116,0,0,10187
20160929,3,210,50,60,90,163,118,0,0,10176
20160929,4,220,50,50,90,163,118,0,0,10168
20160929,5,220,50,50,90,159,125,0,0,10163
20160929,6,200,50,50,80,151,128,0,1,10158
20160929,7,210,60,60,100,155,131,3,25,10155
20160929,8,220,70,80,120,161,133,0,30,10157
20160929,9,210,60,70,120,163,139,0,19,10150
20160929,10,220,60,60,120,169,141,0,20,10147
20160929,11,220,60,60,110,171,144,0,48,10140
20160929,12,220,70,70,140,173,144,0,43,10134
20160929,13,220,80,80,130,172,142,0,43,10127
20160929,14,220,70,70,130,173,144,0,27,10126
20160929,15,220,70,70,130,171,141,0,22,10121
20160929,16,230,70,60,140,160,150,0,10,10122
20160929,17,240,30,30,90,152,147,0,3,10125
20160929,18,240,40,40,80,154,145,0,0,10128
20160929,19,230,40,40,80,153,144,0,0,10128
20160929,20,220,30,30,70,151,141,0,0,10129
20160929,21,220,40,40,70,149,138,0,0,10128
20160929,22,230,50,40,80,147,136,0,0,10130
20160929,23,230,30,30,70,145,137,0,0,10128
20160929,24,210,20,20,40,138,131,0,0,10126
20160930,1,210,30,30,40,140,131,0,0,10124
20160930,2,220,30,30,50,142,131,0,0,10120
20160930,3,210,20,20,40,137,128,0,0,10121
20160930,4,220,20,20,30,133,125,0,0,10119
20160930,5,210,20,20,40,136,123,0,0,10120
20160930,6,220,30,30,50,137,126,0,0,10126
20160930,7,220,30,30,60,140,126,0,8,10127
20160930,8,210,30,30,70,147,127,0,37,10128
20160930,9,210,40,40,80,156,125,2,84,10130
20160930,10,230,50,50,90,161,115,2,91,10133
20160930,11,240,50,50,100,170,108,4,135,10134
20160930,12,240,60,60,100,176,84,9,178,10134
20160930,13,270,50,30,100,167,96,6,134,10133
20160930,14,240,40,60,110,183,90,4,83,10134
20160930,15,230,60,60,100,178,70,10,139,10130
20160930,16,230,50,40,110,173,78,10,75,10128
20160930,17,230,40,30,90,158,84,7,25,10130
20160930,18,200,20,30,40,135,91,0,0,10132
20160930,19,190,20,20,50,144,93,0,0,10134
20160930,20,150,10,20,50,116,96,0,0,10131
20160930,21,150,20,20,30,113,97,0,0,10127
20160930,22,160,20,20,30,122,100,0,0,10124
20160930,23,160,20,10,30,115,97,0,0,10117
20160930,24,160,20,20,30,111,96,0,0,10113
20161001,1,160,20,20,20,100,94,0,0,10107
20161001,2,160,20,10,30,108,101,0,0,10101
20161001,3,170,20,20,40,122,110,0,0,10096
20161001,4,150,20,20,30,119,110,0,0,10093
20161001,5,150,20,20,40,120,111,0,0,10090
20161001,6,160,20,20,30,117,111,0,0,10089
20161001,7,140,20,10,30,126,116,0,12,10088
20161001,8,160,20,20,40,134,121,0,54,10086
20161001,9,150,20,20,40,142,122,0,49,10086
20161001,10,150,30,30,50,155,122,0,87,10082
20161001,11,170,30,40,60,163,110,7,131,10079
20161001,12,180,40,50,80,163,104,0,80,10076
20161001,13,180,40,40,70,169,115,6,132,10071
20161001,14,180,40,40,70,174,120,7,115,10068
20161001,15,190,30,20,60,166,113,5,57,10063
20161001,16,180,30,30,70,165,116,5,42,10060
20161001,17,200,40,50,90,158,106,5,20,10062
20161001,18,230,40,40,80,150,96,0,0,10070
20161001,19,250,30,40,70,128,105,0,0,10072
20161001,20,170,20,30,80,117,103,0,0,10071
20161001,21,200,30,30,50,117,104,0,0,10073
20161001,22,200,40,40,70,114,99,0,0,10075
20161001,23,210,40,40,80,112,91,0,0,10075
20161001,24,200,40,40,70,106,89,0,0,10076
20161002,1,200,40,40,50,102,86,0,0,10076
20161002,2,210,30,30,60,98,86,0,0,10075
20161002,3,190,30,30,70,93,82,0,0,10074
20161002,4,190,30,30,50,93,84,0,0,10073
20161002,5,190,30,30,50,90,79,0,0,10073
20161002,6,210,30,30,50,92,81,0,1,10075
20161002,7,200,30,30,60,101,89,3,19,10076
20161002,8,200,40,40,80,113,95,7,56,10081
20161002,9,210,40,40,80,128,102,4,74,10082
20161002,10,210,50,50,80,138,105,2,89,10084
20161002,11,210,50,50,100,141,110,7,124,10086
20161002,12,240,50,50,80,135,117,3,80,10092
20161002,13,230,30,30,70,131,118,0,66,10095
20161002,14,270,40,40,70,130,121,0,28,10100
20161002,15,270,30,30,70,130,120,0,30,10106
20161002,16,280,30,40,90,137,115,2,40,10112
20161002,17,290,50,60,110,135,109,3,12,10120
20161002,18,290,50,50,110,134,112,0,1,10129
20161002,19,290,40,40,80,137,108,0,0,10138
20161002,20,290,40,40,110,133,112,0,0,10149
20161002,21,290,40,30,100,130,116,0,0,10160
20161002,22,290,30,30,60,126,111,0,0,10169
20161002,23,280,20,20,40,125,115,0,0,10180
20161002,24,280,30,20,50,123,112,0,0,10184
20161003,1,260,30,20,50,124,113,0,0,10191
20161003,2,260,20,30,50,123,116,0,0,10198
20161003,3,280,20,20,50,120,115,0,0,10202
20161003,4,280,20,20,40,121,114,0,0,10209
20161003,5,290,20,20,40,126,117,0,0,10215
20161003,6,310,20,30,40,125,115,0,0,10225
20161003,7,320,20,30,40,132,118,8,26,10233
20161003,8,10,30,30,50,151,125,10,77,10241
20161003,9,360,30,40,70,163,111,10,127,10250
20161003,10,360,30,40,70,171,111,9,137,10255
20161003,11,10,30,30,60,174,116,7,136,10259
20161003,12,360,30,30,60,182,110,9,161,10263
20161003,13,340,30,30,70,186,103,9,169,10264
20161003,14,10,40,40,70,173,107,8,119,10268
20161003,15,360,40,30,70,178,103,8,81,10270
20161003,16,360,40,40,70,171,108,10,68,10274
20161003,17,10,40,30,80,161,114,7,23,10281
20161003,18,360,30,30,40,147,114,0,0,10288
20161003,19,350,20,20,50,133,113,0,0,10293
20161003,20,30,30,30,60,136,113,0,0,10298
20161003,21,20,30,30,50,128,113,0,0,10301
20161003,22,30,20,20,40,118,109,0,0,10304
20161003,23,50,30,30,50,113,107,0,0,10306
20161003,24,50,30,30,50,116,109,0,0,10312
20161004,1,70,30,30,50,124,111,0,0,10316
20161004,2,70,40,30,80,122,110,0,0,10321
20161004,3,70,30,20,60,108,101,0,0,10320
20161004,4,70,40,50,70,120,105,0,0,10321
20161004,5,70,40,40,80,123,107,0,0,10326
20161004,6,80,30,30,50,120,106,0,0,10327
20161004,7,70,30,40,70,123,109,3,14,10331
20161004,8,90,40,60,80,131,106,0,35,10335
20161004,9,90,50,60,90,140,108,3,82,10340
20161004,10,80,50,50,90,142,103,6,122,10342
20161004,11,80,40,50,80,151,105,5,113,10342
20161004,12,90,50,50,80,153,99,3,104,10342
20161004,13,80,50,50,80,155,90,5,97,10338
20161004,14,80,60,60,90,166,83,9,141,10337
20161004,15,90,50,50,90,166,90,10,115,10336
20161004,16,80,50,50,90,157,77,7,54,10336
20161004,17,60,40,20,80,138,79,5,19,10339
20161004,18,60,30,30,40,122,77,0,0,10344
20161004,19,60,30,30,50,118,74,0,0,10345
20161004,20,70,40,40,60,119,73,0,0,10346
20161004,21,70,30,30,50,108,70,0,0,10346
20161004,22,60,40,40,60,101,67,0,0,10346
20161004,23,70,50,50,80,102,65,0,0,10345
20161004,24,70,50,50,90,100,67,0,0,10345
20161005,1,70,50,50,80,97,65,0,0,10345
20161005,2,70,50,50,80,93,63,0,0,10343
20161005,3,70,60,60,90,89,61,0,0,10341
20161005,4,70,60,50,80,85,60,0,0,10342
20161005,5,70,50,50,80,81,57,0,0,10345
20161005,6,70,50,50,90,75,52,0,1,10348
20161005,7,70,50,50,90,81,52,7,27,10352
20161005,8,80,50,50,80,93,52,10,78,10353
20161005,9,80,60,70,110,109,55,10,129,10354
20161005,10,80,70,70,120,116,43,10,166,10353
20161005,11,80,80,80,120,126,36,10,186,10348
20161005,12,100,70,70,110,132,39,10,201,10339
20161005,13,80,60,60,90,136,38,10,191,10332
20161005,14,50,60,60,100,136,33,10,161,10326
20161005,15,60,50,60,90,136,44,10,120,10321
20161005,16,60,60,50,100,128,38,10,61,10319
20161005,17,40,40,20,70,112,36,5,18,10317
20161005,18,40,30,30,40,96,40,0,0,10317
20161005,19,30,30,30,40,85,40,0,0,10315
20161005,20,30,30,20,40,76,43,0,0,10314
20161005,21,40,30,30,50,73,43,0,0,10314
20161005,22,40,30,30,60,72,40,0,0,10313
20161005,23,30,20,20,60,63,39,0,0,10309
20161005,24,30,20,20,40,55,37,0,0,10306
20161006,1,40,30,30,50,52,32,0,0,10303
20161006,2,40,40,30,60,51,32,0,0,10299
20161006,3,40,30,30,60,49,35,0,0,10290
20161006,4,30,30,20,40,49,36,0,0,10282
20161006,5,30,20,30,50,44,33,0,0,10280
20161006,6,30,30,30,50,43,31,0,0,10277
20161006,7,30,20,20,40,57,34,7,25,10275
20161006,8,60,20,30,50,82,35,7,71,10274
20161006,9,40,30,40,70,98,35,10,119,10269
20161006,10,60,50,50,90,109,35,7,130,10264
20161006,11,60,50,50,90,118,43,10,189,10261
20161006,12,60,50,60,90,122,50,5,135,10256
20161006,13,60,50,50,90,123,57,2,94,10249
20161006,14,30,50,50,80,123,60,3,89,10243
20161006,15,40,50,50,90,122,63,3,62,10240
20161006,16,50,50,50,80,120,69,0,19,10239
20161006,17,40,40,30,80,116,73,0,5,10241
20161006,18,50,30,30,50,116,81,0,0,10243
20161006,19,40,30,30,50,116,81,0,0,10243
20161006,20,40,40,30,70,114,84,0,0,10244
20161006,21,50,30,40,80,112,83,0,0,10242
20161006,22,50,30,30,80,110,82,0,0,10239
20161006,23,50,30,30,60,108,83,0,0,10236
20161006,24,50,40,40,70,106,83,0,0,10235
20161007,1,40,30,20,70,100,82,0,0,10234
20161007,2,40,20,30,50,104,83,0,0,10230
20161007,3,50,30,30,60,104,84,0,0,10230
20161007,4,40,30,30,50,103,84,0,0,10228
20161007,5,50,30,30,50,103,84,0,0,10229
20161007,6,30,20,20,40,102,85,0,0,10226
20161007,7,40,20,20,40,103,83,0,9,10224
20161007,8,50,30,30,50,112,88,2,36,10225
20161007,9,40,30,30,50,123,88,2,53,10225
20161007,10,60,40,40,70,123,86,2,53,10227
20161007,11,80,30,40,70,129,86,0,61,10228
20161007,12,50,40,30,60,129,87,0,50,10228
20161007,13,70,40,40,60,135,85,3,69,10224
20161007,14,60,30,30,60,133,86,1,72,10222
20161007,15,50,30,40,60,142,86,10,106,10217
20161007,16,30,40,40,60,134,86,5,44,10218
20161007,17,40,30,30,70,122,87,5,15,10222
20161007,18,10,20,20,40,123,91,0,0,10224
20161007,19,50,30,30,50,123,96,0,0,10224
20161007,20,40,30,30,50,121,96,0,0,10225
20161007,21,50,30,30,50,118,96,0,0,10229
20161007,22,50,30,20,40,116,96,0,0,10229
20161007,23,60,20,20,30,113,96,0,0,10229
20161007,24,40,20,20,30,110,94,0,0,10233
20161008,1,20,20,10,30,109,96,0,0,10232
20161008,2,40,20,10,30,106,94,0,0,10230
20161008,3,360,20,20,40,108,93,0,0,10229
20161008,4,30,30,20,50,108,90,0,0,10234
20161008,5,40,30,30,50,104,85,0,0,10237
20161008,6,50,30,20,40,99,81,0,0,10240
20161008,7,50,20,20,30,99,83,0,10,10246
20161008,8,50,20,20,30,104,80,0,30,10251
20161008,9,60,30,20,50,124,81,8,115,10254
20161008,10,90,30,30,70,132,63,10,162,10254
20161008,11,70,30,40,60,131,45,8,148,10255
20161008,12,60,20,30,50,134,46,6,123,10254
20161008,13,60,20,30,50,138,29,0,94,10251
20161008,14,50,30,40,60,138,46,5,95,10253
20161008,15,20,30,30,50,129,61,1,56,10255
20161008,16,350,30,20,40,124,59,0,21,10256
20161008,17,20,20,20,40,119,57,0,2,10258
20161008,18,30,20,20,40,113,73,0,0,10260
20161008,19,30,20,20,30,83,71,0,0,10262
20161008,20,50,20,20,40,100,71,0,0,10265
20161008,21,50,20,20,20,92,69,0,0,10265
20161008,22,30,20,20,40,93,69,0,0,10265
20161008,23,20,20,10,30,79,63,0,0,10265
20161008,24,30,20,20,40,76,69,0,0,10265
20161009,1,50,20,10,40,65,58,0,0,10267
20161009,2,10,10,10,20,47,43,0,0,10265
20161009,3,40,10,10,20,35,34,0,0,10265
20161009,4,360,10,10,10,27,24,0,0,10264
20161009,5,360,10,10,20,20,20,0,0,10264
20161009,6,310,10,10,10,18,15,0,0,10264
20161009,7,350,10,10,20,40,37,7,20,10268
20161009,8,990,10,10,20,73,50,10,64,10268
20161009,9,360,10,10,20,101,50,10,97,10269
20161009,10,350,20,20,40,113,51,6,115,10268
20161009,11,350,20,20,40,121,48,5,120,10267
20161009,12,990,20,10,40,132,44,8,164,10262
20161009,13,320,20,20,30,135,50,8,144,10257
20161009,14,310,20,20,40,141,44,10,136,10254
20161009,15,340,20,10,50,132,54,5,64,10250
20161009,16,340,20,30,70,108,81,0,7,10252
20161009,17,90,10,10,50,99,92,0,1,10253
20161009,18,310,10,10,10,89,85,0,0,10254
20161009,19,0,0,0,20,83,80,0,0,10256
20161009,20,270,0,10,20,77,74,0,0,10256
20161009,21,0,0,0,20,68,67,0,0,10255
20161009,22,0,0,0,10,68,65,0,0,10256
20161009,23,0,0,0,0,55,54,0,0,10254
20161009,24,0,0,0,10,45,44,0,0,10253
20161010,1,0,0,0,0,46,46,0,0,10254
20161010,2,130,10,10,20,40,40,0,0,10251
20161010,3,0,10,0,10,38,38,0,0,10248
20161010,4,150,10,10,10,36,33,0,0,10248
20161010,5,120,10,10,10,28,27,0,0,10245
20161010,6,0,10,0,10,21,21,0,0,10247
20161010,7,100,10,10,10,45,41,8,21,10249
20161010,8,110,10,10,20,83,50,8,68,10249
20161010,9,110,10,20,30,111,55,10,105,10248
20161010,10,100,20,20,40,120,55,10,142,10248
20161010,11,100,30,30,50,121,50,4,116,10245
20161010,12,70,30,30,70,125,40,4,123,10241
20161010,13,90,30,30,50,124,44,9,164,10237
20161010,14,60,30,30,60,119,28,6,112,10234
20161010,15,50,30,40,60,113,20,5,71,10234
20161010,16,50,40,30,60,110,26,0,25,10234
20161010,17,40,30,30,50,103,37,0,5,10236
20161010,18,30,20,20,40,93,44,0,0,10237
20161010,19,30,20,20,30,65,45,0,0,10239
20161010,20,10,10,10,20,55,47,0,0,10237
20161010,21,10,10,10,20,66,59,0,0,10237
20161010,22,20,20,30,40,83,52,0,0,10236
20161010,23,40,20,20,30,77,54,0,0,10236
20161010,24,40,20,20,30,72,52,0,0,10235
20161011,1,30,20,20,30,43,38,0,0,10234
20161011,2,40,20,20,30,36,31,0,0,10231
20161011,3,40,10,10,20,22,19,0,0,10230
20161011,4,20,10,10,10,9,8,0,0,10227
20161011,5,360,10,10,20,5,3,0,0,10228
20161011,6,350,10,10,20,15,12,0,0,10227
20161011,7,0,0,0,10,36,33,0,5,10228
20161011,8,290,0,10,10,59,56,0,30,10229
20161011,9,320,10,10,20,80,67,2,48,10230
20161011,10,340,10,10,20,95,67,0,51,10229
20161011,11,310,10,20,30,107,68,0,60,10226
20161011,12,360,20,20,50,116,65,1,88,10222
20161011,13,330,20,20,40,114,73,1,62,10220
20161011,14,30,20,10,40,117,86,2,39,10217
20161011,15,40,20,20,40,120,76,3,65,10215
20161011,16,30,20,20,30,116,83,0,10,10214
20161011,17,20,10,10,20,115,84,0,3,10215
20161011,18,40,20,20,30,106,82,0,0,10217
20161011,19,50,30,30,50,106,79,0,0,10218
20161011,20,40,30,40,60,105,83,0,0,10219
20161011,21,40,30,30,50,102,88,0,0,10218
20161011,22,40,30,30,50,102,86,0,0,10217
20161011,23,30,30,30,50,103,85,0,0,10217
20161011,24,40,30,30,60,99,86,0,0,10215
20161012,1,40,30,40,60,98,83,0,0,10214
20161012,2,60,40,50,80,94,63,0,0,10212
20161012,3,40,40,40,80,92,64,0,0,10209
20161012,4,40,40,40,80,91,71,0,0,10206
20161012,5,60,40,40,70,92,73,0,0,10206
20161012,6,70,40,50,80,91,58,0,0,10211
20161012,7,70,40,30,100,90,59,0,4,10214
20161012,8,60,40,40,70,90,62,0,11,10218
20161012,9,80,40,40,60,95,61,0,27,10220
20161012,10,80,50,50,80,100,58,2,64,10217
20161012,11,50,50,60,90,107,57,8,128,10214
20161012,12,70,60,60,100,104,55,6,133,10212
20161012,13,60,50,60,80,97,55,0,45,10212
20161012,14,70,40,40,80,94,54,0,29,10210
20161012,15,80,40,40,60,92,51,0,15,10208
20161012,16,70,50,40,80,91,48,0,9,10208
20161012,17,70,40,30,70,86,48,0,2,10208
20161012,18,60,30,20,40,69,45,0,0,10209
20161012,19,60,30,30,40,71,47,0,0,10208
20161012,20,60,30,40,50,76,51,0,0,10207
20161012,21,70,30,30,60,79,55,0,0,10207
20161012,22,70,40,40,70,82,58,0,0,10206
20161012,23,70,50,40,80,81,59,0,0,10204
20161012,24,70,40,40,80,80,59,0,0,10200
20161013,1,80,50,50,80,81,60,0,0,10198
20161013,2,80,40,40,70,82,60,0,0,10194
20161013,3,80,40,40,70,82,60,0,0,10191
20161013,4,70,50,60,90,81,58,0,0,10189
20161013,5,70,60,50,80,81,56,0,0,10187
20161013,6,80,50,50,80,80,54,0,0,10186
20161013,7,80,50,60,90,82,53,0,6,10186
20161013,8,90,50,60,90,85,56,0,26,10186
20161013,9,80,60,60,90,94,54,3,58,10183
20161013,10,90,60,70,100,100,49,2,77,10176
20161013,11,90,60,50,100,100,53,0,51,10169
20161013,12,90,60,50,90,103,53,0,43,10164
20161013,13,90,60,60,100,106,55,0,66,10159
20161013,14,90,70,70,110,106,55,1,76,10151
20161013,15,90,60,60,110,110,56,1,52,10146
20161013,16,80,70,70,120,105,53,10,45,10141
20161013,17,90,70,70,120,96,54,2,9,10142
20161013,18,80,60,60,110,96,59,0,0,10140
20161013,19,90,60,60,120,93,55,0,0,10136
20161013,20,80,60,50,110,89,52,0,0,10134
20161013,21,80,50,50,90,85,52,0,0,10132
20161013,22,80,50,50,80,82,53,0,0,10130
20161013,23,80,50,60,80,81,53,0,0,10124
20161013,24,80,60,60,100,79,53,0,0,10121
20161014,1,90,60,50,100,80,53,0,0,10117
20161014,2,90,60,60,100,78,57,0,0,10110
20161014,3,90,60,60,100,77,55,0,0,10105
20161014,4,90,50,60,80,78,52,0,0,10100
20161014,5,90,50,50,90,76,51,0,0,10098
20161014,6,80,50,50,90,74,48,0,0,10097
20161014,7,80,50,50,80,75,50,0,4,10097
20161014,8,90,50,50,90,82,53,0,26,10094
20161014,9,90,60,60,90,91,54,4,68,10090
20161014,10,80,50,60,100,105,57,10,140,10086
20161014,11,100,50,60,90,115,58,10,161,10085
20161014,12,90,50,50,80,117,61,5,130,10080
20161014,13,90,40,40,70,125,65,2,97,10073
20161014,14,80,40,40,80,132,69,7,102,10069
20161014,15,90,50,40,80,123,69,5,65,10070
20161014,16,90,40,40,60,120,69,0,14,10066
20161014,17,80,30,30,50,119,70,0,2,10069
20161014,18,80,30,40,60,116,68,0,0,10064
20161014,19,70,30,40,60,114,70,0,0,10060
20161014,20,80,40,40,70,107,76,0,0,10058
20161014,21,100,40,50,70,100,83,0,0,10065
20161014,22,90,40,40,60,95,89,0,0,10057
20161014,23,80,30,30,60,94,90,0,0,10050
20161014,24,80,30,30,50,94,89,0,0,10048
20161015,1,90,20,20,40,93,90,0,0,10049
20161015,2,80,30,30,50,91,88,0,0,10048
20161015,3,90,20,30,40,90,87,0,0,10045
20161015,4,90,20,20,30,90,87,0,0,10044
20161015,5,120,20,20,30,91,88,0,0,10049
20161015,6,140,20,20,30,93,90,0,0,10051
20161015,7,170,20,20,40,99,96,0,4,10059
20161015,8,190,30,30,50,109,106,0,8,10068
20161015,9,210,40,40,80,117,110,0,18,10079
20161015,10,210,40,30,80,118,113,0,25,10089
20161015,11,210,40,40,70,120,115,0,26,10099
20161015,12,210,40,40,80,129,119,0,26,10107
20161015,13,220,40,50,80,134,112,0,31,10118
20161015,14,210,30,30,80,135,112,0,32,10123
20161015,15,200,40,30,70,135,103,2,48,10130
20161015,16,160,30,20,50,130,103,10,41,10137
20161015,17,130,20,20,30,108,96,2,5,10141
20161015,18,150,20,20,40,108,94,0,0,10149
20161015,19,130,20,20,30,92,86,0,0,10154
20161015,20,150,20,30,40,98,83,0,0,10159
20161015,21,140,20,20,40,92,80,0,0,10164
20161015,22,140,30,30,40,95,83,0,0,10165
20161015,23,150,30,30,50,102,85,0,0,10168
20161015,24,150,30,30,50,103,85,0,0,10172
20161016,1,150,30,30,50,103,84,0,0,10175
20161016,2,150,30,30,50,102,82,0,0,10176
20161016,3,150,30,30,50,100,79,0,0,10176
20161016,4,140,30,30,50,91,76,0,0,10179
20161016,5,150,30,40,60,88,71,0,0,10181
20161016,6,150,30,30,50,82,68,0,0,10184
20161016,7,140,30,30,50,92,72,7,15,10185
20161016,8,140,30,30,50,107,79,10,53,10188
20161016,9,140,40,40,60,128,90,10,101,10188
20161016,10,150,40,40,70,148,101,10,139,10187
20161016,11,140,40,30,70,168,111,10,161,10186
20161016,12,140,40,50,80,177,114,10,168,10181
20161016,13,150,40,40,80,187,118,10,156,10179
20161016,14,140,50,50,80,184,117,10,129,10180
20161016,15,140,40,30,60,183,120,10,87,10181
20161016,16,130,30,30,50,169,119,10,39,10180
20161016,17,120,30,40,60,152,115,0,3,10181
20161016,18,130,40,40,60,149,110,0,0,10181
20161016,19,140,40,40,70,146,106,0,0,10181
20161016,20,140,30,40,70,140,101,0,0,10182
20161016,21,150,30,30,60,132,101,0,0,10185
20161016,22,160,20,20,40,130,103,0,0,10184
20161016,23,200,20,20,40,122,103,0,0,10187
20161016,24,170,20,10,30,115,103,0,0,10187
20161017,1,150,10,10,30,116,104,0,0,10188
20161017,2,120,10,20,20,109,102,0,0,10186
20161017,3,150,10,20,30,111,100,0,0,10183
20161017,4,170,20,20,30,109,101,0,0,10186
20161017,5,120,10,10,20,108,102,0,0,10189
20161017,6,150,10,10,20,108,104,0,0,10190
20161017,7,190,10,20,30,102,98,3,9,10195
20161017,8,210,20,30,50,134,112,8,51,10197
20161017,9,200,30,30,60,146,120,10,96,10200
20161017,10,200,40,50,80,137,117,4,69,10207
20161017,11,220,40,40,70,140,121,0,54,10205
20161017,12,220,30,30,60,143,116,0,37,10207
20161017,13,200,30,30,60,162,120,8,135,10205
20161017,14,210,30,30,50,152,113,4,68,10207
20161017,15,200,20,20,40,153,118,3,55,10205
20161017,16,190,20,10,40,151,122,3,25,10207
20161017,17,230,20,30,50,142,114,0,8,10213
20161017,18,230,30,20,50,129,109,0,0,10216
20161017,19,160,20,20,30,95,92,0,0,10216
20161017,20,160,20,20,30,86,83,0,0,10215
20161017,21,170,20,20,40,87,84,0,0,10214
20161017,22,180,30,30,40,102,96,0,0,10211
20161017,23,190,20,10,30,89,86,0,0,10211
20161017,24,200,20,20,40,95,91,0,0,10209
20161018,1,200,20,30,40,100,93,0,0,10208
20161018,2,200,30,30,50,100,93,0,0,10204
20161018,3,200,30,30,50,101,92,0,0,10201
20161018,4,200,30,30,50,101,94,0,0,10199
20161018,5,200,30,30,50,98,90,0,0,10196
20161018,6,200,40,40,70,96,90,0,0,10195
20161018,7,200,40,40,60,99,92,3,11,10195
20161018,8,200,40,50,80,110,95,8,50,10193
20161018,9,200,40,40,70,121,100,8,68,10189
20161018,10,200,40,40,70,124,100,2,52,10186
20161018,11,190,40,40,90,128,101,0,45,10178
20161018,12,190,50,50,90,124,106,0,31,10170
20161018,13,190,50,60,90,120,109,0,20,10160
20161018,14,200,60,60,130,120,108,0,29,10151
20161018,15,240,50,30,100,108,99,0,9,10156
20161018,16,270,30,30,80,115,94,8,30,10158
20161018,17,250,30,20,60,102,74,0,5,10162
20161018,18,230,20,30,40,90,66,0,0,10162
20161018,19,220,20,20,40,75,60,0,0,10162
20161018,20,210,30,30,50,83,60,0,0,10158
20161018,21,200,30,30,50,87,63,0,0,10151
20161018,22,210,50,50,100,90,76,0,0,10149
20161018,23,260,40,20,120,84,71,0,0,10148
20161018,24,280,20,30,80,83,69,0,0,10150
20161019,1,240,20,20,80,61,56,0,0,10148
20161019,2,210,20,20,40,66,61,0,0,10143
20161019,3,220,30,30,60,76,62,0,0,10135
20161019,4,210,40,40,70,86,65,0,0,10124
20161019,5,200,50,50,80,83,71,0,0,10108
20161019,6,230,40,30,90,87,83,0,0,10101
20161019,7,270,50,50,110,111,95,0,2,10098
20161019,8,270,50,50,120,111,100,0,11,10096
20161019,9,280,60,50,110,118,101,3,50,10096
20161019,10,340,60,60,150,90,69,6,59,10115
20161019,11,350,60,60,120,102,65,9,135,10125
20161019,12,330,50,60,110,107,64,10,159,10132
20161019,13,340,50,40,90,109,63,7,97,10136
20161019,14,320,40,40,80,109,63,7,85,10142
20161019,15,340,30,30,70,109,66,5,57,10144
20161019,16,340,30,30,60,107,61,10,42,10149
20161019,17,330,20,20,50,88,63,0,6,10153
20161019,18,290,10,20,30,61,57,0,0,10157
20161019,19,300,10,10,20,46,43,0,0,10156
20161019,20,280,20,20,30,47,43,0,0,10152
20161019,21,260,20,20,40,69,61,0,0,10151
20161019,22,270,30,20,50,81,63,0,0,10146
20161019,23,260,30,30,60,92,71,0,0,10142
20161019,24,290,30,30,60,97,83,0,0,10136
20161020,1,310,30,20,60,98,89,0,0,10133
20161020,2,330,20,20,40,92,87,0,0,10133
20161020,3,340,20,20,50,98,91,0,0,10131
20161020,4,20,30,20,70,93,83,0,0,10133
20161020,5,310,10,10,30,70,67,0,0,10135
20161020,6,330,10,10,30,74,71,0,0,10138
20161020,7,320,20,20,40,85,82,0,2,10138
20161020,8,310,20,20,50,97,92,0,17,10140
20161020,9,320,20,30,50,113,98,0,30,10138
20161020,10,340,40,40,100,116,99,0,41,10137
20161020,11,340,40,40,90,119,106,0,53,10135
20161020,12,340,50,40,90,117,105,0,57,10132
20161020,13,350,40,40,80,113,101,0,37,10132
20161020,14,360,40,40,90,107,92,0,32,10135
20161020,15,40,40,30,80,92,74,0,10,10144
20161020,16,20,20,10,50,86,69,0,13,10148
20161020,17,320,20,20,30,65,61,0,1,10150
20161020,18,310,20,20,30,75,70,0,0,10152
20161020,19,310,20,20,30,79,74,0,0,10152
20161020,20,320,20,20,30,63,60,0,0,10155
20161020,21,10,20,20,30,52,49,0,0,10157
20161020,22,20,20,20,40,61,58,0,0,10160
20161020,23,20,20,20,30,47,44,0,0,10162
20161020,24,10,20,20,30,27,24,0,0,10164
20161021,1,360,10,10,30,22,21,0,0,10164
20161021,2,360,10,10,20,29,26,0,0,10166
20161021,3,30,10,10,30,54,54,0,0,10162
20161021,4,20,20,10,30,53,53,0,0,10163
20161021,5,20,10,20,30,51,51,0,0,10165
20161021,6,990,10,10,30,49,49,0,0,10164
20161021,7,0,0,0,10,52,52,0,3,10167
20161021,8,220,10,10,20,56,56,0,14,10168
20161021,9,990,10,10,20,62,62,0,32,10169
20161021,10,230,10,10,30,72,68,2,67,10169
20161021,11,280,20,20,40,79,65,8,114,10165
20161021,12,230,20,30,50,97,73,8,150,10164
20161021,13,230,20,20,50,113,75,9,121,10158
20161021,14,270,30,30,60,123,77,9,119,10151
20161021,15,310,30,30,70,110,72,0,25,10151
20161021,16,310,20,20,60,110,80,10,30,10148
20161021,17,320,20,20,30,101,80,0,6,10150
20161021,18,330,10,20,30,97,84,0,0,10149
20161021,19,320,10,10,30,93,85,0,0,10149
20161021,20,310,20,20,30,92,82,0,0,10145
20161021,21,310,20,20,40,89,82,0,0,10145
20161021,22,300,20,20,30,81,76,0,0,10142
20161021,23,290,20,10,40,68,64,0,0,10141
20161021,24,270,10,20,30,73,69,0,0,10138
20161022,1,290,20,10,30,75,71,0,0,10136
20161022,2,320,20,20,30,82,78,0,0,10136
20161022,3,20,20,30,50,84,79,0,0,10135
20161022,4,30,20,20,60,81,70,0,0,10136
20161022,5,40,30,30,50,77,65,0,0,10138
20161022,6,40,20,20,40,73,62,0,0,10142
20161022,7,30,20,20,50,73,63,0,1,10148
20161022,8,50,20,20,40,72,62,0,7,10149
20161022,9,40,20,20,50,73,51,0,22,10153
20161022,10,30,20,20,40,80,54,0,49,10154
20161022,11,50,20,20,40,84,53,0,71,10154
20161022,12,40,20,30,50,84,50,0,68,10154
20161022,13,50,20,20,40,92,43,1,74,10153
20161022,14,40,20,20,40,98,50,10,109,10152
20161022,15,50,20,10,40,100,44,8,68,10151
20161022,16,20,20,20,40,90,49,2,15,10152
20161022,17,0,10,0,30,74,62,0,2,10153
20161022,18,20,0,20,20,59,52,0,0,10154
20161022,19,0,10,0,30,56,53,0,0,10154
20161022,20,0,0,0,10,36,33,0,0,10156
20161022,21,0,0,0,10,29,28,0,0,10154
20161022,22,20,0,10,10,18,17,0,0,10152
20161022,23,170,10,10,20,15,12,0,0,10152
20161022,24,0,0,0,20,11,11,0,0,10152
20161023,1,60,0,10,10,11,11,0,0,10149
20161023,2,60,0,10,10,10,10,0,0,10146
20161023,3,110,10,10,10,3,3,0,0,10143
20161023,4,160,10,10,10,-2,-2,0,0,10140
20161023,5,160,10,10,10,-4,-4,0,0,10139
20161023,6,20,10,10,10,-1,-3,0,0,10138
20161023,7,0,0,0,10,-3,-5,2,5,10141
20161023,8,140,10,10,10,29,26,10,40,10142
20161023,9,140,10,10,20,66,54,10,89,10141
20161023,10,140,20,10,40,90,54,10,125,10138
20161023,11,160,20,20,30,101,48,10,148,10137
20161023,12,100,20,20,40,108,45,10,154,10130
20161023,13,990,20,10,40,115,46,10,140,10127
20161023,14,130,30,20,40,112,48,10,110,10127
20161023,15,120,20,30,50,107,31,10,74,10125
20161023,16,130,20,20,40,90,37,8,29,10127
20161023,17,120,20,20,40,54,38,0,0,10131
20161023,18,80,10,10,20,34,30,0,0,10129
20161023,19,70,20,20,40,40,28,0,0,10129
20161023,20,80,10,10,40,37,34,0,0,10132
20161023,21,80,20,10,30,40,31,0,0,10134
20161023,22,60,10,10,30,34,28,0,0,10131
20161023,23,40,20,20,30,45,35,0,0,10130
20161023,24,40,20,20,30,42,33,0,0,10131
20161024,1,40,10,10,30,42,35,0,0,10136
20161024,2,50,20,20,30,43,36,0,0,10131
20161024,3,40,20,20,40,45,38,0,0,10129
20161024,4,40,20,30,50,48,40,0,0,10134
20161024,5,80,30,20,50,49,43,0,0,10137
20161024,6,50,20,20,30,50,42,0,0,10132
20161024,7,50,20,30,50,56,46,0,2,10133
20161024,8,60,30,40,60,65,53,0,15,10131
20161024,9,60,30,20,60,75,56,0,30,10136
20161024,10,70,30,30,50,78,60,0,34,10131
20161024,11,70,40,50,70,90,64,3,81,10130
20161024,12,50,40,30,70,90,62,3,80,10131
20161024,13,50,30,40,50,91,64,2,53,10131
20161024,14,50,30,30,60,86,62,0,47,10133
20161024,15,50,30,30,50,85,63,0,22,10138
20161024,16,50,30,30,50,83,64,0,8,10138
20161024,17,50,20,30,50,81,65,0,1,10143
20161024,18,60,20,20,40,81,66,0,0,10147
20161024,19,80,20,30,40,78,65,0,0,10147
20161024,20,20,20,20,50,79,65,0,0,10154
20161024,21,350,10,20,20,80,66,0,0,10157
20161024,22,70,10,10,30,80,69,0,0,10160
20161024,23,10,10,10,30,80,69,0,0,10165
20161024,24,40,10,10,30,79,72,0,0,10169
20161025,1,350,10,10,30,81,75,0,0,10177
20161025,2,360,20,20,40,79,76,0,0,10181
20161025,3,40,20,10,40,79,76,0,0,10185
20161025,4,30,10,20,30,81,78,0,0,10189
20161025,5,320,10,10,30,82,76,0,0,10202
20161025,6,20,20,20,30,82,71,0,0,10208
20161025,7,50,20,20,40,82,71,0,1,10219
20161025,8,30,20,20,30,84,69,0,12,10224
20161025,9,990,10,10,30,90,72,0,26,10227
20161025,10,40,10,10,20,95,72,0,50,10232
20161025,11,10,20,20,30,99,76,0,45,10237
20161025,12,30,20,20,30,97,73,0,38,10241
20161025,13,50,20,20,40,95,72,0,26,10244
20161025,14,40,20,30,40,96,76,0,34,10245
20161025,15,40,20,20,40,94,75,0,24,10251
20161025,16,60,30,20,50,91,76,0,6,10255
20161025,17,50,10,10,20,89,78,0,0,10258
20161025,18,40,10,10,20,88,77,0,0,10265
20161025,19,80,10,10,20,87,78,0,0,10269
20161025,20,90,10,10,20,87,74,0,0,10273
20161025,21,60,10,10,20,87,74,0,0,10273
20161025,22,0,10,0,10,84,77,0,0,10274
20161025,23,140,0,10,10,82,79,0,0,10275
20161025,24,80,0,10,10,83,77,0,0,10277
20161026,1,120,10,20,20,82,75,0,0,10273
20161026,2,100,10,10,20,82,74,0,0,10277
20161026,3,80,10,10,20,76,73,0,0,10277
20161026,4,290,0,10,10,69,66,0,0,10281
20161026,5,150,10,10,10,71,68,0,0,10280
20161026,6,150,10,10,20,48,47,0,0,10281
20161026,7,150,10,10,20,47,47,3,5,10282
20161026,8,150,10,10,20,76,73,10,40,10287
20161026,9,190,10,10,20,94,77,2,57,10288
20161026,10,220,20,20,40,110,69,5,88,10290
20161026,11,210,30,30,50,117,75,6,108,10289
20161026,12,210,30,30,60,119,82,5,103,10288
20161026,13,200,30,30,50,111,84,0,16,10286
20161026,14,210,30,30,50,116,86,0,39,10284
20161026,15,190,30,30,50,117,87,5,47,10285
20161026,16,200,30,30,40,120,90,7,14,10284
20161026,17,200,30,30,40,111,88,0,1,10280
20161026,18,210,20,20,50,97,86,0,0,10290
20161026,19,210,20,20,40,98,86,0,0,10295
20161026,20,210,30,30,50,106,89,0,0,10297
20161026,21,200,30,30,50,101,85,0,0,10295
20161026,22,210,30,30,50,99,84,0,0,10295
20161026,23,200,30,30,50,103,86,0,0,10291
20161026,24,220,30,30,50,107,94,0,0,10297
20161027,1,230,30,30,60,106,96,0,0,10297
20161027,2,230,30,20,60,106,100,0,0,10297
20161027,3,220,20,20,50,105,100,0,0,10295
20161027,4,220,20,20,40,107,103,0,0,10301
20161027,5,220,20,20,40,106,103,0,0,10302
20161027,6,220,20,30,50,105,105,0,0,10306
20161027,7,210,30,30,50,106,105,0,1,10309
20161027,8,210,30,30,60,110,109,0,11,10315
20161027,9,220,40,40,80,111,108,0,22,10319
20161027,10,220,40,40,70,118,111,0,33,10320
20161027,11,220,40,50,70,125,106,1,49,10318
20161027,12,230,40,50,80,133,106,2,68,10318
20161027,13,220,40,40,90,134,105,2,43,10315
20161027,14,220,40,40,70,132,105,6,69,10314
20161027,15,220,40,50,80,133,105,0,19,10312
20161027,16,220,30,40,80,131,106,0,7,10308
20161027,17,230,40,40,80,125,102,0,1,10311
20161027,18,220,30,30,70,120,103,0,0,10309
20161027,19,230,40,40,70,119,98,0,0,10306
20161027,20,220,40,40,70,118,101,0,0,10306
20161027,21,220,40,30,70,116,103,0,0,10307
20161027,22,230,40,40,80,123,111,0,0,10306
20161027,23,220,50,50,90,123,109,0,0,10304
20161027,24,220,40,50,80,125,108,0,0,10301
20161028,1,230,50,50,80,127,107,0,0,10303
20161028,2,230,40,40,80,128,108,0,0,10298
20161028,3,230,40,40,80,128,109,0,0,10298
20161028,4,230,40,40,70,128,110,0,0,10298
20161028,5,220,40,40,70,127,111,0,0,10295
20161028,6,230,40,40,70,127,111,0,0,10298
20161028,7,230,30,40,60,128,112,0,1,10306
20161028,8,230,40,40,70,132,114,0,8,10308
20161028,9,240,40,40,80,135,115,0,21,10312
20161028,10,240,40,30,70,137,119,0,18,10317
20161028,11,240,30,30,70,142,123,0,22,10319
20161028,12,270,30,30,60,147,123,0,22,10319
20161028,13,280,30,30,70,144,126,0,20,10322
20161028,14,280,30,30,70,143,127,0,16,10324
20161028,15,280,30,20,50,144,126,0,7,10325
20161028,16,270,20,20,40,142,125,0,5,10328
20161028,17,280,20,20,40,139,122,0,0,10334
20161028,18,280,20,20,40,136,121,0,0,10338
20161028,19,280,20,20,40,131,119,0,0,10340
20161028,20,280,20,10,40,125,116,0,0,10342
20161028,21,260,20,20,30,120,112,0,0,10343
20161028,22,270,20,10,30,111,106,0,0,10344
20161028,23,300,10,10,20,106,103,0,0,10345
20161028,24,0,10,0,30,105,101,0,0,10343
20161029,1,0,0,0,10,88,87,0,0,10341
20161029,2,260,10,10,20,87,84,0,0,10342
20161029,3,300,0,10,20,93,90,0,0,10343
20161029,4,990,10,10,20,91,88,0,0,10342
20161029,5,0,0,0,10,71,71,0,0,10345
20161029,6,0,0,0,10,64,64,0,0,10345
20161029,7,160,10,10,10,56,56,0,2,10352
20161029,8,220,10,10,20,94,89,8,29,10353
20161029,9,0,0,0,20,130,90,10,77,10356
20161029,10,300,10,20,20,140,95,10,111,10357
20161029,11,300,20,20,30,143,94,9,107,10355
20161029,12,320,20,20,40,146,87,9,118,10348
20161029,13,310,10,20,30,151,87,6,87,10342
20161029,14,360,20,20,30,146,86,6,65,10337
20161029,15,290,20,10,40,143,89,7,45,10335
20161029,16,300,10,10,30,121,94,7,18,10330
20161029,17,320,10,10,20,88,83,0,0,10331
20161029,18,0,10,0,20,72,69,0,0,10335
20161029,19,0,0,0,10,64,62,0,0,10336
20161029,20,0,0,0,10,55,54,0,0,10334
20161029,21,0,0,0,10,68,67,0,0,10334
20161029,22,0,0,0,10,71,67,0,0,10330
20161029,23,0,0,0,10,65,61,0,0,10330
20161029,24,0,0,0,10,52,52,0,0,10330
20161030,1,0,0,0,0,47,47,0,0,10328
20161030,2,0,0,0,0,53,50,0,0,10322
20161030,3,90,0,10,20,51,48,0,0,10317
20161030,4,100,10,10,10,46,43,0,0,10317
20161030,5,170,10,10,20,47,44,0,0,10312
20161030,6,130,10,10,10,48,45,0,0,10313
20161030,7,200,10,10,20,43,43,0,2,10315
20161030,8,0,10,0,10,74,71,10,32,10316
20161030,9,0,0,0,10,105,98,8,70,10318
20161030,10,990,10,10,10,131,97,10,115,10317
20161030,11,990,10,10,20,136,98,6,90,10316
20161030,12,150,10,10,20,144,99,7,110,10312
20161030,13,0,10,0,20,150,97,4,83,10309
20161030,14,160,10,10,20,145,102,0,49,10305
20161030,15,990,10,10,10,143,102,5,36,10304
20161030,16,40,10,10,20,121,102,0,7,10302
20161030,17,50,10,20,30,93,89,0,0,10303
20161030,18,40,10,10,10,75,73,0,0,10304
20161030,19,0,0,0,10,74,73,0,0,10305
20161030,20,70,10,20,20,70,70,0,0,10306
20161030,21,90,20,20,20,81,78,0,0,10307
20161030,22,0,10,0,20,79,76,0,0,10306
20161030,23,110,10,10,10,72,71,0,0,10302
20161030,24,130,10,10,10,68,65,0,0,10301
20161031,1,110,10,10,10,61,60,0,0,10299
20161031,2,50,10,10,20,50,49,0,0,10297
20161031,3,350,10,10,20,51,51,0,0,10295
20161031,4,60,10,10,20,40,39,0,0,10293
20161031,5,10,10,10,10,32,31,0,0,10291
20161031,6,130,10,10,20,29,29,0,0,10288
20161031,7,120,10,10,20,38,37,0,2,10291
20161031,8,120,10,20,20,70,70,8,27,10291
20161031,9,140,10,20,20,102,83,10,71,10290
20161031,10,140,10,10,20,123,92,10,107,10288
20161031,11,140,10,10,20,137,94,10,125,10287
20161031,12,100,10,10,20,152,94,10,130,10282
20161031,13,150,20,20,30,157,90,10,120,10277
20161031,14,160,20,20,30,159,92,10,95,10273
20161031,15,160,20,20,30,154,93,10,58,10269
20161031,16,160,10,10,20,120,98,3,14,10268
20161031,17,0,10,0,20,89,85,0,0,10268
20161031,18,0,10,0,20,76,74,0,0,10268
20161031,19,130,10,10,20,71,70,0,0,10265
20161031,20,160,10,20,20,71,70,0,0,10262
20161031,21,150,10,10,20,64,63,0,0,10262
20161031,22,160,20,20,30,63,63,0,0,10257
20161031,23,180,20,10,30,68,67,0,0,10253
20161031,24,150,10,10,20,68,68,0,0,10244
20161101,1,180,10,10,10,67,66,0,0,10240
20161101,2,150,10,10,20,61,60,0,0,10234
20161101,3,170,10,10,20,46,45,0,0,10228
20161101,4,180,10,10,10,43,43,0,0,10224
20161101,5,180,10,10,10,44,44,0,0,10221
20161101,6,170,10,10,20,48,48,0,0,10215
20161101,7,160,10,10,20,54,51,2,3,10216
20161101,8,140,10,10,10,70,67,3,20,10212
20161101,9,180,10,10,10,89,86,0,41,10211
20161101,10,190,10,10,20,118,114,1,48,10207
20161101,11,290,10,10,30,129,122,0,35,10208
20161101,12,350,20,20,40,135,121,0,44,10203
20161101,13,340,20,30,50,134,109,0,20,10201
20161101,14,340,20,30,80,134,106,0,27,10198
20161101,15,360,50,40,80,106,102,0,7,10202
20161101,16,360,40,40,90,100,90,0,3,10205
20161101,17,330,20,10,70,98,92,0,0,10206
20161101,18,320,20,20,30,98,86,0,0,10208
20161101,19,330,20,20,30,93,78,0,0,10207
20161101,20,290,10,10,20,64,60,0,0,10206
20161101,21,270,20,20,20,49,46,0,0,10205
20161101,22,300,20,10,30,54,49,0,0,10204
20161101,23,280,20,20,30,52,48,0,0,10202
20161101,24,290,20,20,40,65,59,0,0,10201
20161102,1,250,20,20,30,72,61,0,0,10198
20161102,2,240,20,20,40,58,54,0,0,10193
20161102,3,250,20,20,40,61,55,0,0,10191
20161102,4,270,20,20,30,73,63,0,0,10188
20161102,5,250,10,20,40,64,60,0,0,10186
20161102,6,270,20,10,70,63,54,0,0,10182
20161102,7,310,20,20,70,68,56,0,0,10186
20161102,8,240,10,20,30,70,60,2,16,10187
20161102,9,270,20,20,40,90,61,10,73,10188
20161102,10,290,30,30,70,100,58,10,102,10189
20161102,11,290,40,40,70,106,56,8,105,10187
20161102,12,330,40,30,70,106,63,8,114,10185
20161102,13,300,40,40,90,113,60,10,119,10184
20161102,14,300,40,40,160,105,60,5,76,10188
20161102,15,280,30,30,100,92,66,2,24,10184
20161102,16,280,30,40,100,86,69,2,7,10188
20161102,17,300,20,20,50,72,60,0,0,10191
20161102,18,270,20,10,40,56,52,0,0,10193
20161102,19,270,20,20,30,55,51,0,0,10196
20161102,20,270,20,20,40,62,53,0,0,10198
20161102,21,240,20,20,30,48,44,0,0,10200
20161102,22,240,20,20,40,51,47,0,0,10202
20161102,23,230,10,20,30,30,28,0,0,10203
20161102,24,230,20,10,30,24,23,0,0,10204
20161103,1,230,10,20,30,17,17,0,0,10207
20161103,2,280,20,20,30,36,32,0,0,10209
20161103,3,230,20,20,30,27,24,0,0,10208
20161103,4,220,10,20,30,19,19,0,0,10206
20161103,5,230,10,20,30,12,10,0,0,10208
20161103,6,230,20,20,30,9,9,0,0,10209
20161103,7,200,10,20,20,16,14,0,1,10211
20161103,8,190,10,10,20,36,33,10,22,10214
20161103,9,990,10,10,30,76,69,10,58,10216
20161103,10,230,20,20,40,101,71,10,85,10214
20161103,11,240,30,30,50,117,72,10,121,10212
20161103,12,240,40,40,70,108,72,4,89,10208
20161103,13,240,30,40,60,109,66,1,60,10206
20161103,14,240,30,30,60,108,75,0,32,10204
20161103,15,260,30,30,70,96,87,0,14,10201
20161103,16,220,20,20,50,94,83,0,4,10198
20161103,17,210,20,20,40,92,81,0,0,10195
20161103,18,220,30,30,40,84,67,0,0,10194
20161103,19,210,30,30,60,80,55,0,0,10191
20161103,20,210,30,30,50,76,55,0,0,10189
20161103,21,200,30,30,60,75,53,0,0,10182
20161103,22,200,30,30,50,70,48,0,0,10177
20161103,23,210,30,30,60,70,46,0,0,10174
20161103,24,210,40,40,70,71,46,0,0,10167
20161104,1,210,50,40,80,67,45,0,0,10163
20161104,2,200,40,40,70,68,45,0,0,10155
20161104,3,210,50,50,80,70,48,0,0,10152
20161104,4,200,40,40,60,69,46,0,0,10145
20161104,5,200,40,40,70,70,49,0,0,10139
20161104,6,190,40,40,60,70,51,0,0,10134
20161104,7,190,40,30,80,69,50,0,0,10131
20161104,8,190,40,30,70,69,46,0,3,10127
20161104,9,200,30,30,70,72,46,0,12,10124
20161104,10,190,40,40,80,75,50,0,22,10121
20161104,11,200,40,40,80,87,50,0,36,10115
20161104,12,210,40,40,70,92,47,0,54,10107
20161104,13,210,40,40,70,94,52,7,66,10100
20161104,14,190,30,30,70,96,56,0,47,10092
20161104,15,180,30,30,50,94,56,0,24,10086
20161104,16,190,40,30,60,84,50,5,9,10082
20161104,17,180,30,30,60,80,52,0,0,10077
20161104,18,160,30,20,60,72,51,0,0,10069
20161104,19,190,30,30,50,78,54,0,0,10065
20161104,20,210,40,40,80,76,58,0,0,10061
20161104,21,190,40,30,80,71,59,0,0,10053
20161104,22,180,30,40,60,69,59,0,0,10047
20161104,23,180,30,40,70,67,59,0,0,10039
20161104,24,180,40,40,70,63,57,0,0,10031
20161105,1,180,30,30,60,61,57,0,0,10023
20161105,2,200,30,20,60,60,57,0,0,10017
20161105,3,210,30,20,50,61,58,0,0,10013
20161105,4,230,20,20,40,65,62,0,0,10010
20161105,5,230,20,20,40,68,65,0,0,10006
20161105,6,230,20,20,40,68,65,0,0,10003
20161105,7,230,20,20,20,53,53,0,0,10004
20161105,8,200,20,20,30,60,57,0,8,10005
20161105,9,230,20,30,40,71,68,5,42,10006
20161105,10,220,30,20,60,77,66,0,33,10006
20161105,11,210,30,30,50,100,72,10,118,10001
20161105,12,270,30,40,70,101,49,8,101,9997
20161105,13,260,40,20,90,87,55,2,30,9996
20161105,14,230,30,40,80,84,63,1,32,9993
20161105,15,250,30,20,50,85,53,2,19,9990
20161105,16,240,30,30,90,72,42,2,8,9990
20161105,17,230,30,40,60,70,54,0,0,9991
20161105,18,230,30,20,60,58,50,0,0,9990
20161105,19,230,20,30,40,56,49,0,0,9988
20161105,20,270,30,20,70,64,52,0,0,9990
20161105,21,250,20,20,30,65,53,0,0,9991
20161105,22,300,30,30,90,63,40,0,0,9991
20161105,23,240,30,40,70,56,41,0,0,9992
20161105,24,250,30,20,70,54,30,0,0,9989
20161106,1,240,30,30,60,61,30,0,0,9986
20161106,2,240,40,40,100,60,28,0,0,9982
20161106,3,230,40,30,60,59,34,0,0,9980
20161106,4,260,30,40,70,65,40,0,0,9980
20161106,5,230,40,40,60,61,48,0,0,9975
20161106,6,240,30,30,60,59,46,0,0,9974
20161106,7,230,20,30,50,60,48,0,0,9977
20161106,8,320,30,20,70,64,54,2,10,9977
20161106,9,220,40,40,70,70,60,3,48,9975
20161106,10,240,40,30,80,72,64,5,70,9978
20161106,11,210,40,30,60,84,72,2,48,9975
20161106,12,260,30,30,50,85,63,6,71,9974
20161106,13,240,20,20,40,80,66,0,26,9973
20161106,14,240,30,40,50,86,66,2,45,9973
20161106,15,240,30,30,70,81,60,7,40,9975
20161106,16,230,30,30,50,71,58,3,7,9975
20161106,17,220,30,30,60,68,62,0,0,9979
20161106,18,230,30,30,50,60,55,0,0,9980
20161106,19,200,30,20,40,52,48,0,0,9984
20161106,20,160,20,20,40,47,43,0,0,9988
20161106,21,110,10,20,20,30,27,0,0,9992
20161106,22,150,20,20,30,28,25,0,0,9996
20161106,23,130,20,10,20,26,23,0,0,10003
20161106,24,120,10,20,20,27,27,0,0,10009
20161107,1,150,10,10,20,30,29,0,0,10016
20161107,2,110,20,20,30,45,42,0,0,10023
20161107,3,60,10,10,30,48,45,0,0,10028
20161107,4,40,10,10,10,50,47,0,0,10035
20161107,5,350,20,20,30,53,50,0,0,10039
20161107,6,30,20,20,30,55,52,0,0,10044
20161107,7,30,20,20,40,57,54,0,0,10053
20161107,8,40,40,50,90,54,48,0,3,10059
20161107,9,40,50,60,90,47,37,0,13,10066
20161107,10,40,50,40,80,46,37,0,23,10072
20161107,11,40,40,40,70,45,34,0,34,10077
20161107,12,30,30,30,50,49,38,0,24,10079
20161107,13,10,40,40,70,48,38,0,11,10082
20161107,14,30,30,30,60,51,35,0,23,10085
20161107,15,30,30,30,70,49,34,3,22,10088
20161107,16,20,30,30,60,46,30,0,3,10091
20161107,17,10,30,30,50,44,30,0,0,10095
20161107,18,20,30,30,50,42,26,0,0,10098
20161107,19,20,20,30,40,41,27,0,0,10100
20161107,20,360,20,20,40,37,25,0,0,10104
20161107,21,360,20,20,40,35,22,0,0,10105
20161107,22,10,20,20,30,26,16,0,0,10105
20161107,23,350,20,20,30,13,10,0,0,10104
20161107,24,320,10,10,20,-1,-3,0,0,10100
20161108,1,30,10,10,30,-3,-7,0,0,10101
20161108,2,90,10,10,10,-13,-14,0,0,10100
20161108,3,320,10,10,10,-18,-20,0,0,10099
20161108,4,310,10,10,10,-13,-15,0,0,10099
20161108,5,0,0,0,10,-21,-23,0,0,10096
20161108,6,110,10,10,10,-24,-26,0,0,10096
20161108,7,140,10,10,10,-28,-30,0,0,10097
20161108,8,140,10,10,10,-9,-11,7,24,10098
20161108,9,200,10,10,20,9,5,8,73,10101
20161108,10,160,10,10,20,26,23,2,54,10102
20161108,11,200,20,10,30,37,25,7,74,10100
20161108,12,150,10,20,30,44,29,0,57,10095
20161108,13,160,20,20,30,49,31,0,42,10091
20161108,14,180,20,30,40,52,18,3,55,10088
20161108,15,150,30,20,40,51,18,0,18,10087
20161108,16,140,20,20,50,44,16,0,5,10085
20161108,17,120,30,30,40,35,13,0,0,10081
20161108,18,130,30,30,50,39,18,0,0,10078
20161108,19,170,30,30,70,33,22,0,0,10077
20161108,20,140,20,20,40,33,28,0,0,10072
20161108,21,200,20,30,50,40,30,0,0,10068
20161108,22,210,30,30,60,36,27,0,0,10062
20161108,23,200,30,20,50,35,25,0,0,10061
20161108,24,180,30,30,50,29,15,0,0,10056
20161109,1,180,30,30,60,23,13,0,0,10054
20161109,2,160,30,30,50,18,11,0,0,10044
20161109,3,160,20,30,40,9,6,0,0,10038
20161109,4,150,30,30,50,6,3,0,0,10032
20161109,5,140,30,30,50,10,5,0,0,10027
20161109,6,140,30,30,50,14,8,0,0,10022
20161109,7,130,30,30,50,17,12,0,0,10022
20161109,8,120,30,20,40,23,16,0,5,10021
20161109,9,120,30,40,60,30,21,0,12,10018
20161109,10,110,40,50,70,36,29,0,32,10014
20161109,11,110,40,40,60,39,31,0,20,10009
20161109,12,120,40,40,60,39,32,0,19,10005
20161109,13,110,40,40,70,41,34,0,15,9999
20161109,14,90,40,40,60,43,39,0,15,9997
20161109,15,100,40,30,50,42,37,0,8,9997
20161109,16,90,30,30,40,41,35,0,2,9997
20161109,17,60,30,30,50,39,35,0,0,10000
20161109,18,50,20,20,30,38,35,0,0,10002
20161109,19,70,20,30,40,38,32,0,0,10005
20161109,20,40,20,20,30,35,31,0,0,10010
20161109,21,40,10,20,20,35,31,0,0,10014
20161109,22,350,10,10,20,35,31,0,0,10021
20161109,23,20,10,10,20,36,33,0,0,10027
20161109,24,60,10,10,20,35,32,0,0,10031
20161110,1,0,10,0,20,35,30,0,0,10034
20161110,2,70,10,10,20,31,28,0,0,10034
20161110,3,140,10,10,10,34,31,0,0,10036
20161110,4,90,20,20,30,35,32,0,0,10036
20161110,5,90,20,20,30,35,31,0,0,10040
20161110,6,70,20,30,40,34,30,0,0,10044
20161110,7,50,30,20,40,33,28,0,0,10050
20161110,8,100,30,30,40,34,31,2,10,10051
20161110,9,60,30,20,60,35,31,0,24,10057
20161110,10,90,30,30,50,40,32,0,47,10061
20161110,11,70,20,30,40,42,32,0,30,10060
20161110,12,70,20,30,30,42,33,0,34,10058
20161110,13,130,20,20,30,47,33,0,27,10057
20161110,14,160,10,20,30,49,38,0,11,10055
20161110,15,130,20,20,30,52,41,0,13,10052
20161110,16,120,20,30,40,47,43,0,4,10050
20161110,17,70,20,10,40,48,48,0,0,10053
20161110,18,90,20,30,40,49,46,0,0,10047
20161110,19,40,20,20,50,50,43,0,0,10048
20161110,20,70,30,30,50,45,41,0,0,10050
20161110,21,70,40,40,50,38,33,0,0,10054
20161110,22,50,30,30,50,36,30,0,0,10062
20161110,23,40,30,40,60,34,28,0,0,10071
20161110,24,30,30,30,70,33,27,0,0,10079
20161111,1,20,30,40,70,36,30,0,0,10089
20161111,2,10,40,50,90,34,29,0,0,10103
20161111,3,30,50,50,90,33,24,0,0,10110
20161111,4,20,50,50,80,31,20,0,0,10123
20161111,5,30,40,50,80,30,15,0,0,10136
20161111,6,20,40,30,80,28,13,0,0,10153
20161111,7,10,30,20,60,19,12,0,0,10168
20161111,8,350,30,30,40,16,11,0,8,10181
20161111,9,360,30,20,50,32,14,8,54,10191
20161111,10,30,30,30,60,45,14,10,88,10201
20161111,11,20,30,30,60,52,16,10,111,10208
20161111,12,30,40,30,60,56,13,10,116,10213
20161111,13,30,40,40,70,55,2,10,104,10217
20161111,14,30,30,30,70,53,3,10,75,10224
20161111,15,30,30,20,50,47,-2,10,39,10232
20161111,16,40,20,10,40,22,5,2,7,10237
20161111,17,330,10,20,20,1,-3,0,0,10246
20161111,18,360,10,10,20,-12,-16,0,0,10249
20161111,19,50,10,10,10,-17,-19,0,0,10250
20161111,20,10,10,10,10,-21,-23,0,0,10254
20161111,21,340,10,10,10,-27,-29,0,0,10258
20161111,22,90,10,20,30,-25,-27,0,0,10258
20161111,23,120,20,20,30,-22,-25,0,0,10256
20161111,24,110,20,10,20,-30,-34,0,0,10256
20161112,1,120,20,20,30,-28,-31,0,0,10251
20161112,2,130,20,20,30,-16,-21,0,0,10252
20161112,3,130,20,20,30,-15,-21,0,0,10249
20161112,4,150,20,20,40,-10,-19,0,0,10246
20161112,5,150,20,20,30,-12,-20,0,0,10242
20161112,6,130,20,20,30,-20,-25,0,0,10241
20161112,7,140,20,20,40,-13,-22,0,0,10239
20161112,8,150,20,30,40,-4,-15,5,14,10235
20161112,9,140,30,30,50,7,-8,5,34,10237
20161112,10,150,30,40,60,24,4,7,71,10234
20161112,11,160,40,50,70,35,7,8,100,10232
20161112,12,160,40,40,70,42,15,3,61,10229
20161112,13,150,40,50,70,45,15,3,64,10222
20161112,14,140,40,40,80,48,18,3,47,10219
20161112,15,140,40,40,70,46,16,7,26,10216
20161112,16,140,40,30,60,43,16,2,5,10214
20161112,17,140,40,40,70,42,13,0,0,10214
20161112,18,140,40,40,70,42,13,0,0,10214
20161112,19,140,40,50,80,42,11,0,0,10214
20161112,20,140,40,40,90,41,10,0,0,10216
20161112,21,140,40,40,70,41,10,0,0,10221
20161112,22,140,40,30,60,38,15,0,0,10219
20161112,23,150,30,30,50,34,20,0,0,10217
20161112,24,140,30,30,40,32,20,0,0,10217
20161113,1,140,30,30,40,31,20,0,0,10216
20161113,2,140,20,30,40,30,21,0,0,10218
20161113,3,140,30,30,50,30,21,0,0,10216
20161113,4,140,30,30,40,30,19,0,0,10221
20161113,5,140,30,30,50,31,18,0,0,10222
20161113,6,140,30,30,40,31,21,0,0,10226
20161113,7,140,30,30,50,30,25,0,0,10232
20161113,8,140,30,30,50,32,25,0,2,10235
20161113,9,150,30,30,50,33,29,0,12,10244
20161113,10,140,30,30,40,37,32,0,17,10246
20161113,11,140,20,20,40,39,34,0,18,10250
20161113,12,120,20,20,40,42,38,0,21,10254
20161113,13,120,30,30,40,44,41,0,23,10255
20161113,14,110,30,30,40,46,39,0,20,10259
20161113,15,110,20,30,40,46,40,0,11,10267
20161113,16,140,30,20,50,42,37,0,3,10270
20161113,17,100,10,10,40,38,33,0,0,10280
20161113,18,90,20,20,30,22,19,0,0,10287
20161113,19,0,10,0,30,10,7,0,0,10296
20161113,20,90,20,30,40,6,3,0,0,10298
20161113,21,80,20,10,50,2,-1,0,0,10306
20161113,22,100,10,10,10,-6,-6,0,0,10307
20161113,23,120,10,10,20,-2,-4,0,0,10309
20161113,24,60,10,10,20,0,-3,0,0,10314
20161114,1,130,10,10,10,-1,-3,0,0,10312
20161114,2,0,10,0,20,-9,-10,0,0,10310
20161114,3,140,10,20,30,-17,-18,0,0,10313
20161114,4,140,20,20,40,-5,-7,0,0,10312
20161114,5,150,20,20,40,3,0,0,0,10316
20161114,6,160,20,10,40,2,-1,0,0,10318
20161114,7,160,20,20,40,6,-1,0,1,10325
20161114,8,160,30,20,50,6,-1,0,9,10325
20161114,9,170,30,30,50,10,1,0,20,10327
20161114,10,170,30,30,40,17,10,0,28,10325
20161114,11,190,30,30,50,26,20,0,32,10317
20161114,12,180,30,40,60,34,29,0,46,10308
20161114,13,190,40,40,70,40,33,0,32,10304
20161114,14,190,40,50,70,41,34,0,16,10299
20161114,15,180,40,40,60,43,39,0,6,10296
20161114,16,180,40,40,60,48,44,0,1,10292
20161114,17,180,40,40,70,54,51,0,0,10289
20161114,18,180,40,50,80,60,56,0,0,10282
20161114,19,190,50,40,80,63,60,0,0,10275
20161114,20,190,40,50,90,64,61,0,0,10274
20161114,21,190,40,40,70,65,62,0,0,10271
20161114,22,200,40,40,80,66,63,0,0,10264
20161114,23,200,40,50,80,67,64,0,0,10257
20161114,24,200,50,50,80,69,66,0,0,10253
20161115,1,210,50,50,80,71,68,0,0,10250
20161115,2,200,50,50,90,72,69,0,0,10244
20161115,3,200,40,40,80,75,72,0,0,10239
20161115,4,210,40,40,70,80,77,0,0,10238
20161115,5,210,40,40,70,85,82,0,0,10232
20161115,6,210,40,30,70,89,86,0,0,10233
20161115,7,230,40,40,60,96,93,0,0,10232
20161115,8,240,40,40,70,100,97,0,2,10234
20161115,9,230,40,40,60,105,105,0,5,10233
20161115,10,240,40,40,70,111,111,0,9,10239
20161115,11,240,30,30,60,118,115,0,13,10234
20161115,12,240,40,30,70,121,118,0,16,10233
20161115,13,240,30,30,70,124,121,0,16,10229
20161115,14,240,30,20,40,127,124,0,12,10224
20161115,15,240,20,20,60,127,124,0,6,10226
20161115,16,270,30,20,50,128,125,0,1,10227
20161115,17,280,20,20,40,127,124,0,0,10227
20161115,18,280,20,20,40,125,122,0,0,10228
20161115,19,270,20,20,30,123,120,0,0,10228
20161115,20,270,20,20,30,122,119,0,0,10227
20161115,21,230,20,20,30,121,118,0,0,10225
20161115,22,230,20,20,30,119,116,0,0,10222
20161115,23,210,20,20,30,115,112,0,0,10216
20161115,24,210,20,20,40,118,115,0,0,10209
20161116,1,200,20,20,40,116,116,0,0,10200
20161116,2,200,20,30,40,115,112,0,0,10194
20161116,3,190,20,20,40,117,114,0,0,10183
20161116,4,200,30,30,50,119,116,0,0,10169
20161116,5,220,30,40,60,122,119,0,0,10157
20161116,6,230,40,40,70,123,120,0,0,10149
20161116,7,240,40,50,90,124,121,0,0,10148
20161116,8,250,40,40,80,127,122,0,1,10147
20161116,9,240,40,50,80,126,121,0,6,10141
20161116,10,240,40,40,100,129,122,0,13,10139
20161116,11,250,50,60,100,135,116,3,38,10133
20161116,12,250,50,60,130,136,103,4,47,10128
20161116,13,250,50,60,130,139,102,9,82,10123
20161116,14,240,50,60,110,134,102,5,43,10118
20161116,15,250,50,50,110,129,99,8,21,10118
20161116,16,250,50,40,110,125,95,2,3,10118
20161116,17,240,40,40,100,123,97,0,0,10114
20161116,18,230,40,40,80,117,98,0,0,10112
20161116,19,230,40,40,80,113,97,0,0,10109
20161116,20,220,50,60,100,114,99,0,0,10103
20161116,21,280,50,40,90,97,87,0,0,10104
20161116,22,230,40,30,90,93,85,0,0,10099
20161116,23,230,40,40,70,97,75,0,0,10096
20161116,24,240,40,30,60,96,80,0,0,10092
20161117,1,230,40,40,60,89,70,0,0,10085
20161117,2,210,30,30,70,77,68,0,0,10076
20161117,3,210,30,30,50,77,66,0,0,10071
20161117,4,200,30,30,60,80,71,0,0,10065
20161117,5,220,30,30,60,82,75,0,0,10059
20161117,6,220,40,40,70,84,70,0,0,10052
20161117,7,220,40,40,90,85,73,0,0,10052
20161117,8,220,40,40,90,83,73,2,6,10051
20161117,9,230,50,30,90,87,61,0,16,10048
20161117,10,210,40,50,90,92,72,0,30,10039
20161117,11,220,60,60,120,105,64,5,74,10030
20161117,12,220,70,70,150,103,63,6,62,10024
20161117,13,220,70,70,140,103,65,0,34,10015
20161117,14,200,60,50,110,107,68,0,26,10002
20161117,15,200,60,60,120,106,78,0,9,9990
20161117,16,190,60,60,110,101,83,0,1,9978
20161117,17,200,60,60,110,101,88,0,0,9967
20161117,18,210,80,80,160,108,91,0,0,9957
20161117,19,210,90,90,150,115,86,0,0,9953
20161117,20,210,80,80,140,109,89,0,0,9949
20161117,21,240,70,80,150,97,78,0,0,9948
20161117,22,240,50,60,150,88,70,0,0,9949
20161117,23,210,50,50,110,83,69,0,0,9943
20161117,24,200,40,40,90,81,67,0,0,9931
20161118,1,200,50,60,100,77,56,0,0,9935
20161118,2,190,50,50,100,77,50,0,0,9915
20161118,3,200,60,60,90,71,49,0,0,9918
20161118,4,210,60,60,100,68,51,0,0,9922
20161118,5,200,50,60,100,67,47,0,0,9919
20161118,6,210,60,60,110,70,46,0,0,9920
20161118,7,220,60,70,110,73,44,0,0,9927
20161118,8,220,60,60,130,73,46,0,5,9936
20161118,9,210,60,60,90,74,51,0,17,9944
20161118,10,210,50,50,90,74,54,0,21,9950
20161118,11,210,60,60,110,69,40,0,35,9956
20161118,12,220,70,70,120,72,34,3,51,9955
20161118,13,210,80,70,120,64,28,8,78,9961
20161118,14,210,70,60,110,66,33,3,44,9964
20161118,15,210,60,50,120,65,34,0,13,9969
20161118,16,210,60,50,100,64,21,0,1,9973
20161118,17,210,50,60,110,50,22,0,0,9983
20161118,18,210,60,60,120,41,22,0,0,9996
20161118,19,200,50,60,90,34,17,0,0,10000
20161118,20,210,50,40,80,33,19,0,0,10010
20161118,21,210,40,40,70,34,24,0,0,10018
20161118,22,200,40,40,90,34,22,0,0,10022
20161118,23,200,40,50,70,38,25,0,0,10022
20161118,24,190,40,40,70,42,28,0,0,10021
20161119,1,190,40,40,70,44,24,0,0,10016
20161119,2,180,50,50,90,44,23,0,0,10015
20161119,3,190,50,50,90,55,29,0,0,10008
20161119,4,200,50,50,90,55,29,0,0,10013
20161119,5,210,50,50,90,56,32,0,0,10015
20161119,6,200,50,50,90,56,31,0,0,10015
20161119,7,210,60,60,110,57,29,0,0,10020
20161119,8,210,50,40,80,54,34,0,4,10030
20161119,9,200,40,50,90,58,36,0,16,10032
20161119,10,220,50,60,110,64,35,0,32,10037
20161119,11,210,50,60,110,74,36,7,90,10036
20161119,12,210,60,60,100,76,37,10,105,10040
20161119,13,210,60,60,100,78,36,0,51,10042
20161119,14,210,60,50,110,77,32,10,51,10042
20161119,15,200,60,60,100,71,36,8,34,10046
20161119,16,200,50,50,90,64,31,0,2,10047
20161119,17,200,50,40,80,58,25,0,0,10048
20161119,18,190,40,40,70,53,24,0,0,10048
20161119,19,180,40,50,70,55,25,0,0,10046
20161119,20,170,40,30,60,50,28,0,0,10042
20161119,21,160,40,30,70,50,26,0,0,10034
20161119,22,160,30,40,60,50,27,0,0,10026
20161119,23,170,40,40,70,53,26,0,0,10019
20161119,24,160,40,40,70,50,24,0,0,10014
20161120,1,150,40,40,70,52,26,0,0,10002
20161120,2,140,50,50,80,53,26,0,0,9990
20161120,3,130,60,50,100,54,26,0,0,9972
20161120,4,130,60,60,100,59,24,0,0,9952
20161120,5,130,80,80,130,62,26,0,0,9928
20161120,6,140,90,80,180,65,28,0,0,9900
20161120,7,130,90,90,160,60,36,0,0,9883
20161120,8,150,80,100,160,70,38,0,1,9874
20161120,9,150,90,90,150,78,48,0,7,9860
20161120,10,170,80,90,150,104,71,0,16,9850
20161120,11,190,90,100,180,115,73,0,18,9846
20161120,12,210,130,130,260,123,55,0,14,9856
20161120,13,220,130,150,240,118,63,0,14,9874
20161120,14,230,120,100,240,116,63,0,13,9896
20161120,15,230,100,90,210,105,55,0,7,9922
20161120,16,230,110,110,210,99,50,0,3,9942
20161120,17,230,90,80,190,98,55,0,0,9962
20161120,18,240,70,60,140,94,59,0,0,9973
20161120,19,230,50,50,120,91,59,0,0,9981
20161120,20,220,40,40,80,87,57,0,0,9983
20161120,21,200,30,20,80,83,61,0,0,9992
20161120,22,150,20,30,40,77,63,0,0,9990
20161120,23,140,20,20,30,76,71,0,0,9993
20161120,24,130,30,40,50,81,78,0,0,9986
20161121,1,130,40,40,60,86,82,0,0,9983
20161121,2,140,30,30,60,95,92,0,0,9981
20161121,3,130,40,40,60,101,97,0,0,9974
20161121,4,140,40,40,70,104,98,0,0,9973
20161121,5,170,40,40,80,114,97,0,0,9975
20161121,6,170,40,30,100,116,100,0,0,9976
20161121,7,160,30,40,60,119,101,0,0,9976
20161121,8,150,30,30,60,116,103,0,4,9977
20161121,9,140,40,50,70,123,104,0,18,9977
20161121,10,140,40,40,70,128,101,0,23,9978
20161121,11,140,40,50,80,133,103,0,21,9973
20161121,12,140,50,50,100,138,101,1,47,9969
20161121,13,140,50,60,90,139,97,0,40,9967
20161121,14,140,60,50,90,135,104,0,21,9963
20161121,15,140,60,50,90,132,100,0,11,9958
20161121,16,140,60,50,100,129,95,0,2,9958
20161121,17,150,60,50,100,131,97,0,0,9964
20161121,18,160,50,50,80,126,104,0,0,9973
20161121,19,130,60,50,110,125,103,0,0,9963
20161121,20,160,50,40,80,118,97,0,0,9975
20161121,21,160,40,40,80,116,95,0,0,9983
20161121,22,170,40,40,80,118,94,0,0,9988
20161121,23,150,50,50,90,118,90,0,0,9986
20161121,24,170,50,60,100,121,86,0,0,9995
20161122,1,160,60,60,110,123,82,0,0,9992
20161122,2,170,60,60,110,120,79,0,0,10001
20161122,3,170,60,60,110,121,75,0,0,10005
20161122,4,170,60,60,120,117,71,0,0,10010
20161122,5,170,60,60,110,112,70,0,0,10019
20161122,6,180,60,50,110,109,66,0,0,10030
20161122,7,170,60,60,110,109,62,0,0,10039
20161122,8,170,50,60,100,109,64,2,6,10051
20161122,9,180,60,60,120,111,65,2,23,10062
20161122,10,180,60,60,100,119,65,3,52,10070
20161122,11,190,60,60,100,124,65,3,63,10078
20161122,12,180,60,60,110,129,63,6,73,10078
20161122,13,200,60,60,110,132,62,8,78,10080
20161122,14,200,60,60,110,136,61,10,67,10083
20161122,15,200,40,30,110,123,60,7,20,10094
20161122,16,170,30,20,60,116,61,0,1,10100
20161122,17,170,30,20,50,108,64,0,0,10106
20161122,18,170,20,20,50,102,70,0,0,10122
20161122,19,160,20,20,50,97,70,0,0,10128
20161122,20,160,30,20,40,94,70,0,0,10136
20161122,21,160,20,20,40,88,68,0,0,10142
20161122,22,190,30,20,40,91,67,0,0,10146
20161122,23,170,20,30,40,79,63,0,0,10148
20161122,24,200,20,30,50,82,64,0,0,10149
20161123,1,150,20,20,40,53,48,0,0,10153
20161123,2,140,10,10,20,59,55,0,0,10153
20161123,3,0,10,0,10,45,44,0,0,10156
20161123,4,120,10,10,20,39,36,0,0,10157
20161123,5,100,20,20,20,38,35,0,0,10160
20161123,6,120,10,10,20,48,45,0,0,10164
20161123,7,360,10,10,10,60,57,0,0,10173
20161123,8,30,10,10,20,68,62,0,1,10176
20161123,9,50,10,20,30,74,66,0,2,10178
20161123,10,40,20,20,40,86,71,0,10,10181
20161123,11,40,30,30,50,98,75,0,32,10182
20161123,12,40,30,30,50,106,77,0,37,10179
20161123,13,40,30,30,70,110,80,0,43,10178
20161123,14,40,30,40,60,109,80,0,22,10179
20161123,15,30,30,30,50,107,80,5,14,10183
20161123,16,30,30,30,60,99,78,0,3,10187
20161123,17,40,30,30,60,94,78,0,0,10193
20161123,18,40,30,40,60,92,78,0,0,10196
20161123,19,50,40,40,70,88,76,0,0,10199
20161123,20,40,40,40,70,87,75,0,0,10204
20161123,21,40,40,50,80,85,72,0,0,10207
20161123,22,40,50,50,90,85,64,0,0,10206
20161123,23,40,50,60,90,80,60,0,0,10212
20161123,24,40,50,50,110,83,67,0,0,10215
20161124,1,50,50,50,80,83,68,0,0,10219
20161124,2,40,50,50,100,85,69,0,0,10220
20161124,3,30,50,40,100,84,69,0,0,10221
20161124,4,50,60,60,110,83,67,0,0,10222
20161124,5,40,50,50,100,75,59,0,0,10224
20161124,6,40,40,40,70,70,51,0,0,10228
20161124,7,40,40,40,80,68,46,0,0,10230
20161124,8,40,50,50,90,68,46,0,4,10236
20161124,9,40,50,60,100,70,40,0,19,10237
20161124,10,50,70,80,120,77,32,0,40,10240
20161124,11,60,70,80,130,82,27,2,52,10236
20161124,12,60,80,70,150,86,27,10,80,10234
20161124,13,50,80,70,130,83,24,10,73,10233
20161124,14,60,70,70,120,85,23,10,63,10235
20161124,15,40,50,50,120,74,25,8,25,10233
20161124,16,40,60,60,100,63,21,0,3,10230
20161124,17,50,60,60,130,60,18,0,0,10234
20161124,18,40,60,50,90,54,14,0,0,10236
20161124,19,40,50,60,90,50,13,0,0,10242
20161124,20,40,60,70,100,46,14,0,0,10242
20161124,21,40,70,70,110,42,11,0,0,10239
20161124,22,40,60,60,110,39,9,0,0,10236
20161124,23,50,60,50,90,34,10,0,0,10243
20161124,24,40,50,50,80,30,8,0,0,10236
20161125,1,40,50,60,90,27,9,0,0,10231
20161125,2,50,70,70,120,27,7,0,0,10228
20161125,3,60,60,50,100,21,0,0,0,10229
20161125,4,40,50,60,100,13,-4,0,0,10229
20161125,5,50,50,50,100,14,-10,0,0,10226
20161125,6,40,40,40,80,12,-16,0,0,10224
20161125,7,40,40,30,70,12,-16,0,0,10227
20161125,8,40,30,30,60,18,-18,3,8,10228
20161125,9,40,30,30,60,32,-19,10,39,10229
20161125,10,40,40,30,60,47,-18,10,59,10232
20161125,11,60,40,50,80,67,-24,10,83,10227
20161125,12,60,50,50,80,78,-36,10,101,10222
20161125,13,50,50,40,90,83,-30,10,89,10220
20161125,14,50,50,50,100,80,-28,10,63,10214
20161125,15,40,40,50,80,67,-11,10,36,10214
20161125,16,50,50,50,90,54,-9,0,6,10217
20161125,17,60,40,30,80,44,-17,0,0,10221
20161125,18,50,30,40,60,38,-19,0,0,10221
20161125,19,60,30,30,70,30,-18,0,0,10222
20161125,20,50,30,20,60,21,-18,0,0,10223
20161125,21,50,30,30,40,15,-18,0,0,10225
20161125,22,30,20,20,40,9,-17,0,0,10225
20161125,23,50,20,30,40,-3,-21,0,0,10224
20161125,24,70,20,10,40,-5,-19,0,0,10222
20161126,1,50,20,30,50,0,-18,0,0,10221
20161126,2,40,20,20,50,-4,-16,0,0,10223
20161126,3,50,20,20,40,-12,-21,0,0,10219
20161126,4,60,10,20,30,-16,-22,0,0,10213
20161126,5,20,10,20,30,-15,-23,0,0,10213
20161126,6,50,20,20,30,-17,-26,0,0,10214
20161126,7,40,10,20,30,-20,-27,0,0,10213
20161126,8,30,10,10,30,-19,-28,3,8,10214
20161126,9,50,10,10,30,-14,-25,7,30,10215
20161126,10,70,10,10,30,5,-13,10,99,10213
20161126,11,60,20,10,30,20,-8,10,95,10211
20161126,12,990,10,10,20,32,-4,10,80,10204
20161126,13,360,10,20,30,20,-10,2,34,10201
20161126,14,60,20,10,40,10,-8,2,30,10198
20161126,15,30,10,10,20,8,-9,8,19,10197
20161126,16,60,10,10,20,-10,-18,0,1,10198
20161126,17,0,0,0,10,-16,-22,0,0,10199
20161126,18,0,0,0,10,-18,-24,0,0,10200
20161126,19,0,10,0,10,-19,-23,0,0,10200
20161126,20,0,0,0,10,-10,-15,0,0,10197
20161126,21,230,0,10,10,-1,-3,0,0,10200
20161126,22,0,0,0,10,10,4,0,0,10199
20161126,23,220,0,10,10,22,14,0,0,10198
20161126,24,240,10,10,20,31,23,0,0,10195
20161127,1,270,10,20,30,43,39,0,0,10193
20161127,2,290,10,10,30,48,43,0,0,10197
20161127,3,320,10,20,30,56,53,0,0,10198
20161127,4,330,20,20,40,67,58,0,0,10199
20161127,5,300,10,10,40,61,54,0,0,10202
20161127,6,310,20,20,30,61,53,0,0,10205
20161127,7,350,30,20,50,73,40,0,0,10211
20161127,8,360,20,20,50,71,38,0,2,10217
20161127,9,330,20,20,40,72,39,0,11,10222
20161127,10,340,20,30,50,78,47,2,34,10228
20161127,11,320,20,20,50,82,47,3,54,10226
20161127,12,310,20,20,40,89,41,2,60,10223
20161127,13,340,30,30,50,91,41,2,41,10222
20161127,14,340,20,20,50,91,44,5,36,10223
20161127,15,350,20,30,50,84,40,7,18,10225
20161127,16,350,30,30,60,75,33,0,2,10228
20161127,17,330,20,20,50,53,28,0,0,10231
20161127,18,330,20,20,30,28,19,0,0,10238
20161127,19,330,20,20,30,38,24,0,0,10244
20161127,20,330,10,10,30,17,11,0,0,10248
20161127,21,20,10,10,20,3,1,0,0,10253
20161127,22,40,20,30,40,18,14,0,0,10259
20161127,23,40,40,40,60,25,12,0,0,10266
20161127,24,50,30,30,50,12,-2,0,0,10268
20161128,1,50,30,20,40,2,-10,0,0,10271
20161128,2,40,30,30,40,-4,-17,0,0,10279
20161128,3,50,30,20,40,-15,-26,0,0,10282
20161128,4,30,10,10,30,-30,-35,0,0,10286
20161128,5,40,20,20,30,-24,-30,0,0,10291
20161128,6,30,20,20,30,-34,-40,0,0,10297
20161128,7,30,20,20,30,-33,-41,0,0,10304
20161128,8,50,20,20,30,-20,-31,3,5,10312
20161128,9,50,30,20,40,3,-29,10,33,10319
20161128,10,50,30,30,50,21,-24,10,64,10326
20161128,11,50,30,40,50,35,-24,10,87,10323
20161128,12,70,40,40,60,39,-34,10,95,10324
20161128,13,70,50,50,90,41,-37,10,87,10325
20161128,14,70,40,40,70,40,-35,10,62,10326
20161128,15,60,30,30,60,32,-38,8,30,10330
20161128,16,50,30,30,50,15,-38,0,3,10334
20161128,17,50,30,30,40,2,-38,0,0,10338
20161128,18,40,30,30,40,-2,-36,0,0,10342
20161128,19,50,30,30,40,-9,-38,0,0,10345
20161128,20,60,20,20,40,-26,-42,0,0,10348
20161128,21,80,20,30,50,-20,-38,0,0,10350
20161128,22,90,30,20,50,-17,-38,0,0,10349
20161128,23,80,20,20,40,-29,-41,0,0,10352
20161128,24,70,20,20,30,-33,-44,0,0,10350
20161129,1,80,20,10,30,-36,-47,0,0,10349
20161129,2,20,10,10,20,-54,-62,0,0,10349
20161129,3,40,10,10,20,-63,-70,0,0,10349
20161129,4,60,10,10,20,-64,-70,0,0,10348
20161129,5,70,10,10,20,-67,-74,0,0,10350
20161129,6,40,10,10,20,-68,-75,0,0,10352
20161129,7,50,10,10,10,-67,-77,0,0,10356
20161129,8,0,10,0,10,-56,-64,3,11,10360
20161129,9,110,10,10,10,-29,-42,10,40,10361
20161129,10,140,10,10,10,9,-29,10,90,10363
20161129,11,150,10,20,20,22,-29,10,122,10358
20161129,12,150,10,10,20,33,-43,10,109,10357
20161129,13,180,10,10,20,39,-43,10,89,10353
20161129,14,180,10,10,20,36,-31,10,59,10352
20161129,15,160,10,20,20,23,-36,8,29,10347
20161129,16,170,20,10,30,-12,-39,0,3,10347
20161129,17,160,10,10,20,-26,-40,0,0,10347
20161129,18,170,10,10,20,-39,-49,0,0,10347
20161129,19,160,20,20,30,-45,-57,0,0,10339
20161129,20,0,20,0,30,-42,-55,0,0,10345
20161129,21,0,0,0,10,-58,-66,0,0,10347
20161129,22,220,10,10,20,-59,-66,0,0,10346
20161129,23,200,10,20,30,-62,-69,0,0,10341
20161129,24,230,10,10,30,-60,-68,0,0,10339
20161130,1,0,0,0,10,-68,-76,0,0,10337
20161130,2,200,20,30,30,-67,-76,0,0,10332
20161130,3,210,20,20,30,-56,-66,0,0,10329
20161130,4,200,20,20,30,-61,-71,0,0,10329
20161130,5,210,20,20,40,-29,-44,0,0,10325
20161130,6,210,20,10,30,-43,-54,0,0,10326
20161130,7,220,20,20,40,-30,-45,0,0,10327
20161130,8,210,20,20,40,-10,-22,0,3,10328
20161130,9,220,30,30,60,13,-10,10,29,10327
20161130,10,230,30,30,60,31,-1,10,53,10328
20161130,11,230,30,40,60,40,6,5,60,10325
20161130,12,230,30,40,60,50,16,0,32,10319
20161130,13,240,30,30,60,60,25,0,24,10312
20161130,14,240,30,30,70,68,31,2,30,10306
20161130,15,230,30,30,70,63,34,8,15,10303
20161130,16,240,30,30,60,64,38,0,2,10302
20161130,17,230,30,30,60,59,36,0,0,10299
20161130,18,240,30,40,60,61,39,0,0,10300
20161130,19,260,30,20,50,56,39,0,0,10301
20161130,20,240,20,20,50,55,37,0,0,10301
20161130,21,230,30,20,60,54,38,0,0,10300
20161130,22,240,30,30,50,59,37,0,0,10295
20161130,23,250,30,30,60,62,38,0,0,10294
20161130,24,240,30,30,50,60,37,0,0,10294
20161201,1,210,30,20,50,51,35,0,0,10291
20161201,2,230,30,30,50,56,41,0,0,10286
20161201,3,240,30,30,50,58,43,0,0,10282
20161201,4,240,30,30,50,60,43,0,0,10281
20161201,5,240,40,40,60,62,45,0,0,10273
20161201,6,240,30,40,60,65,49,0,0,10273
20161201,7,240,30,30,60,64,49,0,0,10272
20161201,8,230,30,30,50,65,51,0,1,10271
20161201,9,240,30,30,60,69,54,3,18,10268
20161201,10,250,30,40,70,80,61,7,45,10267
20161201,11,260,30,30,70,87,65,0,29,10264
20161201,12,250,30,20,60,87,67,0,22,10259
20161201,13,270,30,30,70,93,67,0,16,10253
20161201,14,270,40,40,70,93,70,0,17,10249
20161201,15,270,40,40,80,93,72,2,12,10246
20161201,16,270,30,30,70,91,74,0,2,10244
20161201,17,270,30,30,70,91,73,0,0,10243
20161201,18,270,30,30,60,90,74,0,0,10240
20161201,19,280,30,30,70,91,73,0,0,10240
20161201,20,280,30,30,70,90,72,0,0,10239
20161201,21,280,30,30,70,91,73,0,0,10236
20161201,22,280,20,20,60,89,71,0,0,10233
20161201,23,300,30,30,60,93,67,0,0,10235
20161201,24,300,30,20,60,92,54,0,0,10233
20161202,1,280,30,30,50,92,48,0,0,10232
20161202,2,310,30,20,60,84,59,0,0,10231
20161202,3,300,30,30,60,83,58,0,0,10230
20161202,4,290,20,20,50,80,60,0,0,10228
20161202,5,310,20,30,50,83,61,0,0,10227
20161202,6,290,20,20,60,79,73,0,0,10228
20161202,7,310,20,20,50,80,73,0,0,10229
20161202,8,300,20,20,40,81,72,0,1,10233
20161202,9,320,20,30,50,85,75,0,6,10236
20161202,10,350,20,20,50,85,76,0,20,10239
20161202,11,20,30,30,60,85,67,0,27,10241
20161202,12,360,30,30,50,87,64,0,44,10242
20161202,13,10,20,30,60,85,55,0,34,10241
20161202,14,360,30,20,60,83,46,2,26,10240
20161202,15,350,20,20,40,73,40,3,13,10242
20161202,16,330,10,10,40,41,34,0,1,10243
20161202,17,360,10,20,30,22,19,0,0,10246
20161202,18,10,20,20,30,13,8,0,0,10248
20161202,19,10,20,10,30,0,-3,0,0,10254
20161202,20,360,10,10,20,-8,-10,0,0,10254
20161202,21,10,10,10,20,-11,-11,0,0,10254
20161202,22,340,10,10,20,-19,-21,0,0,10255
20161202,23,360,10,10,20,-23,-25,0,0,10258
20161202,24,350,10,10,20,-22,-27,0,0,10258
20161203,1,350,10,10,10,-31,-34,0,0,10257
20161203,2,360,10,10,10,-33,-37,0,0,10257
20161203,3,360,10,10,20,-21,-24,0,0,10257
20161203,4,20,10,10,10,-17,-21,0,0,10258
20161203,5,360,10,10,20,-16,-19,0,0,10258
20161203,6,350,10,10,20,-4,-5,0,0,10260
20161203,7,990,10,10,20,-12,-14,0,0,10265
20161203,8,340,10,10,10,-20,-22,0,2,10268
20161203,9,0,0,0,10,-11,-16,5,17,10271
20161203,10,0,0,0,20,14,12,5,42,10274
20161203,11,990,10,10,20,50,33,2,56,10271
20161203,12,110,0,10,20,62,36,0,48,10269
20161203,13,990,10,10,20,78,14,7,59,10266
20161203,14,70,10,10,20,74,17,10,42,10263
20161203,15,40,10,10,20,54,20,8,23,10264
20161203,16,0,10,0,20,23,15,0,2,10267
20161203,17,80,0,10,10,1,-3,0,0,10270
20161203,18,100,10,10,10,-12,-13,0,0,10271
20161203,19,120,10,10,10,-19,-20,0,0,10273
20161203,20,80,10,10,10,-27,-29,0,0,10274
20161203,21,100,10,10,10,-31,-34,0,0,10276
20161203,22,0,10,0,10,-36,-40,0,0,10276
20161203,23,80,10,10,10,-40,-45,0,0,10277
20161203,24,60,10,10,20,-41,-45,0,0,10278
20161204,1,50,10,10,20,-43,-48,0,0,10280
20161204,2,80,10,10,20,-45,-51,0,0,10279
20161204,3,70,20,20,30,-48,-54,0,0,10277
20161204,4,70,20,20,30,-39,-44,0,0,10275
20161204,5,70,20,20,30,-37,-44,0,0,10276
20161204,6,70,20,20,30,-44,-50,0,0,10278
20161204,7,100,20,10,30,-49,-57,0,0,10282
20161204,8,70,20,20,30,-30,-36,2,5,10285
20161204,9,80,20,20,40,-13,-26,10,30,10287
20161204,10,80,20,30,40,5,-21,10,70,10287
20161204,11,70,20,20,40,21,-18,10,89,10283
20161204,12,80,30,30,50,31,-11,10,87,10280
20161204,13,50,30,30,50,37,-12,10,81,10274
20161204,14,70,30,30,50,37,-24,10,59,10270
20161204,15,80,30,20,50,23,-23,8,27,10270
20161204,16,80,30,30,50,7,-27,0,2,10272
20161204,17,70,30,30,40,-2,-30,0,0,10273
20161204,18,80,30,30,50,-10,-31,0,0,10273
20161204,19,80,30,30,50,-9,-34,0,0,10273
20161204,20,80,30,30,40,-16,-41,0,0,10274
20161204,21,90,30,30,50,-18,-45,0,0,10270
20161204,22,100,30,20,50,-24,-50,0,0,10270
20161204,23,80,20,20,50,-20,-49,0,0,10268
20161204,24,90,20,20,30,-49,-60,0,0,10265
20161205,1,60,20,20,30,-56,-67,0,0,10265
20161205,2,80,20,10,20,-61,-69,0,0,10267
20161205,3,90,10,20,20,-66,-73,0,0,10266
20161205,4,110,20,20,20,-67,-72,0,0,10263
20161205,5,120,20,20,30,-54,-66,0,0,10261
20161205,6,130,20,20,20,-52,-63,0,0,10262
20161205,7,110,20,20,30,-57,-68,0,0,10264
20161205,8,100,10,10,20,-55,-67,0,2,10266
20161205,9,120,10,10,20,-21,-45,10,25,10269
20161205,10,160,20,20,30,5,-36,10,55,10270
20161205,11,150,20,20,40,15,-30,10,76,10269
20161205,12,150,20,20,30,26,-27,10,84,10264
20161205,13,150,20,20,30,34,-18,10,76,10262
20161205,14,150,10,20,30,36,-13,10,54,10263
20161205,15,130,10,10,20,24,-17,7,20,10265
20161205,16,140,10,10,10,-10,-25,0,1,10267
20161205,17,140,10,10,20,-21,-31,0,0,10269
20161205,18,120,10,10,20,-32,-38,0,0,10273
20161205,19,160,10,10,10,-37,-43,0,0,10274
20161205,20,150,10,10,20,-38,-44,0,0,10275
20161205,21,110,10,10,20,-37,-44,0,0,10277
20161205,22,120,10,10,20,-40,-44,0,0,10278
20161205,23,100,10,10,20,-44,-49,0,0,10280
20161205,24,110,10,10,20,-44,-50,0,0,10280
20161206,1,160,10,10,20,-42,-49,0,0,10282
20161206,2,130,10,20,20,-53,-59,0,0,10286
20161206,3,120,10,10,20,-49,-55,0,0,10288
20161206,4,140,10,10,20,-49,-54,0,0,10287
20161206,5,160,20,10,30,-46,-52,0,0,10288
20161206,6,110,20,20,30,-40,-45,0,0,10293
20161206,7,140,10,10,20,-37,-43,0,0,10297
20161206,8,140,20,10,20,-32,-37,0,2,10300
20161206,9,120,20,20,30,-12,-20,10,32,10301
20161206,10,120,20,20,30,6,-10,10,67,10306
20161206,11,140,10,10,30,29,3,10,80,10305
20161206,12,150,20,20,40,43,9,10,78,10307
20161206,13,160,20,20,40,45,12,10,72,10305
20161206,14,160,20,10,40,47,13,10,48,10305
20161206,15,130,20,20,30,31,7,8,23,10304
20161206,16,130,20,20,30,21,2,0,2,10305
20161206,17,130,20,40,50,21,3,0,0,10303
20161206,18,150,30,30,50,24,5,0,0,10306
20161206,19,150,30,30,50,21,3,0,0,10308
20161206,20,160,30,20,50,22,4,0,0,10310
20161206,21,150,20,20,40,18,1,0,0,10305
20161206,22,150,20,30,40,18,2,0,0,10302
20161206,23,140,20,20,40,19,3,0,0,10308
20161206,24,170,30,30,50,21,5,0,0,10298
20161207,1,160,30,30,60,21,7,0,0,10297
20161207,2,150,30,30,50,21,8,0,0,10301
20161207,3,160,20,20,40,24,8,0,0,10296
20161207,4,170,20,30,50,28,8,0,0,10290
20161207,5,170,30,30,50,29,9,0,0,10289
20161207,6,170,30,30,50,33,10,0,0,10290
20161207,7,180,30,30,60,41,13,0,0,10288
20161207,8,190,30,40,60,49,18,0,1,10290
20161207,9,190,40,50,80,58,25,0,6,10292
20161207,10,180,40,40,70,61,29,0,16,10293
20161207,11,190,40,40,70,70,35,0,27,10289
20161207,12,200,40,40,70,81,39,0,28,10285
20161207,13,210,40,40,70,88,45,0,31,10282
20161207,14,200,40,40,70,92,49,3,30,10279
20161207,15,200,40,30,70,90,50,3,12,10280
20161207,16,210,40,40,70,90,48,0,1,10282
20161207,17,200,40,40,60,86,44,0,0,10285
20161207,18,200,40,40,70,84,43,0,0,10283
20161207,19,210,40,40,80,82,43,0,0,10286
20161207,20,210,50,50,80,76,41,0,0,10285
20161207,21,200,50,50,90,78,40,0,0,10285
20161207,22,200,50,50,90,76,37,0,0,10283
20161207,23,210,60,60,90,76,34,0,0,10284
20161207,24,210,50,50,90,74,31,0,0,10281
20161208,1,210,50,40,90,69,27,0,0,10283
20161208,2,210,50,50,80,66,23,0,0,10281
20161208,3,200,40,40,70,68,18,0,0,10279
20161208,4,210,40,30,70,67,18,0,0,10279
20161208,5,210,40,40,60,69,19,0,0,10278
20161208,6,210,40,40,60,72,19,0,0,10278
20161208,7,200,40,50,70,77,22,0,0,10278
20161208,8,200,50,50,80,77,23,0,1,10276
20161208,9,210,50,50,70,79,25,0,8,10276
20161208,10,200,50,50,80,83,25,2,28,10275
20161208,11,210,50,40,90,87,27,8,58,10268
20161208,12,190,40,40,80,88,26,0,44,10265
20161208,13,190,40,40,60,88,27,0,25,10264
20161208,14,190,40,40,70,93,28,7,33,10255
20161208,15,190,40,40,70,94,30,3,13,10248
20161208,16,200,40,30,70,87,31,0,3,10254
20161208,17,200,50,50,70,81,44,0,0,10252
20161208,18,210,40,40,80,77,50,0,0,10256
20161208,19,210,50,40,80,77,53,0,0,10258
20161208,20,220,40,50,80,88,49,0,0,10257
20161208,21,220,50,60,100,92,58,0,0,10258
20161208,22,230,60,60,100,95,67,0,0,10259
20161208,23,220,50,50,100,94,71,0,0,10263
20161208,24,230,50,40,80,94,80,0,0,10261
20161209,1,230,40,40,80,93,81,0,0,10264
20161209,2,230,40,40,80,96,84,0,0,10267
20161209,3,230,40,40,70,95,81,0,0,10267
20161209,4,230,40,40,70,94,80,0,0,10272
20161209,5,240,30,30,70,91,80,0,0,10271
20161209,6,220,30,30,60,90,88,0,0,10270
20161209,7,220,40,40,70,88,82,0,0,10272
20161209,8,210,40,40,70,85,82,0,0,10273
20161209,9,210,40,40,70,88,81,0,5,10276
20161209,10,200,40,30,60,88,83,0,8,10277
20161209,11,200,30,30,60,91,84,0,13,10271
20161209,12,200,30,30,60,95,89,0,16,10270
20161209,13,220,30,30,70,100,93,0,12,10270
20161209,14,230,40,50,90,103,89,0,16,10263
20161209,15,230,40,40,90,101,86,0,7,10262
20161209,16,230,40,50,80,99,79,0,1,10262
20161209,17,210,40,40,70,97,77,0,0,10260
20161209,18,220,50,50,80,97,76,0,0,10258
20161209,19,210,40,40,80,93,73,0,0,10255
20161209,20,210,50,50,80,89,70,0,0,10251
20161209,21,210,50,40,80,85,67,0,0,10250
20161209,22,210,40,50,70,81,64,0,0,10250
20161209,23,210,50,40,70,76,61,0,0,10246
20161209,24,210,50,40,80,75,58,0,0,10243
20161210,1,210,50,50,80,71,56,0,0,10237
20161210,2,210,50,40,80,69,53,0,0,10233
20161210,3,210,40,40,70,68,50,0,0,10231
20161210,4,210,40,50,70,67,48,0,0,10224
20161210,5,220,40,40,70,69,47,0,0,10223
20161210,6,230,50,40,80,71,49,0,0,10222
20161210,7,220,40,40,80,71,49,0,0,10225
20161210,8,220,40,50,70,72,49,0,0,10224
20161210,9,220,50,40,80,73,58,0,3,10228
20161210,10,220,40,40,70,74,65,0,4,10230
20161210,11,230,30,40,70,74,71,0,5,10231
20161210,12,220,40,40,70,76,74,0,6,10228
20161210,13,230,30,30,60,79,77,0,4,10223
20161210,14,220,40,40,70,81,79,0,4,10218
20161210,15,220,40,40,60,83,81,0,2,10215
20161210,16,210,40,40,60,82,80,0,0,10214
20161210,17,210,40,30,60,80,79,0,0,10210
20161210,18,210,40,40,60,80,79,0,0,10203
20161210,19,200,40,40,70,82,79,0,0,10197
20161210,20,210,40,40,70,85,84,0,0,10187
20161210,21,210,40,50,80,89,86,0,0,10178
20161210,22,210,60,60,90,91,83,0,0,10165
20161210,23,210,60,60,100,91,82,0,0,10153
20161210,24,220,60,60,100,89,84,0,0,10143
20161211,1,230,70,70,120,93,83,0,0,10129
20161211,2,330,70,90,150,86,71,0,0,10143
20161211,3,310,50,50,140,79,68,0,0,10159
20161211,4,310,40,40,90,77,67,0,0,10173
20161211,5,280,30,30,70,78,62,0,0,10185
20161211,6,260,30,30,60,81,62,0,0,10187
20161211,7,270,30,30,60,83,65,0,0,10190
20161211,8,270,30,40,70,82,64,0,1,10200
20161211,9,270,40,40,70,85,63,2,13,10205
20161211,10,270,40,40,80,89,62,5,34,10208
20161211,11,270,40,40,90,92,62,3,47,10209
20161211,12,270,40,40,100,93,60,0,24,10211
20161211,13,280,40,40,90,91,61,0,18,10210
20161211,14,280,40,50,100,91,59,5,27,10209
20161211,15,270,40,40,80,88,59,0,8,10214
20161211,16,270,40,30,90,88,62,0,0,10213
20161211,17,270,40,30,80,87,59,0,0,10215
20161211,18,270,30,40,70,87,63,0,0,10215
20161211,19,290,40,30,80,84,71,0,0,10218
20161211,20,290,30,40,70,89,69,0,0,10220
20161211,21,270,30,30,70,85,67,0,0,10221
20161211,22,290,30,20,60,77,63,0,0,10225
20161211,23,270,30,30,60,74,62,0,0,10230
20161211,24,280,20,20,50,69,60,0,0,10234
20161212,1,270,20,20,40,59,54,0,0,10237
20161212,2,290,10,10,30,39,38,0,0,10240
20161212,3,270,10,10,20,26,24,0,0,10240
20161212,4,240,10,10,20,12,11,0,0,10239
20161212,5,230,20,20,30,13,12,0,0,10241
20161212,6,200,10,10,30,20,20,0,0,10244
20161212,7,180,10,10,30,29,29,0,0,10250
20161212,8,170,10,10,20,40,39,0,1,10256
20161212,9,190,10,10,20,48,48,0,9,10258
20161212,10,190,10,10,30,58,58,0,24,10261
20161212,11,170,20,20,30,63,63,0,29,10261
20161212,12,170,20,20,30,67,66,0,30,10258
20161212,13,150,20,20,30,68,66,0,23,10254
20161212,14,170,20,20,30,76,68,0,12,10252
20161212,15,160,30,20,50,75,69,0,6,10253
20161212,16,190,30,30,50,73,60,0,1,10256
20161212,17,160,30,30,50,70,60,0,0,10254
20161212,18,160,20,20,50,66,57,0,0,10255
20161212,19,160,20,20,40,66,58,0,0,10252
20161212,20,160,30,30,40,63,55,0,0,10249
20161212,21,160,30,30,50,64,54,0,0,10249
20161212,22,170,30,30,50,61,42,0,0,10248
20161212,23,160,30,30,50,53,34,0,0,10245
20161212,24,160,30,30,40,53,40,0,0,10241
20161213,1,180,30,30,50,59,38,0,0,10235
20161213,2,190,40,40,70,59,40,0,0,10233
20161213,3,190,40,40,70,57,43,0,0,10229
20161213,4,190,30,30,70,57,45,0,0,10228
20161213,5,190,30,30,50,58,47,0,0,10228
20161213,6,180,30,30,60,58,52,0,0,10227
20161213,7,190,30,30,50,58,53,0,0,10229
20161213,8,190,30,30,50,58,55,0,0,10231
20161213,9,200,30,30,60,58,56,0,2,10233
20161213,10,210,30,20,50,60,59,0,7,10236
20161213,11,200,30,30,50,63,61,0,11,10232
20161213,12,210,30,20,50,67,64,0,11,10231
20161213,13,210,20,20,40,70,66,0,13,10229
20161213,14,190,30,20,40,68,67,0,8,10226
20161213,15,170,20,20,40,69,68,0,4,10225
20161213,16,200,20,20,50,71,65,0,0,10228
20161213,17,190,30,20,50,72,67,0,0,10227
20161213,18,160,20,20,50,71,69,0,0,10225
20161213,19,190,20,30,50,72,71,0,0,10227
20161213,20,190,30,20,40,73,70,0,0,10226
20161213,21,180,20,20,40,73,71,0,0,10228
20161213,22,190,20,20,50,74,71,0,0,10226
20161213,23,190,30,30,50,74,73,0,0,10224
20161213,24,200,20,20,50,75,73,0,0,10225
20161214,1,200,30,20,40,75,75,0,0,10223
20161214,2,190,20,20,40,76,76,0,0,10224
20161214,3,160,20,20,30,74,74,0,0,10221
20161214,4,160,20,20,40,73,73,0,0,10220
20161214,5,180,30,30,50,74,74,0,0,10219
20161214,6,180,20,30,50,75,75,0,0,10219
20161214,7,180,30,30,60,76,76,0,0,10222
20161214,8,200,30,30,50,75,74,0,0,10228
20161214,9,200,30,20,50,75,70,0,4,10233
20161214,10,170,20,20,40,78,71,0,19,10235
20161214,11,170,20,20,40,87,71,5,56,10234
20161214,12,140,20,20,40,86,70,3,65,10233
20161214,13,150,20,20,30,87,67,0,35,10232
20161214,14,130,20,20,30,91,72,2,26,10231
20161214,15,140,20,20,40,86,70,7,14,10234
20161214,16,120,20,20,40,68,59,0,1,10240
20161214,17,110,20,20,30,58,57,0,0,10241
20161214,18,140,20,20,30,61,61,0,0,10244
20161214,19,130,20,20,30,51,50,0,0,10246
20161214,20,140,20,20,30,51,51,0,0,10248
20161214,21,140,20,20,40,66,65,0,0,10246
20161214,22,130,20,30,40,67,62,0,0,10249
20161214,23,130,30,20,50,69,64,0,0,10249
20161214,24,140,30,40,60,73,66,0,0,10250
20161215,1,130,40,30,60,71,67,0,0,10249
20161215,2,140,30,40,60,69,68,0,0,10250
20161215,3,140,40,40,60,69,68,0,0,10248
20161215,4,150,40,30,70,68,68,0,0,10250
20161215,5,140,40,30,70,62,62,0,0,10252
20161215,6,150,30,30,60,60,60,0,0,10251
20161215,7,140,30,30,70,60,60,0,0,10251
20161215,8,130,40,30,60,58,58,0,0,10253
20161215,9,140,40,40,70,59,59,0,4,10255
20161215,10,140,40,50,80,61,61,0,9,10256
20161215,11,130,50,50,90,63,62,0,12,10252
20161215,12,140,50,50,90,63,61,0,12,10247
20161215,13,140,50,40,90,68,62,0,14,10243
20161215,14,130,40,40,80,71,63,0,10,10239
20161215,15,140,40,40,80,75,63,0,3,10237
20161215,16,140,50,50,90,77,63,0,0,10236
20161215,17,140,40,40,80,79,61,0,0,10237
20161215,18,130,40,30,70,70,55,0,0,10236
20161215,19,130,40,40,60,67,52,0,0,10236
20161215,20,130,40,40,60,65,50,0,0,10238
20161215,21,140,40,30,70,60,46,0,0,10238
20161215,22,140,40,30,60,58,44,0,0,10237
20161215,23,130,30,30,50,55,42,0,0,10239
20161215,24,140,30,30,60,52,40,0,0,10239
20161216,1,140,30,30,60,50,37,0,0,10241
20161216,2,150,40,40,60,48,36,0,0,10243
20161216,3,140,40,40,60,48,35,0,0,10245
20161216,4,140,40,40,70,53,38,0,0,10246
20161216,5,140,40,40,70,54,39,0,0,10249
20161216,6,140,40,40,60,55,38,0,0,10253
20161216,7,140,40,40,60,53,38,0,0,10257
20161216,8,150,40,40,70,53,37,0,0,10263
20161216,9,150,40,40,60,54,35,0,9,10269
20161216,10,150,30,30,50,57,40,0,25,10274
20161216,11,140,30,30,50,62,41,0,33,10276
20161216,12,150,40,40,60,65,40,0,41,10276
20161216,13,140,30,30,60,74,43,7,54,10277
20161216,14,140,30,30,50,71,42,10,43,10282
20161216,15,140,30,20,50,65,40,8,21,10287
20161216,16,150,20,20,40,54,36,0,2,10296
20161216,17,150,20,20,40,52,33,0,0,10297
20161216,18,150,20,30,40,56,35,0,0,10304
20161216,19,150,20,10,40,56,36,0,0,10309
20161216,20,150,20,20,40,56,36,0,0,10313
20161216,21,140,20,20,30,51,32,0,0,10318
20161216,22,150,20,20,30,39,26,0,0,10325
20161216,23,150,20,20,30,34,24,0,0,10330
20161216,24,160,20,20,30,33,23,0,0,10332
20161217,1,160,20,20,30,38,26,0,0,10333
20161217,2,160,20,20,40,34,22,0,0,10337
20161217,3,160,20,20,30,34,24,0,0,10338
20161217,4,190,20,10,30,36,27,0,0,10338
20161217,5,160,10,10,30,34,28,0,0,10342
20161217,6,150,20,20,30,37,30,0,0,10347
20161217,7,200,10,10,20,39,33,0,0,10354
20161217,8,210,10,10,30,45,37,0,0,10361
20161217,9,220,10,20,30,53,40,0,3,10365
20161217,10,190,20,20,30,59,45,0,5,10369
20161217,11,210,20,20,30,62,50,0,10,10369
20161217,12,210,10,10,30,71,59,0,19,10367
20161217,13,260,10,10,20,79,66,0,13,10368
20161217,14,290,10,20,30,84,67,0,7,10371
20161217,15,290,20,20,40,82,71,0,2,10379
20161217,16,310,20,20,40,81,74,0,0,10380
20161217,17,310,20,20,40,79,70,0,0,10383
20161217,18,280,20,20,40,78,68,0,0,10385
20161217,19,250,20,10,40,78,68,0,0,10391
20161217,20,230,20,30,40,79,69,0,0,10388
20161217,21,220,20,30,40,77,69,0,0,10388
20161217,22,240,20,30,50,74,68,0,0,10382
20161217,23,240,30,20,50,68,63,0,0,10380
20161217,24,210,30,30,60,61,58,0,0,10375
20161218,1,250,20,20,40,61,61,0,0,10378
20161218,2,240,20,30,50,59,59,0,0,10376
20161218,3,240,20,20,50,59,59,0,0,10376
20161218,4,230,30,30,50,60,60,0,0,10370
20161218,5,240,30,30,60,60,59,0,0,10366
20161218,6,240,30,30,60,60,58,0,0,10364
20161218,7,240,30,30,50,58,55,0,0,10367
20161218,8,240,30,30,50,60,54,0,1,10365
20161218,9,240,30,30,60,66,58,5,14,10362
20161218,10,250,30,30,50,75,66,8,36,10358
20161218,11,270,30,20,60,81,69,0,29,10352
20161218,12,280,20,20,40,89,73,0,26,10349
20161218,13,280,30,30,60,91,70,0,33,10343
20161218,14,290,20,20,50,91,69,0,12,10342
20161218,15,280,20,20,40,90,69,0,7,10339
20161218,16,260,20,10,30,85,68,0,1,10336
20161218,17,230,10,10,30,75,64,0,0,10334
20161218,18,220,10,10,20,50,49,0,0,10330
20161218,19,240,10,10,20,34,34,0,0,10329
20161218,20,270,10,10,20,38,38,0,0,10327
20161218,21,0,0,0,20,32,31,0,0,10326
20161218,22,110,10,10,10,32,31,0,0,10322
20161218,23,110,10,10,20,32,32,0,0,10319
20161218,24,130,10,10,20,41,40,0,0,10317
20161219,1,150,10,10,10,45,45,0,0,10315
20161219,2,110,10,10,20,49,49,0,0,10315
20161219,3,120,10,20,20,56,55,0,0,10310
20161219,4,120,20,20,30,57,54,0,0,10307
20161219,5,130,20,10,30,49,47,0,0,10301
20161219,6,100,10,10,20,46,46,0,0,10298
20161219,7,130,20,10,30,49,45,0,0,10294
20161219,8,100,10,20,30,24,22,0,1,10294
20161219,9,110,20,20,30,31,29,5,14,10297
20161219,10,80,10,10,30,54,40,10,39,10297
20161219,11,100,20,20,40,68,40,10,59,10294
20161219,12,120,20,30,40,75,44,10,74,10288
20161219,13,110,30,30,50,64,42,3,38,10281
20161219,14,110,40,40,60,57,42,2,24,10278
20161219,15,100,30,30,60,49,32,5,12,10275
20161219,16,90,30,50,60,39,29,0,1,10275
20161219,17,100,40,30,70,43,28,0,0,10276
20161219,18,90,30,30,50,47,26,0,0,10272
20161219,19,110,30,30,60,44,22,0,0,10274
20161219,20,80,30,20,60,35,19,0,0,10270
20161219,21,80,30,30,40,23,15,0,0,10269
20161219,22,90,20,30,40,12,6,0,0,10271
20161219,23,90,30,30,40,6,0,0,0,10270
20161219,24,100,30,30,40,-2,-6,0,0,10265
20161220,1,100,30,30,40,-4,-10,0,0,10261
20161220,2,100,30,20,40,-5,-10,0,0,10264
20161220,3,90,20,10,30,-16,-20,0,0,10262
20161220,4,70,20,20,30,-13,-15,0,0,10258
20161220,5,70,20,10,30,-21,-23,0,0,10256
20161220,6,60,20,20,30,-16,-18,0,0,10251
20161220,7,40,20,20,40,-15,-19,0,0,10252
20161220,8,60,20,20,30,-19,-24,0,1,10247
20161220,9,80,20,10,30,-10,-18,8,21,10247
20161220,10,90,10,10,20,3,-12,10,44,10248
20161220,11,70,20,30,40,4,-7,10,66,10237
20161220,12,70,30,40,50,6,-4,10,78,10228
20161220,13,70,30,20,50,4,-2,8,62,10224
20161220,14,80,20,20,30,5,-1,0,26,10221
20161220,15,90,20,30,40,1,-1,7,12,10221
20161220,16,100,20,20,40,-2,-2,0,1,10221
20161220,17,110,20,10,40,-4,-4,0,0,10218
20161220,18,90,10,10,30,-6,-7,0,0,10217
20161220,19,140,20,20,40,-9,-12,0,0,10219
20161220,20,150,20,30,40,-12,-13,0,0,10220
20161220,21,160,20,30,40,-13,-13,0,0,10222
20161220,22,180,20,30,50,-10,-14,0,0,10223
20161220,23,210,30,30,50,-3,-10,0,0,10221
20161220,24,200,30,30,50,6,-3,0,0,10223
20161221,1,190,30,30,60,7,-1,0,0,10224
20161221,2,180,40,30,70,6,-4,0,0,10227
20161221,3,190,40,40,60,6,-4,0,0,10228
20161221,4,190,40,40,70,3,-6,0,0,10230
20161221,5,180,40,50,70,6,-5,0,0,10229
20161221,6,190,50,50,80,13,1,0,0,10229
20161221,7,190,60,60,100,22,1,0,0,10228
20161221,8,190,60,60,100,25,0,0,0,10230
20161221,9,200,50,50,100,31,2,0,5,10238
20161221,10,200,50,60,110,40,14,0,14,10235
20161221,11,190,50,50,110,45,17,0,37,10237
20161221,12,190,50,60,110,49,16,3,57,10233
20161221,13,200,50,40,80,57,22,0,42,10235
20161221,14,190,50,50,90,63,27,0,22,10232
20161221,15,190,50,50,80,65,29,0,7,10233
20161221,16,190,50,50,90,70,32,0,1,10232
20161221,17,190,50,50,80,69,30,0,0,10235
20161221,18,200,40,40,80,67,32,0,0,10237
20161221,19,200,50,40,90,65,40,0,0,10241
20161221,20,200,50,50,80,62,45,0,0,10245
20161221,21,190,40,40,90,55,47,0,0,10246
20161221,22,190,40,40,70,54,48,0,0,10250
20161221,23,190,40,40,70,55,49,0,0,10247
20161221,24,210,40,40,70,55,49,0,0,10249
20161222,1,210,40,40,70,56,50,0,0,10249
20161222,2,250,40,40,90,56,52,0,0,10251
20161222,3,190,30,40,80,56,50,0,0,10248
20161222,4,190,30,30,60,56,52,0,0,10247
20161222,5,170,40,40,70,55,50,0,0,10242
20161222,6,210,30,30,70,57,52,0,0,10252
20161222,7,200,30,30,60,58,53,0,0,10256
20161222,8,210,20,30,60,59,55,0,0,10260
20161222,9,210,30,30,50,61,56,0,6,10269
20161222,10,200,30,30,60,64,57,0,15,10272
20161222,11,200,30,30,60,66,57,0,21,10274
20161222,12,210,30,30,50,68,59,0,27,10274
20161222,13,220,30,30,50,68,61,0,14,10276
20161222,14,230,30,30,70,68,64,0,12,10278
20161222,15,240,30,40,70,67,61,0,3,10282
20161222,16,210,30,30,70,65,60,0,0,10284
20161222,17,220,30,30,60,57,52,0,0,10289
20161222,18,220,30,40,60,61,55,0,0,10293
20161222,19,220,30,40,60,58,52,0,0,10301
20161222,20,220,40,40,60,53,45,0,0,10306
20161222,21,210,50,40,80,53,46,0,0,10303
20161222,22,210,50,50,80,54,48,0,0,10299
20161222,23,220,50,50,100,52,45,0,0,10309
20161222,24,210,40,40,80,48,43,0,0,10311
20161223,1,220,40,40,70,50,40,0,0,10315
20161223,2,220,40,40,70,49,37,0,0,10316
20161223,3,220,40,40,60,47,36,0,0,10318
20161223,4,210,40,30,60,44,36,0,0,10317
20161223,5,220,40,40,60,46,38,0,0,10319
20161223,6,220,40,40,70,49,40,0,0,10319
20161223,7,210,40,50,70,50,42,0,0,10319
20161223,8,210,40,40,70,55,55,0,0,10320
20161223,9,220,50,50,80,59,56,0,3,10320
20161223,10,210,50,50,80,61,58,0,9,10319
20161223,11,200,40,50,80,67,64,0,10,10311
20161223,12,190,40,40,70,73,61,0,29,10301
20161223,13,200,40,40,80,78,55,2,40,10291
20161223,14,210,50,50,100,78,49,3,30,10285
20161223,15,200,60,60,100,77,45,8,20,10276
20161223,16,190,60,60,110,70,40,0,2,10268
20161223,17,190,70,70,120,66,34,0,0,10257
20161223,18,190,80,80,120,58,31,0,0,10243
20161223,19,200,80,70,140,53,28,0,0,10240
20161223,20,190,80,70,140,56,29,0,0,10232
20161223,21,200,70,70,120,60,34,0,0,10222
20161223,22,200,70,70,120,59,48,0,0,10217
20161223,23,220,70,70,110,65,56,0,0,10214
20161223,24,230,70,80,140,74,63,0,0,10214
20161224,1,240,70,70,150,77,64,0,0,10215
20161224,2,240,50,50,120,74,63,0,0,10219
20161224,3,240,40,40,90,68,60,0,0,10225
20161224,4,240,40,40,70,70,57,0,0,10225
20161224,5,240,40,50,90,68,55,0,0,10224
20161224,6,240,40,50,100,68,53,0,0,10232
20161224,7,230,40,40,100,66,52,0,0,10229
20161224,8,230,30,30,60,64,47,0,0,10236
20161224,9,230,40,40,70,67,41,5,14,10238
20161224,10,240,50,50,80,72,43,3,32,10239
20161224,11,250,50,50,90,80,38,0,35,10238
20161224,12,240,50,50,100,84,42,2,48,10235
20161224,13,250,60,70,120,85,45,0,35,10233
20161224,14,250,60,60,120,85,44,0,19,10233
20161224,15,240,60,60,120,83,45,0,9,10234
20161224,16,240,50,50,110,82,48,0,0,10238
20161224,17,240,50,50,100,81,48,0,0,10236
20161224,18,240,50,50,110,82,48,0,0,10237
20161224,19,250,50,60,100,86,49,0,0,10236
20161224,20,250,50,60,120,92,51,0,0,10235
20161224,21,250,60,70,120,95,52,0,0,10238
20161224,22,250,60,60,120,91,61,0,0,10239
20161224,23,240,60,50,120,83,68,0,0,10239
20161224,24,230,50,60,90,82,67,0,0,10235
20161225,1,240,50,50,90,84,65,0,0,10233
20161225,2,240,50,60,90,87,67,0,0,10229
20161225,3,230,60,60,120,85,67,0,0,10224
20161225,4,220,50,40,100,82,69,0,0,10217
20161225,5,220,50,50,90,84,73,0,0,10215
20161225,6,240,50,60,100,90,75,0,0,10216
20161225,7,250,60,60,120,97,77,0,0,10215
20161225,8,260,50,60,120,100,77,0,0,10216
20161225,9,250,60,50,110,102,79,0,2,10221
20161225,10,240,50,50,110,104,83,0,6,10223
20161225,11,250,60,60,120,108,86,0,9,10223
20161225,12,240,70,60,130,109,88,0,10,10221
20161225,13,240,70,80,140,109,92,0,8,10215
20161225,14,240,70,70,140,108,97,0,7,10216
20161225,15,240,70,70,130,114,94,0,3,10220
20161225,16,240,60,60,130,111,99,0,0,10222
20161225,17,230,70,70,140,115,97,0,0,10219
20161225,18,230,70,60,140,115,96,0,0,10218
20161225,19,240,70,60,140,115,95,0,0,10217
20161225,20,240,70,60,120,112,92,0,0,10219
20161225,21,230,60,60,110,111,91,0,0,10220
20161225,22,240,60,60,130,112,92,0,0,10221
20161225,23,240,70,70,140,117,91,0,0,10220
20161225,24,240,70,60,140,114,94,0,0,10219
20161226,1,240,70,70,140,116,94,0,0,10213
20161226,2,240,70,80,140,115,100,0,0,10212
20161226,3,240,70,80,160,118,96,0,0,10209
20161226,4,240,70,70,160,117,93,0,0,10206
20161226,5,240,70,70,130,113,93,0,0,10206
20161226,6,300,60,60,120,85,76,0,0,10223
20161226,7,280,40,40,120,77,61,0,0,10227
20161226,8,260,40,30,80,81,58,0,0,10235
20161226,9,270,40,50,80,84,49,0,4,10248
20161226,10,270,40,50,110,88,41,7,31,10258
20161226,11,280,60,70,130,89,30,7,54,10262
20161226,12,280,70,70,130,89,18,5,58,10271
20161226,13,280,70,70,140,86,5,10,74,10281
20161226,14,290,70,70,140,82,4,10,47,10292
20161226,15,280,60,70,130,75,-1,7,16,10301
20161226,16,280,50,50,120,68,3,0,1,10310
20161226,17,280,50,40,100,65,4,0,0,10318
20161226,18,280,50,50,100,66,0,0,0,10323
20161226,19,270,50,50,100,65,3,0,0,10325
20161226,20,280,40,40,80,65,3,0,0,10329
20161226,21,280,40,50,90,65,6,0,0,10334
20161226,22,280,50,50,110,67,13,0,0,10341
20161226,23,270,40,50,100,65,15,0,0,10341
20161226,24,270,40,40,110,61,18,0,0,10346
20161227,1,280,40,50,100,64,24,0,0,10350
20161227,2,280,50,50,90,67,26,0,0,10355
20161227,3,280,50,50,100,69,31,0,0,10358
20161227,4,310,40,40,100,63,49,0,0,10368
20161227,5,300,40,30,90,59,41,0,0,10373
20161227,6,300,30,20,80,60,45,0,0,10378
20161227,7,290,20,20,50,55,42,0,0,10384
20161227,8,280,20,20,40,55,38,0,0,10394
20161227,9,260,20,20,40,59,40,5,11,10404
20161227,10,270,20,20,40,71,46,7,36,10412
20161227,11,280,20,40,60,85,51,10,62,10416
20161227,12,280,30,30,70,91,53,10,75,10416
20161227,13,280,30,30,70,90,56,8,59,10422
20161227,14,300,40,40,80,86,51,8,33,10423
20161227,15,280,30,30,70,79,50,7,15,10424
20161227,16,290,20,20,50,74,52,0,2,10430
20161227,17,270,20,20,40,67,46,0,0,10436
20161227,18,270,20,20,30,66,44,0,0,10438
20161227,19,260,20,20,40,63,44,0,0,10442
20161227,20,250,20,20,30,60,44,0,0,10443
20161227,21,240,20,20,40,56,44,0,0,10445
20161227,22,250,20,20,30,55,43,0,0,10448
20161227,23,240,20,20,30,44,38,0,0,10447
20161227,24,270,20,20,40,42,35,0,0,10445
20161228,1,240,10,10,40,14,9,0,0,10448
20161228,2,210,10,10,20,-4,-5,0,0,10449
20161228,3,150,10,10,20,-4,-4,0,0,10447
20161228,4,160,10,20,20,4,4,0,0,10448
20161228,5,220,10,10,20,3,3,0,0,10449
20161228,6,200,10,20,30,3,3,0,0,10449
20161228,7,190,10,10,30,1,1,0,0,10453
20161228,8,210,20,20,30,4,4,0,0,10454
20161228,9,190,20,30,40,9,9,0,7,10452
20161228,10,200,20,20,40,14,14,0,17,10455
20161228,11,150,20,20,30,19,19,0,23,10456
20161228,12,180,20,30,40,18,18,0,23,10450
20161228,13,220,20,20,40,26,26,0,25,10445
20161228,14,190,10,10,30,33,33,0,13,10443
20161228,15,200,10,20,30,38,36,0,7,10443
20161228,16,220,20,10,30,38,35,0,1,10443
20161228,17,180,20,20,40,36,30,0,0,10441
20161228,18,170,20,20,40,34,22,0,0,10442
20161228,19,170,20,20,30,23,9,0,0,10440
20161228,20,190,20,20,40,19,6,0,0,10440
20161228,21,0,10,0,40,-4,-7,0,0,10437
20161228,22,150,10,10,20,-21,-24,0,0,10433
20161228,23,140,10,20,20,-30,-33,0,0,10429
20161228,24,140,20,10,20,-22,-23,0,0,10427
20161229,1,150,10,10,20,-27,-29,0,0,10423
20161229,2,0,10,0,20,-31,-33,0,0,10425
20161229,3,160,10,10,10,-36,-36,0,0,10417
20161229,4,140,10,10,20,-24,-25,0,0,10412
20161229,5,130,10,10,20,-19,-19,0,0,10412
20161229,6,140,10,20,20,-24,-24,0,0,10412
20161229,7,120,10,20,20,-24,-25,0,0,10409
20161229,8,150,20,20,30,-26,-27,0,0,10410
20161229,9,140,20,20,40,-23,-24,0,7,10408
20161229,10,170,30,30,50,-16,-16,0,18,10406
20161229,11,160,30,20,40,-14,-14,0,25,10406
20161229,12,180,30,30,40,-13,-14,0,32,10399
20161229,13,160,30,30,40,-12,-12,0,28,10394
20161229,14,200,20,20,40,-10,-10,0,22,10392
20161229,15,150,20,20,30,-12,-12,0,11,10388
20161229,16,180,20,20,30,-15,-15,0,1,10390
20161229,17,150,20,20,30,-17,-17,0,0,10387
20161229,18,150,20,20,30,-21,-21,0,0,10388
20161229,19,150,20,20,20,-24,-25,0,0,10383
20161229,20,170,20,10,30,-28,-28,0,0,10382
20161229,21,0,10,0,20,-24,-24,0,0,10384
20161229,22,150,20,20,30,-29,-30,0,0,10382
20161229,23,180,20,20,30,-33,-36,0,0,10381
20161229,24,220,10,10,30,-36,-39,0,0,10381
20161230,1,170,20,20,30,-36,-39,0,0,10378
20161230,2,180,20,20,40,-37,-40,0,0,10376
20161230,3,170,10,20,30,-35,-38,0,0,10374
20161230,4,170,20,10,30,-38,-41,0,0,10376
20161230,5,170,20,10,30,-39,-42,0,0,10376
20161230,6,180,20,20,40,-39,-42,0,0,10375
20161230,7,180,20,20,40,-38,-41,0,0,10373
20161230,8,190,30,30,40,-34,-37,0,0,10371
20161230,9,200,20,20,40,-27,-29,0,7,10372
20161230,10,220,20,20,40,-16,-17,0,19,10375
20161230,11,230,20,30,40,-10,-12,0,27,10374
20161230,12,220,20,20,40,-7,-8,0,32,10366
20161230,13,190,20,10,40,-3,-6,3,41,10362
20161230,14,330,10,10,20,-1,-2,3,32,10364
20161230,15,260,10,20,30,4,1,0,9,10363
20161230,16,240,20,20,40,8,3,0,2,10362
20161230,17,220,30,40,60,13,8,0,0,10357
20161230,18,200,40,30,60,8,6,0,0,10356
20161230,19,210,30,30,60,6,2,0,0,10357
20161230,20,230,30,20,50,2,2,0,0,10358
20161230,21,220,20,20,40,8,8,0,0,10356
20161230,22,230,20,20,40,11,10,0,0,10356
20161230,23,210,20,20,40,15,11,0,0,10350
20161230,24,190,30,30,50,11,10,0,0,10346
20161231,1,190,30,30,50,15,14,0,0,10342
20161231,2,190,30,30,40,16,16,0,0,10340
20161231,3,190,30,30,50,12,12,0,0,10338
20161231,4,190,30,40,60,10,10,0,0,10335
20161231,5,190,30,20,60,11,11,0,0,10332
20161231,6,200,30,30,60,11,11,0,0,10331
20161231,7,190,30,30,50,9,9,0,0,10328
20161231,8,200,30,30,60,9,9,0,0,10328
20161231,9,190,30,30,60,9,9,0,3,10328
20161231,10,200,30,30,50,12,12,0,8,10325
20161231,11,200,30,30,50,17,17,0,15,10320
20161231,12,200,30,30,60,24,24,0,18,10311
20161231,13,210,40,40,70,28,27,0,19,10302
20161231,14,210,30,30,60,32,31,0,13,10299
20161231,15,200,30,30,60,32,31,0,6,10292
20161231,16,200,30,40,60,31,30,0,1,10289
20161231,17,200,40,40,70,27,25,0,0,10287
20161231,18,200,40,40,70,24,23,0,0,10282
20161231,19,200,40,40,70,20,19,0,0,10275
20161231,20,210,40,40,70,21,20,0,0,10268
20161231,21,200,40,40,60,20,18,0,0,10263
20161231,22,220,40,40,70,18,17,0,0,10257
20161231,23,200,40,40,60,13,13,0,0,10251
20161231,24,190,40,30,70,11,11,0,0,10242
20170101,1,200,40,40,60,12,12,0,0,10234
20170101,2,200,40,40,70,12,12,0,0,10226
20170101,3,210,40,40,70,13,12,0,0,10218
20170101,4,210,40,40,70,14,13,0,0,10210
20170101,5,210,40,30,70,15,14,0,0,10202
20170101,6,190,40,40,70,11,5,0,0,10197
20170101,7,200,40,30,80,3,-1,0,0,10192
20170101,8,200,40,40,70,-1,-1,0,0,10191
20170101,9,210,50,50,90,1,1,0,4,10187
20170101,10,210,50,40,80,1,1,0,7,10183
20170101,11,210,50,50,80,2,2,0,12,10178
20170101,12,210,50,60,80,-1,-3,0,12,10174
20170101,13,200,40,40,80,-1,-7,0,12,10169
20170101,14,210,50,50,90,-5,-10,0,7,10169
20170101,15,190,50,50,80,-8,-13,0,2,10167
20170101,16,190,40,40,80,-6,-12,0,0,10167
20170101,17,200,40,40,70,-2,-8,0,0,10166
20170101,18,210,40,40,70,1,-5,0,0,10168
20170101,19,210,40,40,70,4,-2,0,0,10172
20170101,20,220,30,20,60,6,1,0,0,10178
20170101,21,240,30,30,60,8,3,0,0,10184
20170101,22,260,20,10,60,12,7,0,0,10187
20170101,23,240,10,20,30,15,11,0,0,10190
20170101,24,230,20,10,30,19,17,0,0,10192
20170102,1,270,20,20,30,21,19,0,0,10196
20170102,2,280,20,20,30,25,23,0,0,10203
20170102,3,320,20,30,60,36,28,0,0,10205
20170102,4,320,20,20,40,26,23,0,0,10207
20170102,5,320,20,20,50,22,13,0,0,10210
20170102,6,310,20,20,40,0,-1,0,0,10211
20170102,7,310,20,20,40,1,-2,0,0,10220
20170102,8,320,30,20,60,19,-5,0,1,10227
20170102,9,300,20,20,40,3,-4,0,8,10231
20170102,10,320,20,20,40,37,7,5,35,10235
20170102,11,300,20,20,40,55,13,10,66,10236
20170102,12,330,30,30,60,64,13,10,78,10237
20170102,13,290,30,30,70,66,12,10,77,10239
20170102,14,350,30,30,70,53,14,8,40,10239
20170102,15,350,20,20,40,48,15,0,12,10241
20170102,16,290,10,20,30,41,10,0,3,10244
20170102,17,350,30,20,90,32,15,0,0,10249
20170102,18,270,20,20,50,32,14,0,0,10250
20170102,19,310,20,20,50,36,17,0,0,10254
20170102,20,300,20,30,80,28,14,0,0,10252
20170102,21,270,20,20,70,23,9,0,0,10253
20170102,22,280,20,20,40,24,10,0,0,10254
20170102,23,280,20,20,40,16,3,0,0,10255
20170102,24,240,20,20,40,18,6,0,0,10254
20170103,1,240,20,20,40,16,6,0,0,10251
20170103,2,260,30,30,50,29,14,0,0,10254
20170103,3,240,30,30,70,24,11,0,0,10251
20170103,4,250,30,40,80,37,25,0,0,10250
20170103,5,240,30,30,80,32,20,0,0,10247
20170103,6,240,40,40,80,35,20,0,0,10244
20170103,7,250,40,50,80,39,20,0,0,10240
20170103,8,250,40,40,90,34,18,0,0,10242
20170103,9,240,30,40,60,35,16,3,12,10241
20170103,10,230,40,50,90,44,22,2,24,10236
20170103,11,240,50,40,90,51,28,0,29,10232
20170103,12,250,40,40,80,55,22,0,12,10226
20170103,13,260,40,40,80,61,25,0,18,10218
20170103,14,260,50,50,90,63,27,0,14,10210
20170103,15,260,50,50,100,63,29,0,7,10208
20170103,16,260,50,40,110,61,31,0,1,10205
20170103,17,260,50,60,110,63,35,0,0,10198
20170103,18,270,60,50,110,63,37,0,0,10195
20170103,19,260,60,60,100,65,37,0,0,10186
20170103,20,260,50,50,110,66,38,0,0,10183
20170103,21,270,50,50,120,65,45,0,0,10181
20170103,22,270,50,50,110,67,45,0,0,10171
20170103,23,270,50,50,110,69,45,0,0,10169
20170103,24,270,50,60,110,71,46,0,0,10163
20170104,1,270,50,50,110,71,49,0,0,10154
20170104,2,290,60,50,120,71,55,0,0,10149
20170104,3,290,50,50,100,71,61,0,0,10147
20170104,4,290,50,40,120,70,45,0,0,10143
20170104,5,310,40,50,90,72,43,0,0,10144
20170104,6,310,50,50,110,69,30,0,0,10143
20170104,7,310,50,50,110,68,16,0,0,10146
20170104,8,310,50,60,100,66,0,0,0,10146
20170104,9,320,60,70,160,63,11,0,8,10155
20170104,10,320,60,60,140,59,10,2,30,10158
20170104,11,310,60,50,120,59,12,0,42,10158
20170104,12,320,50,60,110,59,12,3,49,10160
20170104,13,320,60,60,160,61,9,8,68,10161
20170104,14,330,60,70,140,69,-5,10,48,10161
20170104,15,320,60,50,120,61,9,10,25,10167
20170104,16,330,60,40,160,46,13,0,4,10176
20170104,17,320,40,40,90,54,19,0,0,10180
20170104,18,330,40,40,100,56,19,0,0,10188
20170104,19,330,40,40,80,53,19,0,0,10198
20170104,20,330,30,30,80,49,7,0,0,10206
20170104,21,330,30,20,60,44,2,0,0,10214
20170104,22,320,20,20,50,32,-4,0,0,10222
20170104,23,310,30,20,50,36,-4,0,0,10228
20170104,24,320,20,20,50,27,-6,0,0,10234
20170105,1,320,20,20,40,28,-5,0,0,10238
20170105,2,310,20,20,50,26,-1,0,0,10246
20170105,3,340,20,30,40,27,2,0,0,10255
20170105,4,360,20,20,60,26,3,0,0,10262
20170105,5,330,30,20,70,25,2,0,0,10267
20170105,6,330,20,20,50,14,1,0,0,10273
20170105,7,350,20,20,50,14,1,0,0,10284
20170105,8,20,20,20,40,-5,-11,0,0,10297
20170105,9,40,20,20,30,6,-3,5,14,10310
20170105,10,50,20,20,40,16,0,7,41,10321
20170105,11,40,20,40,70,30,-21,8,66,10327
20170105,12,40,30,40,70,30,-39,8,77,10330
20170105,13,50,40,40,70,29,-44,10,82,10337
20170105,14,40,40,40,60,24,-46,10,61,10342
20170105,15,50,40,40,70,16,-52,10,32,10351
20170105,16,50,30,30,60,2,-54,0,5,10361
20170105,17,70,20,20,50,-16,-50,0,0,10369
20170105,18,70,20,20,40,-22,-52,0,0,10374
20170105,19,60,20,20,40,-24,-48,0,0,10383
20170105,20,50,10,20,20,-44,-52,0,0,10389
20170105,21,40,10,20,30,-49,-61,0,0,10395
20170105,22,50,20,20,30,-48,-62,0,0,10397
20170105,23,80,20,20,20,-56,-64,0,0,10401
20170105,24,100,20,20,30,-51,-66,0,0,10404
20170106,1,110,10,20,20,-61,-70,0,0,10403
20170106,2,110,10,20,20,-48,-60,0,0,10403
20170106,3,120,20,20,30,-53,-71,0,0,10405
20170106,4,120,20,20,30,-56,-73,0,0,10406
20170106,5,140,20,20,30,-57,-73,0,0,10406
20170106,6,130,10,10,30,-59,-71,0,0,10408
20170106,7,140,20,20,40,-58,-75,0,0,10408
20170106,8,150,20,20,40,-56,-76,0,0,10410
20170106,9,150,10,10,30,-50,-66,2,11,10415
20170106,10,150,20,30,40,-32,-64,10,53,10410
20170106,11,170,30,30,50,-21,-64,10,72,10404
20170106,12,170,30,30,50,-13,-57,10,87,10399
20170106,13,180,30,30,50,-5,-62,10,82,10393
20170106,14,180,40,30,60,-5,-65,10,60,10389
20170106,15,170,30,30,50,-13,-59,10,24,10387
20170106,16,170,20,10,50,-17,-61,0,3,10386
20170106,17,170,30,30,50,-21,-64,0,0,10384
20170106,18,180,30,30,60,-17,-65,0,0,10377
20170106,19,180,40,40,60,-14,-64,0,0,10375
20170106,20,180,40,40,60,-14,-59,0,0,10368
20170106,21,190,40,40,60,-10,-57,0,0,10365
20170106,22,190,40,40,70,-9,-55,0,0,10361
20170106,23,190,40,40,70,-10,-53,0,0,10356
20170106,24,200,40,40,70,-10,-52,0,0,10352
20170107,1,210,40,50,70,-20,-33,0,0,10347
20170107,2,190,40,40,70,-19,-29,0,0,10339
20170107,3,180,50,50,80,-17,-26,0,0,10330
20170107,4,190,50,60,90,-15,-22,0,0,10325
20170107,5,190,50,50,90,-14,-21,0,0,10318
20170107,6,190,50,50,90,-12,-19,0,0,10313
20170107,7,190,50,50,90,-9,-16,0,0,10313
20170107,8,190,40,40,90,-7,-13,0,0,10313
20170107,9,200,40,40,80,-6,-11,0,2,10309
20170107,10,210,40,40,60,-4,-8,0,7,10310
20170107,11,210,40,40,60,-1,-5,0,12,10306
20170107,12,210,40,30,60,-2,-4,0,15,10300
20170107,13,210,30,30,50,0,-1,0,10,10295
20170107,14,210,30,20,50,0,-1,0,8,10295
20170107,15,210,30,20,40,2,0,0,5,10294
20170107,16,220,20,30,40,3,2,0,2,10294
20170107,17,220,20,20,40,5,3,0,0,10295
20170107,18,230,20,20,20,6,6,0,0,10295
20170107,19,230,10,10,30,4,3,0,0,10294
20170107,20,230,10,10,20,6,6,0,0,10296
20170107,21,270,10,10,20,4,4,0,0,10297
20170107,22,270,10,10,20,4,3,0,0,10299
20170107,23,310,20,10,30,7,6,0,0,10299
20170107,24,300,20,20,40,33,32,0,0,10298
20170108,1,310,20,20,40,41,40,0,0,10295
20170108,2,310,10,20,40,36,36,0,0,10298
20170108,3,300,20,20,30,42,41,0,0,10300
20170108,4,320,20,20,40,47,46,0,0,10297
20170108,5,320,20,20,40,45,44,0,0,10301
20170108,6,310,20,20,40,43,42,0,0,10303
20170108,7,300,20,20,30,42,41,0,0,10305
20170108,8,330,20,20,30,41,41,0,1,10310
20170108,9,330,10,10,30,34,34,0,9,10316
20170108,10,300,20,20,30,40,39,0,18,10318
20170108,11,320,10,10,30,49,48,0,22,10319
20170108,12,310,10,10,20,54,54,0,24,10318
20170108,13,330,10,10,30,53,49,0,22,10316
20170108,14,300,10,10,20,54,49,0,16,10315
20170108,15,990,10,10,30,56,49,0,8,10316
20170108,16,20,10,10,20,49,46,0,1,10319
20170108,17,20,20,20,40,50,34,0,0,10320
20170108,18,0,10,0,40,42,33,0,0,10316
20170108,19,0,10,0,10,37,33,0,0,10314
20170108,20,60,10,10,20,34,30,0,0,10315
20170108,21,120,10,10,20,36,33,0,0,10313
20170108,22,210,10,10,30,42,34,0,0,10311
20170108,23,120,10,20,30,33,31,0,0,10307
20170108,24,160,10,20,20,34,32,0,0,10303
20170109,1,150,20,20,30,37,32,0,0,10295
20170109,2,150,20,20,30,38,34,0,0,10288
20170109,3,150,20,20,30,36,32,0,0,10284
20170109,4,180,20,20,40,37,33,0,0,10277
20170109,5,160,20,20,40,36,33,0,0,10270
20170109,6,160,20,20,40,35,35,0,0,10262
20170109,7,180,20,30,50,36,36,0,0,10255
20170109,8,180,20,20,40,38,38,0,0,10252
20170109,9,180,30,30,50,43,43,0,4,10244
20170109,10,190,30,40,60,46,46,0,8,10238
20170109,11,180,40,40,60,48,47,0,12,10229
20170109,12,210,40,30,70,51,50,0,12,10216
20170109,13,210,40,50,70,56,54,0,13,10202
20170109,14,210,50,50,80,57,54,0,8,10191
20170109,15,200,40,40,80,56,54,0,4,10178
20170109,16,190,50,50,80,55,51,0,1,10169
20170109,17,190,40,50,80,54,50,0,0,10157
20170109,18,180,50,60,90,55,49,0,0,10145
20170109,19,190,60,50,90,57,50,0,0,10134
20170109,20,190,60,60,100,58,50,0,0,10121
20170109,21,190,60,50,100,58,50,0,0,10109
20170109,22,190,60,60,100,57,49,0,0,10095
20170109,23,180,60,70,110,58,50,0,0,10080
20170109,24,180,60,60,110,56,49,0,0,10071
20170110,1,200,50,50,100,57,49,0,0,10064
20170110,2,280,30,20,80,56,51,0,0,10064
20170110,3,260,10,20,30,54,50,0,0,10062
20170110,4,270,30,30,50,53,41,0,0,10061
20170110,5,250,20,20,50,43,31,0,0,10061
20170110,6,240,20,20,40,36,27,0,0,10063
20170110,7,230,20,20,40,34,31,0,0,10066
20170110,8,230,20,20,40,35,30,0,0,10073
20170110,9,210,30,20,60,44,39,0,7,10077
20170110,10,220,30,20,50,50,43,3,31,10082
20170110,11,230,30,20,50,55,46,0,25,10083
20170110,12,230,30,30,60,62,45,2,49,10081
20170110,13,220,30,30,50,61,48,0,30,10083
20170110,14,210,30,30,40,64,50,2,27,10086
20170110,15,200,30,30,40,63,49,3,20,10094
20170110,16,200,30,30,50,55,46,0,3,10102
20170110,17,200,30,30,50,54,46,0,0,10105
20170110,18,200,30,30,60,53,46,0,0,10109
20170110,19,200,30,30,50,53,48,0,0,10109
20170110,20,210,30,30,50,55,50,0,0,10111
20170110,21,220,30,30,60,57,51,0,0,10111
20170110,22,210,30,40,60,58,50,0,0,10112
20170110,23,210,40,40,60,57,50,0,0,10110
20170110,24,220,30,40,50,57,52,0,0,10107
20170111,1,220,40,40,70,59,53,0,0,10100
20170111,2,210,40,40,70,58,52,0,0,10095
20170111,3,220,50,40,80,58,50,0,0,10089
20170111,4,200,50,60,90,57,46,0,0,10075
20170111,5,210,60,60,100,60,46,0,0,10062
20170111,6,210,70,70,120,60,50,0,0,10058
20170111,7,210,60,60,120,63,54,0,0,10046
20170111,8,220,70,60,110,69,60,0,0,10039
20170111,9,230,80,80,130,73,64,0,2,10031
20170111,10,250,70,60,140,78,68,0,7,10025
20170111,11,280,60,70,130,99,66,0,33,10023
20170111,12,280,70,70,150,94,50,2,44,10027
20170111,13,290,70,80,140,98,31,7,72,10029
20170111,14,290,80,90,160,89,24,7,61,10032
20170111,15,290,70,60,160,83,23,10,29,10043
20170111,16,290,70,60,150,76,19,2,6,10047
20170111,17,290,60,70,130,75,15,0,0,10056
20170111,18,280,70,60,140,74,14,0,0,10062
20170111,19,290,70,60,170,69,10,0,0,10069
20170111,20,290,60,70,150,69,9,0,0,10075
20170111,21,290,60,60,140,63,7,0,0,10077
20170111,22,280,60,70,120,65,4,0,0,10084
20170111,23,280,70,60,140,65,1,0,0,10091
20170111,24,280,60,60,140,62,-3,0,0,10093
20170112,1,270,50,50,140,64,6,0,0,10094
20170112,2,280,50,50,130,58,5,0,0,10096
20170112,3,270,50,40,100,61,6,0,0,10097
20170112,4,270,50,50,130,63,6,0,0,10094
20170112,5,260,50,50,120,61,9,0,0,10091
20170112,6,250,50,50,90,60,9,0,0,10088
20170112,7,250,50,50,110,61,14,0,0,10085
20170112,8,250,50,50,110,60,16,0,0,10086
20170112,9,250,50,50,100,62,15,5,14,10084
20170112,10,230,40,50,90,63,27,2,30,10082
20170112,11,230,50,50,100,66,36,0,29,10075
20170112,12,240,60,50,110,73,36,5,73,10060
20170112,13,230,60,50,110,68,34,2,38,10047
20170112,14,230,50,50,100,68,34,0,25,10031
20170112,15,220,50,50,100,67,29,0,11,10017
20170112,16,200,50,50,90,59,37,0,2,10000
20170112,17,190,40,40,90,50,38,0,0,9976
20170112,18,160,30,30,60,46,39,0,0,9951
20170112,19,150,40,40,70,45,37,0,0,9920
20170112,20,150,40,40,90,42,31,0,0,9892
20170112,21,160,50,40,100,33,21,0,0,9871
20170112,22,110,40,30,70,17,11,0,0,9853
20170112,23,350,30,30,50,3,1,0,0,9843
20170112,24,350,40,40,70,3,0,0,0,9844
20170113,1,340,50,50,90,3,1,0,0,9859
20170113,2,340,60,70,130,9,5,0,0,9884
20170113,3,310,60,50,110,18,10,0,0,9907
20170113,4,310,40,40,110,24,3,0,0,9922
20170113,5,300,40,40,120,29,-2,0,0,9940
20170113,6,280,40,40,140,25,-8,0,0,9956
20170113,7,290,40,50,110,23,-3,0,0,9976
20170113,8,290,40,50,100,21,3,0,0,9989
20170113,9,280,40,30,100,21,-2,0,8,9999
20170113,10,260,50,50,100,22,-5,0,20,10003
20170113,11,270,40,50,90,39,-9,8,72,10006
20170113,12,240,50,50,100,34,-3,10,89,10005
20170113,13,270,50,50,100,43,-28,7,80,10001
20170113,14,230,40,40,90,36,-6,3,46,10001
20170113,15,230,50,40,80,30,6,2,12,10004
20170113,16,220,50,50,80,24,12,2,5,10001
20170113,17,240,40,30,80,8,5,0,0,10004
20170113,18,320,20,40,100,40,28,0,0,10010
20170113,19,320,60,70,130,54,19,0,0,10018
20170113,20,320,70,60,140,51,14,0,0,10029
20170113,21,320,60,70,130,51,11,0,0,10039
20170113,22,320,70,80,130,56,3,0,0,10047
20170113,23,310,60,50,130,47,-8,0,0,10058
20170113,24,320,50,40,100,47,-19,0,0,10068
20170114,1,320,50,50,110,42,-20,0,0,10073
20170114,2,310,50,40,110,32,-10,0,0,10079
20170114,3,310,50,50,170,17,-4,0,0,10088
20170114,4,310,40,30,110,15,-7,0,0,10097
20170114,5,320,40,30,100,15,-3,0,0,10106
20170114,6,300,30,20,80,13,-2,0,0,10111
20170114,7,300,30,40,70,18,-1,0,0,10117
20170114,8,270,20,30,70,17,-6,0,1,10120
20170114,9,240,40,40,70,19,-1,0,7,10121
20170114,10,260,40,30,80,13,3,3,30,10124
20170114,11,260,30,40,90,21,7,0,11,10121
20170114,12,280,40,30,100,16,7,0,26,10120
20170114,13,280,30,30,70,14,8,0,15,10120
20170114,14,310,30,30,50,34,17,8,57,10127
20170114,15,270,30,30,60,37,13,10,39,10131
20170114,16,350,40,50,90,31,-9,2,8,10141
20170114,17,310,30,20,110,10,-2,0,0,10148
20170114,18,290,20,20,100,14,-3,0,0,10151
20170114,19,320,30,60,100,18,-3,0,0,10158
20170114,20,290,30,20,100,12,-5,0,0,10160
20170114,21,300,20,30,70,13,1,0,0,10164
20170114,22,310,20,20,40,12,0,0,0,10168
20170114,23,300,20,10,60,4,-1,0,0,10172
20170114,24,270,20,20,40,4,-6,0,0,10175
20170115,1,270,20,20,40,1,-8,0,0,10177
20170115,2,290,20,20,40,-8,-14,0,0,10183
20170115,3,280,20,30,40,2,-15,0,0,10186
20170115,4,280,20,20,40,-15,-22,0,0,10185
20170115,5,280,20,20,40,-5,-16,0,0,10191
20170115,6,260,20,20,40,-6,-18,0,0,10194
20170115,7,280,20,10,40,-14,-23,0,0,10199
20170115,8,270,20,20,40,0,-8,0,2,10204
20170115,9,270,20,20,30,12,-3,10,31,10206
20170115,10,260,20,20,30,21,2,5,41,10208
20170115,11,270,20,10,30,28,3,3,54,10208
20170115,12,250,10,10,30,31,3,0,39,10207
20170115,13,250,20,20,30,34,2,0,47,10207
20170115,14,250,20,20,30,44,5,3,42,10207
20170115,15,240,10,10,40,42,13,10,31,10210
20170115,16,230,10,10,20,22,7,2,5,10211
20170115,17,0,10,0,20,5,1,0,0,10217
20170115,18,240,10,10,10,-1,-6,0,0,10223
20170115,19,280,10,20,20,-4,-6,0,0,10225
20170115,20,270,10,10,30,-13,-16,0,0,10229
20170115,21,280,10,20,30,-9,-11,0,0,10231
20170115,22,990,10,10,30,-7,-10,0,0,10236
20170115,23,330,10,10,20,2,1,0,0,10238
20170115,24,330,20,20,30,12,8,0,0,10239
20170116,1,330,20,20,30,9,6,0,0,10240
20170116,2,340,20,10,30,5,2,0,0,10243
20170116,3,350,10,10,30,-3,-4,0,0,10244
20170116,4,350,10,10,20,-4,-5,0,0,10247
20170116,5,340,10,10,20,-14,-15,0,0,10253
20170116,6,30,10,10,30,-21,-21,0,0,10258
20170116,7,0,10,0,20,-12,-12,0,0,10261
20170116,8,10,10,20,40,-2,-4,0,2,10268
20170116,9,60,10,20,40,1,-5,10,28,10275
20170116,10,50,20,20,50,-5,-7,0,21,10279
20170116,11,80,20,20,30,-5,-10,0,39,10283
20170116,12,90,20,20,30,-5,-14,3,75,10284
20170116,13,100,30,20,40,-8,-19,5,72,10287
20170116,14,110,20,20,40,-13,-20,0,25,10293
20170116,15,100,20,30,40,-16,-25,0,10,10298
20170116,16,100,30,30,50,-23,-34,0,3,10304
20170116,17,70,20,30,50,-24,-41,0,0,10309
20170116,18,90,30,20,50,-25,-45,0,0,10314
20170116,19,50,20,20,40,-27,-43,0,0,10320
20170116,20,60,20,10,40,-30,-43,0,0,10327
20170116,21,40,20,20,40,-32,-42,0,0,10334
20170116,22,50,20,20,30,-39,-44,0,0,10341
20170116,23,80,20,20,30,-42,-47,0,0,10345
20170116,24,90,10,20,30,-44,-52,0,0,10348
20170117,1,110,20,20,40,-48,-55,0,0,10347
20170117,2,80,20,20,40,-49,-55,0,0,10354
20170117,3,100,20,20,40,-46,-50,0,0,10353
20170117,4,90,10,10,30,-46,-52,0,0,10360
20170117,5,90,20,20,40,-45,-53,0,0,10363
20170117,6,140,20,20,40,-44,-53,0,0,10367
20170117,7,160,20,10,30,-43,-52,0,0,10374
20170117,8,90,20,20,30,-39,-51,0,1,10379
20170117,9,160,20,20,40,-37,-49,0,7,10385
20170117,10,120,30,30,50,-33,-46,0,23,10388
20170117,11,150,30,30,40,-30,-48,0,49,10390
20170117,12,140,20,10,40,-25,-47,3,67,10390
20170117,13,140,10,10,30,-13,-43,10,93,10386
20170117,14,120,10,10,20,-6,-41,10,68,10386
20170117,15,0,0,0,10,9,-41,10,42,10386
20170117,16,50,10,10,20,-11,-37,3,12,10387
20170117,17,40,20,20,20,-21,-40,0,0,10390
20170117,18,110,20,10,20,-37,-46,0,0,10393
20170117,19,140,20,20,30,-40,-49,0,0,10395
20170117,20,100,10,10,30,-46,-54,0,0,10398
20170117,21,120,20,20,40,-43,-43,0,0,10401
20170117,22,100,20,20,30,-42,-45,0,0,10401
20170117,23,100,20,10,30,-42,-44,0,0,10402
20170117,24,100,10,10,30,-46,-48,0,0,10402
20170118,1,120,20,20,30,-48,-52,0,0,10402
20170118,2,100,20,20,30,-52,-55,0,0,10401
20170118,3,80,20,10,30,-51,-56,0,0,10401
20170118,4,130,10,20,30,-52,-55,0,0,10401
20170118,5,130,20,20,30,-46,-50,0,0,10399
20170118,6,140,10,10,30,-47,-52,0,0,10399
20170118,7,110,10,10,20,-48,-51,0,0,10401
20170118,8,110,20,20,30,-47,-53,0,0,10407
20170118,9,110,20,10,30,-44,-48,0,6,10408
20170118,10,120,20,20,30,-42,-48,0,9,10412
20170118,11,150,20,10,40,-40,-47,0,26,10409
20170118,12,150,10,10,30,-35,-40,0,29,10406
20170118,13,130,10,10,30,-31,-41,2,40,10400
20170118,14,40,10,10,20,-27,-36,5,57,10398
20170118,15,90,10,10,30,-24,-32,8,38,10400
20170118,16,130,10,10,20,-26,-33,3,9,10400
20170118,17,60,10,10,20,-28,-35,0,0,10398
20170118,18,60,10,10,20,-28,-37,0,0,10395
20170118,19,30,10,10,20,-25,-35,0,0,10393
20170118,20,90,10,10,20,-23,-32,0,0,10393
20170118,21,90,10,10,20,-26,-34,0,0,10391
20170118,22,50,10,10,20,-36,-42,0,0,10391
20170118,23,50,10,10,20,-44,-49,0,0,10393
20170118,24,60,10,10,20,-48,-51,0,0,10389
20170119,1,50,10,10,20,-42,-48,0,0,10385
20170119,2,100,10,10,20,-32,-40,0,0,10387
20170119,3,0,0,0,10,-37,-45,0,0,10386
20170119,4,20,10,10,20,-43,-50,0,0,10387
20170119,5,70,10,10,20,-47,-53,0,0,10385
20170119,6,30,10,10,20,-41,-48,0,0,10385
20170119,7,60,10,10,20,-48,-53,0,0,10384
20170119,8,20,10,10,10,-55,-60,0,3,10389
20170119,9,40,10,10,20,-32,-46,10,44,10391
20170119,10,70,10,10,10,-19,-37,7,58,10389
20170119,11,60,10,10,20,0,-25,7,93,10388
20170119,12,90,10,10,20,16,-44,10,125,10383
20170119,13,50,10,20,30,25,-36,10,110,10379
20170119,14,60,10,10,20,30,-41,10,80,10375
20170119,15,40,20,20,30,27,-29,10,45,10374
20170119,16,40,20,20,30,15,-29,3,12,10375
20170119,17,30,20,10,30,-5,-31,0,0,10374
20170119,18,50,10,10,20,-21,-32,0,0,10376
20170119,19,30,20,10,30,-14,-31,0,0,10378
20170119,20,60,20,20,30,-26,-37,0,0,10377
20170119,21,50,10,20,30,-37,-43,0,0,10378
20170119,22,70,20,10,30,-31,-40,0,0,10373
20170119,23,70,20,10,30,-33,-42,0,0,10372
20170119,24,40,10,10,30,-42,-49,0,0,10369
20170120,1,40,10,20,20,-43,-52,0,0,10366
20170120,2,30,10,10,30,-48,-54,0,0,10366
20170120,3,50,20,20,30,-38,-54,0,0,10363
20170120,4,80,20,10,30,-41,-54,0,0,10366
20170120,5,70,20,20,30,-47,-60,0,0,10362
20170120,6,50,20,10,30,-42,-63,0,0,10362
20170120,7,40,20,20,30,-45,-62,0,0,10361
20170120,8,40,20,20,30,-41,-62,0,2,10363
20170120,9,40,20,20,40,-8,-73,10,23,10363
20170120,10,40,10,10,30,15,-66,10,59,10364
20170120,11,70,10,20,40,30,-81,8,75,10360
20170120,12,90,30,20,50,45,-78,10,91,10355
20170120,13,70,30,30,50,50,-67,10,86,10350
20170120,14,70,30,30,50,50,-74,10,67,10345
20170120,15,40,20,20,40,43,-56,10,42,10345
20170120,16,40,20,20,40,29,-45,3,11,10346
20170120,17,50,30,30,50,15,-49,0,0,10346
20170120,18,60,20,20,40,8,-70,0,0,10343
20170120,19,60,30,30,50,8,-71,0,0,10345
20170120,20,50,20,20,50,2,-41,0,0,10346
20170120,21,70,20,20,40,0,-26,0,0,10343
20170120,22,80,20,20,40,-1,-20,0,0,10341
20170120,23,60,20,20,40,-2,-17,0,0,10339
20170120,24,60,20,10,40,-12,-18,0,0,10335
20170121,1,70,10,20,30,-4,-12,0,0,10329
20170121,2,50,30,30,40,2,-8,0,0,10327
20170121,3,60,20,10,40,-10,-15,0,0,10325
20170121,4,60,20,10,30,-16,-19,0,0,10323
20170121,5,40,20,20,30,-7,-12,0,0,10320
20170121,6,50,20,20,30,-10,-16,0,0,10315
20170121,7,60,30,30,40,-11,-16,0,0,10313
20170121,8,60,20,20,40,-12,-17,0,2,10314
20170121,9,80,30,30,60,6,-6,10,27,10314
20170121,10,90,40,40,60,18,-4,10,52,10312
20170121,11,90,40,40,60,29,0,10,86,10306
20170121,12,120,30,40,60,40,-4,10,99,10301
20170121,13,100,30,20,50,47,-5,10,97,10292
20170121,14,100,30,30,50,48,-10,10,79,10286
20170121,15,90,40,40,50,41,-23,10,47,10282
20170121,16,100,30,30,60,25,-35,5,14,10280
20170121,17,90,30,20,50,5,-37,0,0,10282
20170121,18,90,20,20,30,-10,-31,0,0,10283
20170121,19,90,20,20,30,-20,-33,0,0,10285
20170121,20,90,10,20,20,-30,-36,0,0,10284
20170121,21,90,10,10,20,-35,-39,0,0,10283
20170121,22,110,10,20,20,-43,-48,0,0,10282
20170121,23,110,10,10,20,-45,-52,0,0,10282
20170121,24,120,10,10,30,-47,-51,0,0,10280
20170122,1,100,10,10,20,-61,-68,0,0,10277
20170122,2,160,10,10,20,-62,-68,0,0,10278
20170122,3,170,10,20,20,-64,-69,0,0,10278
20170122,4,170,10,10,20,-65,-71,0,0,10277
20170122,5,140,10,10,10,-66,-71,0,0,10276
20170122,6,150,10,10,20,-71,-78,0,0,10274
20170122,7,150,10,20,20,-70,-77,0,0,10273
20170122,8,140,10,10,20,-67,-75,0,2,10276
20170122,9,160,10,20,20,-41,-49,10,46,10279
20170122,10,0,10,0,20,-11,-34,10,84,10281
20170122,11,160,10,10,10,7,-22,10,132,10279
20170122,12,180,10,10,20,21,-29,10,138,10274
20170122,13,300,10,10,30,33,-29,10,108,10269
20170122,14,280,10,20,30,33,-25,10,77,10267
20170122,15,330,20,10,30,28,-17,10,40,10268
20170122,16,340,10,10,20,7,-18,5,10,10269
20170122,17,360,0,10,10,-15,-27,0,0,10271
20170122,18,320,10,10,20,-14,-24,0,0,10270
20170122,19,340,10,20,30,-2,-14,0,0,10270
20170122,20,10,10,10,50,1,-11,0,0,10271
20170122,21,340,10,20,30,7,-4,0,0,10273
20170122,22,350,20,20,40,20,0,0,0,10274
20170122,23,10,20,20,40,22,-1,0,0,10274
20170122,24,10,10,10,40,14,-3,0,0,10275
20170123,1,360,10,10,20,9,-5,0,0,10273
20170123,2,320,10,10,30,6,-6,0,0,10277
20170123,3,350,10,10,20,2,-7,0,0,10273
20170123,4,0,0,0,10,1,-6,0,0,10269
20170123,5,0,0,0,10,-3,-9,0,0,10272
20170123,6,150,10,10,20,0,-4,0,0,10276
20170123,7,170,10,20,30,6,-6,0,0,10273
20170123,8,160,20,20,30,10,-4,0,1,10276
20170123,9,180,20,10,30,15,0,0,14,10278
20170123,10,150,20,20,30,21,2,0,30,10282
20170123,11,200,20,30,40,28,2,0,42,10280
20170123,12,190,30,30,50,29,3,2,44,10276
20170123,13,180,30,30,50,27,4,0,22,10271
20170123,14,180,30,20,50,26,1,0,19,10268
20170123,15,180,30,30,50,24,1,0,7,10264
20170123,16,180,30,30,60,22,1,0,1,10263
20170123,17,200,30,30,50,21,3,0,0,10265
20170123,18,200,30,30,50,21,9,0,0,10263
20170123,19,190,30,20,50,21,13,0,0,10263
20170123,20,220,20,20,40,20,11,0,0,10264
20170123,21,240,30,20,50,21,12,0,0,10263
20170123,22,240,20,20,50,17,14,0,0,10262
20170123,23,210,20,20,30,15,14,0,0,10261
20170123,24,240,20,20,40,13,13,0,0,10262
20170124,1,240,20,10,30,13,13,0,0,10261
20170124,2,190,20,20,40,13,12,0,0,10261
20170124,3,160,20,20,30,9,8,0,0,10259
20170124,4,210,20,20,30,9,9,0,0,10259
20170124,5,150,10,10,30,9,9,0,0,10261
20170124,6,160,10,10,20,8,8,0,0,10264
20170124,7,140,10,20,30,7,6,0,0,10269
20170124,8,140,20,10,30,5,5,0,2,10275
20170124,9,150,20,20,30,5,5,0,10,10282
20170124,10,120,20,20,30,9,9,0,20,10288
20170124,11,160,20,20,40,16,16,0,31,10290
20170124,12,120,20,20,40,17,17,0,30,10291
20170124,13,140,20,20,30,20,20,0,24,10290
20170124,14,130,20,20,40,16,15,0,18,10291
20170124,15,160,30,30,40,13,12,0,13,10294
20170124,16,150,20,20,40,11,11,0,4,10297
20170124,17,150,20,20,30,6,6,0,0,10302
20170124,18,130,20,20,40,3,3,0,0,10306
20170124,19,150,30,30,40,0,0,0,0,10308
20170124,20,160,30,20,50,2,2,0,0,10310
20170124,21,170,20,20,40,5,4,0,0,10309
20170124,22,160,30,20,50,4,2,0,0,10310
20170124,23,160,20,30,40,3,-2,0,0,10315
20170124,24,140,20,30,40,0,-3,0,0,10312
20170125,1,160,20,20,40,-5,-8,0,0,10311
20170125,2,180,20,30,50,-4,-14,0,0,10309
20170125,3,170,20,30,40,-4,-17,0,0,10311
20170125,4,130,20,20,40,-5,-17,0,0,10312
20170125,5,140,20,20,30,-5,-20,0,0,10312
20170125,6,120,10,10,30,-6,-20,0,0,10312
20170125,7,0,0,0,10,-5,-20,0,0,10313
20170125,8,70,10,10,30,-4,-17,0,0,10317
20170125,9,130,20,20,40,1,-22,0,4,10319
20170125,10,110,30,20,50,4,-18,0,19,10319
20170125,11,130,30,30,60,5,-23,0,34,10313
20170125,12,140,40,40,60,2,-27,0,31,10308
20170125,13,120,40,30,60,3,-25,0,28,10300
20170125,14,150,40,40,60,-1,-31,0,24,10296
20170125,15,150,30,30,60,-3,-31,0,17,10297
20170125,16,140,30,30,50,-7,-36,0,5,10297
20170125,17,120,30,30,50,-7,-37,0,0,10297
20170125,18,100,30,30,50,-18,-43,0,0,10297
20170125,19,80,20,20,30,-25,-46,0,0,10296
20170125,20,80,20,20,30,-32,-49,0,0,10294
20170125,21,80,20,20,30,-34,-48,0,0,10293
20170125,22,80,20,20,30,-39,-51,0,0,10292
20170125,23,100,30,30,40,-37,-51,0,0,10289
20170125,24,110,30,30,40,-40,-55,0,0,10287
20170126,1,110,30,30,50,-44,-61,0,0,10281
20170126,2,110,30,30,40,-44,-62,0,0,10278
20170126,3,100,30,30,40,-52,-67,0,0,10273
20170126,4,110,30,30,40,-44,-63,0,0,10269
20170126,5,100,30,30,40,-51,-68,0,0,10267
20170126,6,110,30,30,40,-45,-63,0,0,10262
20170126,7,130,30,30,50,-34,-59,0,0,10258
20170126,8,140,30,30,50,-35,-60,0,3,10258
20170126,9,150,30,30,50,-30,-56,8,25,10258
20170126,10,150,40,40,70,-23,-53,10,61,10257
20170126,11,150,40,40,60,-16,-51,10,89,10253
20170126,12,150,40,50,80,-11,-52,9,94,10244
20170126,13,140,40,50,70,-8,-49,8,81,10238
20170126,14,130,40,40,70,1,-40,5,58,10234
20170126,15,140,40,30,70,6,-38,10,50,10230
20170126,16,130,30,20,60,1,-41,5,18,10228
20170126,17,110,30,30,40,-14,-45,0,1,10226
20170126,18,110,30,30,40,-21,-48,0,0,10226
20170126,19,100,20,20,40,-24,-49,0,0,10222
20170126,20,100,20,20,30,-31,-52,0,0,10216
20170126,21,90,30,20,40,-34,-54,0,0,10210
20170126,22,110,30,20,40,-37,-55,0,0,10208
20170126,23,100,20,20,30,-44,-57,0,0,10201
20170126,24,100,20,20,30,-48,-61,0,0,10196
20170127,1,80,20,10,30,-48,-61,0,0,10189
20170127,2,90,10,20,20,-64,-72,0,0,10182
20170127,3,100,20,20,30,-66,-72,0,0,10176
20170127,4,150,20,30,40,-33,-59,0,0,10177
20170127,5,130,30,30,50,-37,-61,0,0,10165
20170127,6,140,30,30,60,-36,-62,0,0,10167
20170127,7,140,40,40,70,-33,-61,0,0,10163
20170127,8,140,40,40,70,-24,-57,0,1,10160
20170127,9,150,50,50,90,-13,-50,3,21,10166
20170127,10,150,50,40,90,-1,-45,7,51,10170
20170127,11,150,40,40,70,12,-36,0,61,10172
20170127,12,160,50,50,80,29,-26,10,89,10169
20170127,13,150,40,30,90,42,-12,10,73,10165
20170127,14,150,40,40,60,51,-5,10,81,10166
20170127,15,150,30,30,60,50,-2,10,40,10163
20170127,16,150,30,30,60,46,-2,7,12,10165
20170127,17,140,30,30,60,44,-5,0,0,10167
20170127,18,140,40,40,70,43,-9,0,0,10166
20170127,19,140,40,40,70,42,-10,0,0,10166
20170127,20,150,40,50,80,40,-11,0,0,10166
20170127,21,150,40,40,80,38,-12,0,0,10167
20170127,22,150,40,40,80,32,-17,0,0,10167
20170127,23,150,40,40,70,34,-18,0,0,10167
20170127,24,150,40,40,70,37,-19,0,0,10162
20170128,1,150,40,40,70,40,-22,0,0,10158
20170128,2,150,40,50,70,37,-29,0,0,10156
20170128,3,150,50,40,70,30,-31,0,0,10155
20170128,4,150,40,40,70,22,-32,0,0,10156
20170128,5,140,40,40,60,25,-31,0,0,10154
20170128,6,150,40,40,60,25,-31,0,0,10155
20170128,7,150,40,40,70,26,-31,0,0,10154
20170128,8,150,40,40,70,34,-35,0,2,10153
20170128,9,160,40,50,80,39,-34,0,19,10154
20170128,10,160,50,50,80,49,-22,0,37,10153
20170128,11,160,50,50,80,56,-12,0,53,10153
20170128,12,160,40,40,80,65,0,2,65,10148
20170128,13,160,40,40,80,68,10,0,37,10144
20170128,14,160,30,30,60,76,18,2,55,10143
20170128,15,160,30,30,60,81,32,7,45,10144
20170128,16,140,30,20,40,74,35,5,15,10144
20170128,17,180,20,20,40,75,39,0,1,10148
20170128,18,180,20,20,40,70,38,0,0,10150
20170128,19,200,20,20,40,76,44,0,0,10151
20170128,20,200,30,30,50,68,52,0,0,10155
20170128,21,190,30,30,50,67,50,0,0,10161
20170128,22,200,30,30,50,64,47,0,0,10162
20170128,23,210,30,40,60,61,43,0,0,10165
20170128,24,200,40,30,60,58,41,0,0,10166
20170129,1,190,30,30,50,47,37,0,0,10164
20170129,2,190,30,30,60,46,35,0,0,10165
20170129,3,180,30,40,60,46,34,0,0,10165
20170129,4,190,40,30,60,46,34,0,0,10164
20170129,5,200,40,40,90,45,38,0,0,10165
20170129,6,180,30,40,90,44,37,0,0,10163
20170129,7,190,40,40,80,45,36,0,0,10165
20170129,8,200,40,30,80,41,32,0,1,10167
20170129,9,190,40,50,80,44,34,0,13,10168
20170129,10,210,50,60,100,49,35,0,24,10171
20170129,11,210,50,40,100,52,40,2,35,10171
20170129,12,210,50,40,90,56,44,0,28,10170
20170129,13,220,50,40,90,62,44,0,41,10170
20170129,14,220,50,50,80,62,38,0,28,10171
20170129,15,210,40,40,80,62,38,0,14,10170
20170129,16,180,40,30,80,60,34,3,13,10169
20170129,17,160,30,30,50,46,27,0,1,10171
20170129,18,170,20,30,50,38,22,0,0,10171
20170129,19,160,30,30,50,33,15,0,0,10168
20170129,20,160,30,30,60,36,18,0,0,10166
20170129,21,180,40,40,70,47,22,0,0,10160
20170129,22,160,40,40,70,42,21,0,0,10154
20170129,23,170,40,40,70,41,28,0,0,10148
20170129,24,150,40,40,70,40,31,0,0,10136
20170130,1,150,50,50,90,42,33,0,0,10122
20170130,2,150,50,60,100,43,38,0,0,10109
20170130,3,150,50,40,100,46,42,0,0,10095
20170130,4,160,50,50,80,50,47,0,0,10087
20170130,5,170,40,40,80,54,51,0,0,10081
20170130,6,170,30,30,60,56,54,0,0,10076
20170130,7,210,40,40,70,65,62,0,0,10075
20170130,8,220,40,40,80,69,65,0,0,10076
20170130,9,230,50,50,80,72,68,0,6,10075
20170130,10,240,50,50,80,71,67,0,12,10079
20170130,11,250,40,40,80,71,67,0,15,10082
20170130,12,320,40,40,70,67,63,0,12,10088
20170130,13,340,30,30,70,61,53,0,26,10092
20170130,14,350,30,40,70,57,46,0,21,10095
20170130,15,330,30,30,70,52,40,0,12,10103
20170130,16,350,40,40,80,42,26,0,5,10112
20170130,17,350,30,40,80,36,21,0,0,10122
20170130,18,360,40,30,70,30,18,0,0,10132
20170130,19,20,30,20,60,29,18,0,0,10138
20170130,20,340,20,10,50,33,17,0,0,10141
20170130,21,310,20,20,40,34,16,0,0,10145
20170130,22,360,20,30,50,35,15,0,0,10146
20170130,23,360,30,30,70,35,15,0,0,10147
20170130,24,360,30,30,80,35,13,0,0,10150
20170131,1,20,20,20,50,35,13,0,0,10151
20170131,2,350,20,20,40,35,15,0,0,10154
20170131,3,10,20,30,50,35,12,0,0,10153
20170131,4,20,20,20,50,34,14,0,0,10154
20170131,5,10,20,20,50,35,13,0,0,10157
20170131,6,320,20,10,40,33,15,0,0,10159
20170131,7,330,10,20,30,33,16,0,0,10162
20170131,8,320,10,20,30,32,17,0,1,10165
20170131,9,10,20,20,30,37,18,0,5,10168
20170131,10,40,10,10,30,40,21,0,21,10171
20170131,11,60,10,20,20,49,23,6,73,10173
20170131,12,50,20,20,30,50,19,0,54,10171
20170131,13,60,20,30,40,50,16,2,66,10168
20170131,14,70,30,30,50,45,20,0,26,10168
20170131,15,90,30,40,50,42,18,0,17,10172
20170131,16,100,20,20,50,40,16,0,4,10175
20170131,17,130,20,30,40,39,12,0,0,10179
20170131,18,100,20,30,50,35,13,0,0,10178
20170131,19,130,30,30,40,36,10,0,0,10180
20170131,20,130,30,30,60,35,8,0,0,10178
20170131,21,140,40,30,80,34,6,0,0,10176
20170131,22,140,40,40,70,34,5,0,0,10178
20170131,23,140,40,40,90,32,6,0,0,10177
20170131,24,130,40,50,70,26,5,0,0,10174
20170201,1,150,40,50,80,30,4,0,0,10173
20170201,2,140,40,30,90,20,-1,0,0,10170
20170201,3,120,30,40,60,9,-5,0,0,10166
20170201,4,140,40,40,70,12,-5,0,0,10164
20170201,5,140,40,40,70,9,-7,0,0,10159
20170201,6,140,50,50,80,7,-9,0,0,10156
20170201,7,130,50,50,90,9,0,0,0,10155
20170201,8,130,50,50,80,14,4,0,3,10153
20170201,9,140,50,50,80,20,2,0,20,10149
20170201,10,140,50,60,80,27,6,0,35,10147
20170201,11,150,50,50,100,33,15,0,34,10143
20170201,12,140,50,60,90,38,19,0,36,10134
20170201,13,140,50,50,90,47,19,0,27,10127
20170201,14,140,50,50,80,51,13,0,29,10120
20170201,15,140,50,60,90,49,13,0,21,10114
20170201,16,140,60,60,90,47,12,0,10,10109
20170201,17,140,60,60,90,45,11,0,1,10106
20170201,18,150,60,50,90,45,15,0,0,10105
20170201,19,150,50,40,90,43,26,0,0,10103
20170201,20,150,50,50,90,46,34,0,0,10100
20170201,21,150,50,50,80,49,40,0,0,10096
20170201,22,160,50,50,80,52,45,0,0,10093
20170201,23,160,50,40,80,53,46,0,0,10092
20170201,24,160,40,40,70,54,48,0,0,10090
20170202,1,150,40,40,70,59,51,0,0,10086
20170202,2,150,30,30,60,60,53,0,0,10086
20170202,3,150,30,30,60,57,52,0,0,10081
20170202,4,150,30,40,60,53,49,0,0,10076
20170202,5,160,40,40,60,55,50,0,0,10075
20170202,6,150,40,40,60,56,51,0,0,10074
20170202,7,160,40,40,60,59,53,0,0,10072
20170202,8,150,40,40,60,63,55,0,3,10069
20170202,9,160,50,40,80,68,58,0,17,10068
20170202,10,160,50,50,80,75,62,0,34,10063
20170202,11,150,50,50,80,87,67,4,81,10058
20170202,12,150,50,50,80,108,79,4,86,10048
20170202,13,150,50,60,90,124,81,10,117,10037
20170202,14,150,60,50,100,118,74,3,70,10032
20170202,15,150,50,50,110,118,73,8,61,10031
20170202,16,140,50,50,100,109,74,2,12,10028
20170202,17,140,50,50,80,106,75,0,1,10029
20170202,18,150,50,50,100,103,71,0,0,10030
20170202,19,150,60,50,100,102,68,0,0,10026
20170202,20,160,50,50,100,100,68,0,0,10026
20170202,21,160,40,40,80,96,70,0,0,10024
20170202,22,150,40,30,60,95,69,0,0,10022
20170202,23,160,30,40,70,93,71,0,0,10020
20170202,24,150,30,30,70,89,74,0,0,10020
20170203,1,140,30,40,60,86,71,0,0,10019
20170203,2,150,30,30,60,83,69,0,0,10019
20170203,3,170,30,20,50,87,69,0,0,10017
20170203,4,160,30,30,40,84,69,0,0,10017
20170203,5,190,30,30,60,91,73,0,0,10018
20170203,6,170,20,20,60,78,69,0,0,10021
20170203,7,190,20,20,40,88,76,0,0,10024
20170203,8,190,30,20,50,91,74,0,2,10027
20170203,9,190,30,30,50,91,74,0,13,10031
20170203,10,200,30,30,60,93,71,0,17,10034
20170203,11,200,30,40,60,97,72,0,39,10034
20170203,12,190,40,30,70,106,73,3,77,10025
20170203,13,190,40,30,60,117,70,9,121,10023
20170203,14,180,40,40,70,110,66,3,55,10020
20170203,15,160,30,20,60,104,60,0,11,10017
20170203,16,140,20,30,50,100,62,0,9,10013
20170203,17,150,30,40,60,89,52,0,1,10008
20170203,18,140,30,30,60,75,41,0,0,10005
20170203,19,140,40,40,70,69,42,0,0,10003
20170203,20,140,40,40,70,67,37,0,0,9999
20170203,21,130,40,40,80,67,32,0,0,9993
20170203,22,140,50,40,80,69,34,0,0,9984
20170203,23,140,50,50,80,64,33,0,0,9978
20170203,24,140,40,30,70,65,35,0,0,9973
20170204,1,170,30,30,60,69,42,0,0,9976
20170204,2,210,40,50,70,67,53,0,0,9984
20170204,3,220,40,40,80,66,50,0,0,9988
20170204,4,210,40,40,90,58,43,0,0,9992
20170204,5,200,40,30,70,50,37,0,0,9993
20170204,6,170,30,30,50,42,32,0,0,9997
20170204,7,160,30,30,50,35,28,0,0,9999
20170204,8,130,30,20,50,28,23,0,6,9998
20170204,9,140,20,20,40,43,31,0,25,9997
20170204,10,130,20,20,40,51,34,0,38,9994
20170204,11,80,20,30,40,64,42,2,54,9985
20170204,12,100,30,30,50,69,43,0,58,9987
20170204,13,70,30,30,50,74,37,0,38,9984
20170204,14,80,30,30,50,72,40,0,22,9985
20170204,15,90,40,40,60,70,47,0,18,9988
20170204,16,90,30,30,50,63,51,0,3,9990
20170204,17,60,20,20,50,59,52,0,0,9992
20170204,18,40,20,20,40,59,53,0,0,9994
20170204,19,110,30,20,50,59,47,0,0,9995
20170204,20,30,10,10,40,56,50,0,0,9995
20170204,21,360,10,10,20,55,54,0,0,9996
20170204,22,320,10,10,20,54,53,0,0,9998
20170204,23,280,10,10,20,53,52,0,0,10002
20170204,24,270,20,20,40,52,50,0,0,10005
20170205,1,270,30,30,50,51,43,0,0,10007
20170205,2,280,30,20,60,49,44,0,0,10007
20170205,3,240,20,20,40,46,41,0,0,10009
20170205,4,240,20,20,40,47,41,0,0,10010
20170205,5,210,10,20,30,29,28,0,0,10011
20170205,6,210,20,20,40,37,37,0,0,10011
20170205,7,200,20,20,40,39,38,0,0,10014
20170205,8,180,20,20,40,38,38,0,3,10016
20170205,9,170,20,30,50,41,38,0,6,10021
20170205,10,130,20,20,50,58,41,5,59,10021
20170205,11,140,20,20,40,63,45,9,94,10019
20170205,12,130,20,20,30,65,41,3,73,10026
20170205,13,50,20,20,30,73,43,6,91,10026
20170205,14,60,20,20,50,72,37,5,79,10024
20170205,15,70,20,20,40,71,38,5,52,10035
20170205,16,40,20,30,40,68,42,8,33,10041
20170205,17,20,30,30,60,55,43,0,2,10045
20170205,18,30,30,30,60,43,33,0,0,10058
20170205,19,20,30,30,60,37,24,0,0,10064
20170205,20,360,20,20,50,31,19,0,0,10078
20170205,21,20,20,20,40,26,15,0,0,10087
20170205,22,10,20,20,40,21,12,0,0,10097
20170205,23,350,10,10,30,-2,-4,0,0,10106
20170205,24,360,20,20,20,-10,-11,0,0,10116
20170206,1,360,20,20,30,15,10,0,0,10122
20170206,2,350,20,20,40,24,17,0,0,10130
20170206,3,360,20,10,30,25,19,0,0,10137
20170206,4,10,10,10,20,22,19,0,0,10146
20170206,5,350,10,10,20,26,23,0,0,10157
20170206,6,320,20,20,30,31,27,0,0,10163
20170206,7,340,20,20,30,31,27,0,0,10173
20170206,8,360,20,20,20,35,29,0,1,10180
20170206,9,30,10,10,20,39,31,0,9,10185
20170206,10,100,10,10,20,45,35,0,26,10187
20170206,11,70,20,20,30,56,34,0,38,10191
20170206,12,60,10,10,30,60,37,0,37,10190
20170206,13,990,10,10,20,63,36,0,34,10189
20170206,14,90,0,10,10,64,37,0,31,10190
20170206,15,80,10,10,10,65,36,0,21,10191
20170206,16,60,10,10,20,59,42,0,7,10194
20170206,17,70,20,20,40,53,40,0,1,10198
20170206,18,80,20,30,40,50,38,0,0,10199
20170206,19,90,30,30,40,48,36,0,0,10197
20170206,20,100,30,30,50,45,32,0,0,10194
20170206,21,110,30,30,50,45,32,0,0,10194
20170206,22,110,30,30,50,42,28,0,0,10189
20170206,23,110,30,30,60,40,23,0,0,10189
20170206,24,110,30,40,50,38,20,0,0,10186
20170207,1,100,40,30,60,37,19,0,0,10184
20170207,2,90,40,40,60,33,18,0,0,10179
20170207,3,100,40,40,60,33,18,0,0,10176
20170207,4,110,40,40,70,32,17,0,0,10173
20170207,5,90,50,50,80,31,16,0,0,10169
20170207,6,90,40,40,70,28,13,0,0,10168
20170207,7,100,50,50,70,26,10,0,0,10168
20170207,8,100,50,50,80,26,10,0,2,10168
20170207,9,100,40,40,80,25,13,0,8,10168
20170207,10,90,50,50,80,25,14,0,23,10166
20170207,11,100,40,40,70,27,16,0,17,10169
20170207,12,90,40,40,60,27,21,0,19,10165
20170207,13,90,40,40,60,27,22,0,16,10161
20170207,14,90,40,30,60,29,24,0,15,10163
20170207,15,90,40,40,60,31,26,0,17,10165
20170207,16,80,40,40,70,26,22,0,5,10169
20170207,17,80,40,50,70,20,14,0,1,10171
20170207,18,80,40,40,70,16,11,0,0,10175
20170207,19,80,40,40,70,14,9,0,0,10177
20170207,20,70,40,40,70,12,6,0,0,10180
20170207,21,70,40,40,70,11,5,0,0,10182
20170207,22,70,40,40,70,11,5,0,0,10185
20170207,23,70,40,40,70,10,3,0,0,10188
20170207,24,70,40,40,70,9,4,0,0,10193
20170208,1,70,40,40,80,8,2,0,0,10196
20170208,2,70,40,40,80,8,2,0,0,10198
20170208,3,60,40,40,80,7,2,0,0,10201
20170208,4,60,40,40,60,5,-1,0,0,10205
20170208,5,60,40,50,70,5,-2,0,0,10210
20170208,6,70,40,40,80,4,-3,0,0,10216
20170208,7,50,40,40,70,3,-4,0,0,10226
20170208,8,60,30,40,60,2,-5,0,1,10234
20170208,9,60,30,30,60,2,-6,0,3,10239
20170208,10,60,40,40,60,1,-5,0,9,10243
20170208,11,60,40,40,60,2,-6,0,16,10248
20170208,12,60,40,40,70,3,-8,0,17,10250
20170208,13,60,40,50,80,3,-7,0,19,10250
20170208,14,50,40,30,70,1,-9,0,10,10256
20170208,15,60,40,40,60,-3,-12,0,7,10259
20170208,16,60,40,40,60,-3,-14,0,4,10261
20170208,17,40,40,30,60,-3,-16,0,1,10269
20170208,18,50,30,30,50,-3,-17,0,0,10276
20170208,19,40,30,30,50,-4,-18,0,0,10282
20170208,20,40,30,40,50,-5,-21,0,0,10284
20170208,21,50,30,30,60,-7,-22,0,0,10288
20170208,22,40,40,40,60,-8,-26,0,0,10290
20170208,23,40,40,40,60,-10,-29,0,0,10292
20170208,24,50,40,30,70,-11,-32,0,0,10292
20170209,1,50,40,40,70,-12,-34,0,0,10292
20170209,2,60,40,40,70,-13,-34,0,0,10294
20170209,3,50,30,30,60,-13,-34,0,0,10293
20170209,4,50,30,30,60,-15,-38,0,0,10294
20170209,5,60,40,30,60,-18,-33,0,0,10292
20170209,6,60,30,30,60,-19,-35,0,0,10294
20170209,7,50,40,30,70,-18,-37,0,0,10296
20170209,8,70,40,40,70,-18,-39,0,1,10295
20170209,9,60,40,40,70,-17,-39,0,6,10295
20170209,10,70,40,40,70,-16,-37,0,11,10292
20170209,11,80,40,40,70,-13,-37,0,20,10291
20170209,12,70,40,50,70,-13,-40,0,29,10287
20170209,13,80,50,50,80,-11,-37,0,26,10283
20170209,14,70,40,40,70,-12,-39,0,22,10276
20170209,15,70,40,30,70,-12,-38,0,14,10276
20170209,16,60,40,40,60,-12,-39,0,10,10272
20170209,17,70,40,40,70,-14,-41,0,3,10273
20170209,18,70,40,40,70,-14,-42,0,0,10273
20170209,19,70,40,40,80,-15,-43,0,0,10272
20170209,20,60,40,40,70,-17,-46,0,0,10270
20170209,21,70,40,40,60,-18,-46,0,0,10267
20170209,22,70,40,30,60,-19,-47,0,0,10262
20170209,23,70,50,50,70,-21,-49,0,0,10258
20170209,24,70,40,30,70,-30,-53,0,0,10257
20170210,1,60,30,40,60,-32,-54,0,0,10254
20170210,2,50,40,30,60,-36,-55,0,0,10251
20170210,3,50,30,40,60,-39,-58,0,0,10248
20170210,4,50,40,40,60,-41,-61,0,0,10246
20170210,5,40,40,30,60,-43,-61,0,0,10245
20170210,6,50,40,40,60,-33,-56,0,0,10241
20170210,7,50,40,40,70,-30,-54,0,0,10241
20170210,8,60,40,40,70,-27,-52,0,1,10241
20170210,9,60,50,50,80,-24,-51,0,8,10237
20170210,10,60,50,40,80,-22,-47,0,11,10238
20170210,11,60,40,30,80,-20,-45,0,22,10238
20170210,12,50,30,30,60,-19,-41,0,28,10233
20170210,13,50,30,30,50,-15,-39,0,42,10229
20170210,14,60,30,30,50,-15,-37,0,16,10226
20170210,15,60,30,30,50,-15,-36,0,15,10223
20170210,16,70,30,30,50,-14,-38,0,5,10223
20170210,17,60,30,30,50,-15,-38,0,1,10224
20170210,18,60,30,30,50,-15,-39,0,0,10223
20170210,19,70,30,30,50,-16,-36,0,0,10224
20170210,20,70,30,20,50,-18,-30,0,0,10225
20170210,21,60,20,30,40,-19,-31,0,0,10224
20170210,22,60,30,30,50,-18,-33,0,0,10222
20170210,23,60,30,20,50,-18,-34,0,0,10223
20170210,24,50,20,20,40,-16,-34,0,0,10225
20170211,1,70,20,30,40,-16,-35,0,0,10222
20170211,2,60,30,30,50,-16,-34,0,0,10221
20170211,3,60,30,30,60,-15,-34,0,0,10219
20170211,4,50,30,30,40,-14,-35,0,0,10217
20170211,5,50,30,30,50,-13,-32,0,0,10218
20170211,6,40,30,30,50,-12,-31,0,0,10216
20170211,7,40,40,50,70,-11,-30,0,0,10216
20170211,8,50,30,20,60,-12,-23,0,2,10223
20170211,9,30,20,30,40,-10,-17,0,8,10221
20170211,10,40,30,30,60,-8,-15,0,20,10217
20170211,11,50,40,40,60,-4,-16,0,41,10216
20170211,12,50,30,30,60,-1,-15,0,34,10213
20170211,13,60,30,30,50,4,-14,0,38,10209
20170211,14,60,30,40,60,7,-13,0,33,10207
20170211,15,70,40,30,60,9,-14,0,22,10208
20170211,16,60,40,40,70,5,-12,0,4,10208
20170211,17,60,40,40,70,5,-10,0,1,10208
20170211,18,50,30,30,50,5,-10,0,0,10212
20170211,19,70,30,30,50,2,-5,0,0,10215
20170211,20,60,30,40,60,1,-3,0,0,10214
20170211,21,60,40,40,70,0,-5,0,0,10215
20170211,22,50,40,40,70,-2,-6,0,0,10214
20170211,23,60,50,50,70,-4,-9,0,0,10214
20170211,24,60,40,40,70,-6,-12,0,0,10215
20170212,1,60,50,50,80,-5,-12,0,0,10216
20170212,2,60,40,40,80,-4,-11,0,0,10218
20170212,3,70,50,50,80,-3,-12,0,0,10221
20170212,4,70,50,50,80,-1,-12,0,0,10224
20170212,5,80,50,40,80,-1,-11,0,0,10229
20170212,6,70,50,50,70,-1,-12,0,0,10234
20170212,7,80,50,50,80,-1,-13,0,0,10239
20170212,8,70,50,50,80,-1,-13,0,3,10252
20170212,9,90,40,40,70,4,-11,0,19,10257
20170212,10,80,50,50,80,4,-14,0,38,10262
20170212,11,80,50,50,80,10,-13,2,61,10269
20170212,12,80,60,60,90,18,-8,5,96,10268
20170212,13,80,60,60,90,23,-4,10,128,10268
20170212,14,80,60,50,90,23,-4,6,75,10265
20170212,15,80,60,60,100,25,-4,10,78,10266
20170212,16,80,50,50,90,23,-6,10,34,10272
20170212,17,90,50,50,80,17,-10,2,6,10275
20170212,18,80,60,60,100,15,-13,0,0,10281
20170212,19,80,60,50,100,10,-16,0,0,10286
20170212,20,90,50,50,90,6,-18,0,0,10288
20170212,21,80,50,40,80,3,-19,0,0,10292
20170212,22,90,40,40,80,0,-20,0,0,10293
20170212,23,90,40,40,70,-2,-22,0,0,10296
20170212,24,90,40,40,70,-4,-22,0,0,10295
20170213,1,80,40,50,70,-5,-23,0,0,10299
20170213,2,80,50,50,70,-6,-24,0,0,10298
20170213,3,80,50,60,80,-8,-25,0,0,10296
20170213,4,90,40,40,80,-11,-26,0,0,10297
20170213,5,80,40,40,70,-10,-27,0,0,10298
20170213,6,90,50,50,80,-12,-28,0,0,10296
20170213,7,90,40,50,70,-12,-29,0,0,10297
20170213,8,90,50,50,70,-11,-28,5,12,10297
20170213,9,90,50,50,80,-2,-24,10,47,10295
20170213,10,90,50,50,80,15,-16,10,89,10294
20170213,11,100,60,60,100,33,-7,10,122,10293
20170213,12,80,50,50,90,46,0,10,142,10288
20170213,13,90,60,60,100,58,1,10,142,10284
20170213,14,90,60,60,100,68,3,10,124,10281
20170213,15,90,70,60,110,70,4,10,89,10279
20170213,16,90,60,50,90,66,1,10,45,10274
20170213,17,70,50,50,90,57,-2,2,8,10276
20170213,18,70,60,60,90,42,-7,0,0,10276
20170213,19,80,70,80,110,38,-12,0,0,10277
20170213,20,80,70,70,110,32,-18,0,0,10278
20170213,21,80,60,50,90,23,-23,0,0,10279
20170213,22,90,50,70,90,23,-27,0,0,10278
20170213,23,90,70,70,100,22,-30,0,0,10279
20170213,24,90,60,70,100,21,-34,0,0,10280
20170214,1,90,70,70,110,18,-35,0,0,10277
20170214,2,90,70,60,110,14,-35,0,0,10277
20170214,3,90,60,60,90,10,-35,0,0,10272
20170214,4,90,50,40,80,2,-36,0,0,10271
20170214,5,80,40,50,70,-1,-37,0,0,10272
20170214,6,90,50,50,70,-1,-38,0,0,10274
20170214,7,90,40,40,70,-3,-39,0,0,10278
20170214,8,110,30,40,60,7,-35,5,15,10285
20170214,9,120,40,40,60,29,-31,10,54,10288
20170214,10,140,50,50,80,41,-24,10,96,10291
20170214,11,150,40,40,80,53,-18,10,125,10294
20170214,12,140,40,40,60,69,-4,10,140,10292
20170214,13,150,40,40,60,81,-5,10,139,10289
20170214,14,140,40,40,60,89,8,10,120,10291
20170214,15,160,30,30,50,91,1,10,86,10294
20170214,16,140,30,30,50,82,5,10,43,10297
20170214,17,110,30,20,50,62,2,2,8,10300
20170214,18,120,30,20,40,45,-2,0,0,10305
20170214,19,120,20,30,40,32,-5,0,0,10306
20170214,20,140,20,20,40,29,-4,0,0,10307
20170214,21,130,30,40,40,29,-9,0,0,10306
20170214,22,150,30,20,50,48,-9,0,0,10307
20170214,23,160,20,20,40,42,-11,0,0,10311
20170214,24,160,20,20,30,36,-10,0,0,10312
20170215,1,150,20,20,30,37,-11,0,0,10314
20170215,2,160,20,20,30,18,-12,0,0,10313
20170215,3,160,20,20,30,13,-15,0,0,10312
20170215,4,150,20,10,30,16,-12,0,0,10316
20170215,5,140,20,20,30,8,-14,0,0,10316
20170215,6,160,20,30,40,18,-9,0,0,10317
20170215,7,150,20,20,40,22,-4,0,0,10321
20170215,8,140,20,30,50,35,0,5,16,10325
20170215,9,160,30,30,50,56,8,10,53,10327
20170215,10,160,30,30,50,75,17,10,94,10326
20170215,11,150,30,30,60,91,23,10,125,10322
20170215,12,160,30,30,50,111,37,10,140,10314
20170215,13,150,40,40,60,123,52,10,136,10307
20170215,14,160,30,30,60,124,55,5,82,10304
20170215,15,170,30,30,50,129,58,3,57,10304
20170215,16,170,30,30,60,129,62,10,46,10301
20170215,17,170,20,20,40,98,58,2,7,10302
20170215,18,160,30,30,30,92,58,0,0,10301
20170215,19,180,30,30,50,96,55,0,0,10301
20170215,20,200,40,30,60,109,59,0,0,10302
20170215,21,220,30,30,60,103,62,0,0,10305
20170215,22,240,30,40,60,98,70,0,0,10306
20170215,23,220,30,30,70,84,64,0,0,10306
20170215,24,230,40,50,80,83,60,0,0,10307
20170216,1,240,40,30,70,75,55,0,0,10304
20170216,2,220,40,40,60,64,50,0,0,10306
20170216,3,220,30,30,50,63,51,0,0,10301
20170216,4,220,40,40,70,69,52,0,0,10300
20170216,5,230,40,40,60,63,52,0,0,10300
20170216,6,240,40,40,80,57,52,0,0,10299
20170216,7,230,40,40,80,57,56,0,0,10298
20170216,8,240,40,40,80,58,57,0,4,10300
20170216,9,230,40,40,80,64,61,0,15,10298
20170216,10,240,40,30,60,72,64,0,33,10298
20170216,11,240,40,40,70,79,65,0,44,10296
20170216,12,240,40,40,70,77,64,0,27,10291
20170216,13,230,40,30,70,80,64,0,35,10287
20170216,14,240,30,30,60,89,62,1,43,10281
20170216,15,210,40,40,60,92,65,3,50,10275
20170216,16,240,40,50,90,80,56,3,22,10275
20170216,17,240,40,30,80,72,53,0,4,10275
20170216,18,250,30,30,70,68,50,0,0,10277
20170216,19,240,30,30,60,62,50,0,0,10274
20170216,20,230,30,20,50,60,50,0,0,10271
20170216,21,240,20,20,50,61,52,0,0,10270
20170216,22,240,30,40,70,59,49,0,0,10266
20170216,23,260,30,30,70,62,53,0,0,10264
20170216,24,240,30,40,60,59,49,0,0,10257
20170217,1,230,30,30,60,53,44,0,0,10253
20170217,2,240,40,40,60,60,48,0,0,10250
20170217,3,250,40,40,80,66,50,0,0,10245
20170217,4,240,40,30,70,63,47,0,0,10242
20170217,5,250,30,30,60,64,55,0,0,10242
20170217,6,270,30,40,70,69,57,0,0,10240
20170217,7,280,40,30,70,69,56,0,0,10241
20170217,8,280,30,30,70,69,56,0,3,10245
20170217,9,290,30,40,70,72,58,0,13,10248
20170217,10,300,30,30,60,75,62,0,22,10252
20170217,11,310,40,40,90,80,58,0,43,10256
20170217,12,300,40,40,90,83,62,1,64,10257
20170217,13,300,40,30,80,84,64,1,53,10259
20170217,14,290,40,30,70,86,63,0,53,10259
20170217,15,310,30,30,70,82,62,0,30,10262
20170217,16,310,30,20,70,77,60,0,13,10263
20170217,17,310,20,20,50,74,61,0,3,10265
20170217,18,300,20,20,40,72,60,0,0,10274
20170217,19,290,20,20,30,70,58,0,0,10276
20170217,20,280,10,20,30,68,59,0,0,10277
20170217,21,280,20,20,40,64,57,0,0,10278
20170217,22,290,20,20,40,60,54,0,0,10278
20170217,23,310,10,10,30,56,53,0,0,10280
20170217,24,280,10,10,20,53,51,0,0,10281
20170218,1,240,10,20,30,50,47,0,0,10280
20170218,2,250,10,10,30,44,44,0,0,10279
20170218,3,270,20,10,30,40,40,0,0,10275
20170218,4,0,10,0,20,39,39,0,0,10275
20170218,5,150,10,10,10,38,38,0,0,10273
20170218,6,990,10,10,20,35,34,0,0,10272
20170218,7,140,20,20,30,35,35,0,0,10274
20170218,8,190,20,20,30,39,39,0,7,10275
20170218,9,180,20,20,40,42,41,0,20,10275
20170218,10,200,20,20,40,47,46,0,35,10277
20170218,11,180,20,20,40,58,50,0,61,10276
20170218,12,180,20,20,50,77,55,6,117,10272
20170218,13,200,20,20,50,93,58,10,142,10264
20170218,14,210,30,30,50,97,53,10,115,10260
20170218,15,210,30,30,60,99,42,10,100,10255
20170218,16,200,40,30,60,95,44,10,51,10253
20170218,17,210,20,20,50,80,41,3,9,10251
20170218,18,190,20,10,30,45,31,0,0,10251
20170218,19,190,20,20,40,51,26,0,0,10248
20170218,20,190,20,30,50,47,20,0,0,10245
20170218,21,200,30,30,60,55,18,0,0,10245
20170218,22,200,40,40,70,52,16,0,0,10242
20170218,23,200,40,30,60,46,14,0,0,10238
20170218,24,210,30,30,50,39,13,0,0,10238
20170219,1,210,30,30,50,37,15,0,0,10231
20170219,2,210,30,40,60,36,18,0,0,10225
20170219,3,200,40,30,60,36,20,0,0,10220
20170219,4,220,30,30,60,36,22,0,0,10217
20170219,5,220,40,40,80,35,22,0,0,10210
20170219,6,230,40,50,80,40,25,0,0,10206
20170219,7,220,40,40,80,38,28,0,0,10208
20170219,8,230,50,40,90,41,35,0,3,10210
20170219,9,230,40,40,80,49,43,0,5,10209
20170219,10,240,40,40,80,53,48,0,9,10208
20170219,11,240,40,40,70,64,59,1,36,10209
20170219,12,240,40,40,70,73,61,0,32,10204
20170219,13,240,30,30,60,81,67,0,32,10199
20170219,14,270,30,40,60,90,64,0,50,10197
20170219,15,290,30,30,70,89,59,0,29,10199
20170219,16,300,40,30,70,87,58,3,25,10201
20170219,17,280,30,30,70,82,56,0,4,10201
20170219,18,280,20,30,60,80,58,0,0,10209
20170219,19,260,20,20,50,72,56,0,0,10210
20170219,20,230,30,30,40,71,58,0,0,10207
20170219,21,220,30,30,60,69,57,0,0,10207
20170219,22,220,30,40,50,74,53,0,0,10205
20170219,23,240,30,30,60,76,54,0,0,10205
20170219,24,240,30,40,70,75,58,0,0,10202
20170220,1,220,40,40,60,73,58,0,0,10194
20170220,2,220,40,40,70,75,64,0,0,10188
20170220,3,230,40,50,80,76,67,0,0,10184
20170220,4,220,40,50,80,75,70,0,0,10178
20170220,5,220,50,50,90,76,72,0,0,10173
20170220,6,220,50,50,90,79,74,0,0,10169
20170220,7,220,50,50,90,81,76,0,0,10167
20170220,8,230,50,50,90,83,79,0,4,10164
20170220,9,230,50,50,100,86,82,0,10,10165
20170220,10,230,50,60,100,90,86,0,22,10158
20170220,11,240,60,50,100,92,89,0,23,10158
20170220,12,240,60,60,100,94,90,0,28,10151
20170220,13,240,60,50,110,92,90,0,22,10147
20170220,14,240,50,50,100,96,93,0,20,10138
20170220,15,250,60,50,110,97,93,0,17,10138
20170220,16,240,50,50,110,99,96,0,7,10136
20170220,17,240,50,50,90,102,95,0,3,10134
20170220,18,240,60,50,100,103,93,0,0,10133
20170220,19,240,40,40,100,101,92,0,0,10136
20170220,20,250,40,40,70,99,95,0,0,10136
20170220,21,260,40,40,70,104,101,0,0,10137
20170220,22,280,40,30,80,107,93,0,0,10138
20170220,23,280,30,30,70,104,86,0,0,10138
20170220,24,300,40,40,80,105,81,0,0,10139
20170221,1,280,40,40,90,97,75,0,0,10141
20170221,2,280,40,30,80,94,75,0,0,10141
20170221,3,270,40,40,90,94,70,0,0,10137
20170221,4,270,40,40,80,89,63,0,0,10137
20170221,5,280,40,40,80,88,63,0,0,10136
20170221,6,290,40,30,70,87,66,0,0,10137
20170221,7,260,30,30,60,87,68,0,0,10144
20170221,8,280,30,40,80,90,68,0,10,10148
20170221,9,280,40,50,90,92,61,0,38,10153
20170221,10,280,40,40,80,96,58,7,81,10155
20170221,11,300,40,50,90,96,52,3,94,10159
20170221,12,290,40,50,80,104,47,10,137,10158
20170221,13,280,40,50,70,101,40,6,109,10156
20170221,14,280,40,40,80,104,42,5,95,10151
20170221,15,270,40,30,70,110,39,10,98,10147
20170221,16,250,40,40,80,102,40,10,49,10142
20170221,17,230,40,30,80,89,42,3,9,10139
20170221,18,210,30,40,60,91,55,0,0,10133
20170221,19,210,40,50,80,93,71,0,0,10124
20170221,20,210,50,50,80,95,87,0,0,10114
20170221,21,220,60,60,130,102,95,0,0,10105
20170221,22,230,70,70,130,102,95,0,0,10095
20170221,23,240,70,70,130,105,93,0,0,10090
20170221,24,240,70,80,150,105,89,0,0,10083
20170222,1,240,80,90,150,105,88,0,0,10076
20170222,2,240,80,90,140,105,85,0,0,10071
20170222,3,240,80,90,150,101,81,0,0,10063
20170222,4,240,80,70,150,95,84,0,0,10059
20170222,5,240,80,80,160,95,87,0,0,10055
20170222,6,250,70,80,140,97,86,0,0,10053
20170222,7,250,70,80,140,99,85,0,0,10052
20170222,8,250,80,70,140,103,83,0,4,10055
20170222,9,240,70,50,130,101,83,0,11,10056
20170222,10,250,60,60,120,105,83,0,18,10056
20170222,11,250,70,70,140,106,82,0,20,10055
20170222,12,250,80,80,150,104,83,0,17,10049
20170222,13,240,80,70,150,101,88,0,16,10044
20170222,14,250,70,70,130,102,88,0,8,10041
20170222,15,310,50,30,130,78,75,0,4,10051
20170222,16,260,50,60,130,90,80,0,9,10050
20170222,17,250,60,50,130,88,78,0,4,10049
20170222,18,250,50,50,100,88,79,0,0,10050
20170222,19,240,50,50,100,83,74,0,0,10050
20170222,20,240,50,40,90,84,77,0,0,10051
20170222,21,240,50,50,100,87,81,0,0,10049
20170222,22,250,40,40,80,90,84,0,0,10046
20170222,23,250,40,40,80,91,85,0,0,10043
20170222,24,250,30,30,70,90,85,0,0,10042
20170223,1,270,30,40,70,85,73,0,0,10039
20170223,2,260,20,20,70,76,68,0,0,10031
20170223,3,240,20,20,40,76,71,0,0,10021
20170223,4,230,20,40,80,84,81,0,0,10005
20170223,5,240,70,80,150,90,84,0,0,9996
20170223,6,240,70,70,150,92,83,0,0,9988
20170223,7,230,70,60,130,89,82,0,0,9981
20170223,8,220,70,80,140,87,81,0,2,9966
20170223,9,220,80,90,140,93,77,0,6,9953
20170223,10,210,90,100,160,90,77,0,16,9937
20170223,11,210,90,90,160,90,77,0,15,9917
20170223,12,210,100,120,210,93,77,0,28,9893
20170223,13,230,110,110,210,101,68,0,30,9880
20170223,14,250,110,130,200,98,49,2,36,9876
20170223,15,230,110,120,210,96,38,0,19,9867
20170223,16,250,120,110,240,90,35,0,9,9863
20170223,17,250,130,120,250,77,32,0,2,9871
20170223,18,250,120,110,250,87,19,0,0,9876
20170223,19,270,120,110,230,72,24,0,0,9886
20170223,20,260,100,110,200,62,30,0,0,9889
20170223,21,260,100,90,210,55,35,0,0,9893
20170223,22,310,90,100,210,48,27,0,0,9922
20170223,23,310,100,90,210,45,25,0,0,9969
20170223,24,300,60,50,140,47,20,0,0,9996
20170224,1,300,50,50,140,46,15,0,0,10017
20170224,2,300,50,60,120,40,18,0,0,10035
20170224,3,280,40,40,120,35,18,0,0,10046
20170224,4,300,40,50,100,45,-1,0,0,10059
20170224,5,280,40,30,100,33,5,0,0,10071
20170224,6,280,30,20,60,31,7,0,0,10085
20170224,7,280,30,30,50,36,4,0,1,10098
20170224,8,270,30,30,50,43,10,2,19,10109
20170224,9,280,20,20,50,60,15,7,72,10119
20170224,10,290,30,40,70,69,5,10,121,10128
20170224,11,290,40,30,70,69,10,6,85,10136
20170224,12,290,30,30,70,67,0,7,96,10141
20170224,13,280,40,40,70,76,5,7,141,10144
20170224,14,350,40,30,80,64,21,7,114,10151
20170224,15,310,30,40,80,79,-6,7,82,10156
20170224,16,330,40,40,80,71,4,10,73,10164
20170224,17,290,40,30,70,58,13,5,21,10173
20170224,18,300,20,20,50,46,17,0,0,10183
20170224,19,270,20,10,40,37,17,0,0,10190
20170224,20,240,20,20,30,22,12,0,0,10193
20170224,21,240,20,20,30,14,8,0,0,10198
20170224,22,230,20,20,30,16,9,0,0,10198
20170224,23,210,20,20,30,-6,-7,0,0,10198
20170224,24,220,30,30,50,19,16,0,0,10201
20170225,1,220,20,20,40,21,18,0,0,10200
20170225,2,220,30,30,60,30,17,0,0,10197
20170225,3,200,30,40,50,24,13,0,0,10188
20170225,4,200,40,30,60,21,7,0,0,10189
20170225,5,200,40,40,70,25,3,0,0,10189
20170225,6,210,40,40,70,28,4,0,0,10186
20170225,7,200,40,40,70,29,7,0,1,10184
20170225,8,200,50,50,90,40,12,0,14,10182
20170225,9,200,50,50,90,48,13,0,33,10183
20170225,10,210,60,70,100,56,12,0,39,10180
20170225,11,210,70,70,110,59,17,0,38,10174
20170225,12,200,60,60,110,61,15,0,30,10166
20170225,13,200,60,70,110,68,13,0,38,10152
20170225,14,200,60,50,110,74,21,2,60,10152
20170225,15,210,60,70,120,80,20,3,52,10147
20170225,16,210,70,70,120,79,25,0,23,10135
20170225,17,210,70,70,120,81,28,0,8,10135
20170225,18,210,60,60,110,82,33,0,0,10136
20170225,19,220,60,60,140,87,34,0,0,10130
20170225,20,220,70,70,140,87,35,0,0,10127
20170225,21,210,70,60,120,83,39,0,0,10123
20170225,22,210,60,60,120,80,43,0,0,10122
20170225,23,220,50,50,100,78,44,0,0,10119
20170225,24,210,50,50,90,77,45,0,0,10116
20170226,1,210,50,50,90,73,46,0,0,10111
20170226,2,210,60,60,100,69,48,0,0,10105
20170226,3,210,50,50,90,72,49,0,0,10100
20170226,4,210,60,60,90,74,49,0,0,10095
20170226,5,210,50,60,90,69,54,0,0,10091
20170226,6,220,50,70,90,69,56,0,0,10092
20170226,7,220,60,60,100,71,56,0,0,10092
20170226,8,220,60,60,110,76,57,0,5,10094
20170226,9,220,60,70,110,77,61,0,9,10099
20170226,10,220,60,60,110,79,66,0,18,10101
20170226,11,210,60,60,110,79,71,0,26,10099
20170226,12,210,50,50,110,84,72,0,22,10095
20170226,13,210,50,60,100,90,75,0,22,10091
20170226,14,200,50,50,100,94,74,0,25,10089
20170226,15,200,50,50,90,97,74,0,29,10083
20170226,16,190,50,50,100,99,74,0,13,10079
20170226,17,190,50,50,90,96,75,0,4,10075
20170226,18,200,50,50,90,96,76,0,0,10076
20170226,19,190,50,50,90,100,76,0,0,10072
20170226,20,210,60,70,110,103,74,0,0,10070
20170226,21,220,50,40,100,102,73,0,0,10068
20170226,22,220,50,50,110,106,71,0,0,10065
20170226,23,200,50,50,110,103,72,0,0,10059
20170226,24,200,50,50,90,104,70,0,0,10055
20170227,1,190,50,40,90,102,75,0,0,10050
20170227,2,200,50,50,90,102,76,0,0,10042
20170227,3,200,50,50,90,103,71,0,0,10035
20170227,4,190,50,50,90,102,65,0,0,10027
20170227,5,190,50,50,100,101,62,0,0,10020
20170227,6,200,50,50,100,97,58,0,0,10013
20170227,7,200,50,60,100,99,49,0,1,10006
20170227,8,190,60,70,120,101,48,0,15,9995
20170227,9,190,70,60,120,101,50,0,25,9987
20170227,10,200,70,70,150,101,54,0,41,9978
20170227,11,190,70,70,120,104,55,0,26,9966
20170227,12,190,70,70,130,101,59,0,30,9951
20170227,13,190,60,60,120,91,75,0,22,9936
20170227,14,200,50,40,100,86,80,0,10,9924
20170227,15,210,40,70,120,87,65,0,7,9908
20170227,16,160,70,60,130,75,55,0,5,9886
20170227,17,200,60,60,120,81,50,3,17,9883
20170227,18,190,70,70,130,81,50,0,0,9875
20170227,19,210,70,70,130,79,44,0,0,9874
20170227,20,220,80,70,130,69,26,0,0,9876
20170227,21,220,70,70,130,66,27,0,0,9877
20170227,22,220,80,90,130,63,18,0,0,9877
20170227,23,210,70,80,130,63,18,0,0,9873
20170227,24,220,70,60,150,44,26,0,0,9873
20170228,1,210,60,70,130,48,17,0,0,9871
20170228,2,220,80,80,150,41,21,0,0,9871
20170228,3,220,80,80,140,40,16,0,0,9866
20170228,4,220,80,100,140,37,18,0,0,9868
20170228,5,200,70,40,140,34,23,0,0,9867
20170228,6,210,60,80,120,45,16,0,0,9864
20170228,7,200,70,80,150,43,18,0,1,9865
20170228,8,230,90,90,180,49,22,2,13,9873
20170228,9,230,90,80,170,54,23,4,54,9878
20170228,10,220,90,90,150,56,17,4,75,9883
20170228,11,230,80,60,150,58,19,1,50,9887
20170228,12,230,70,60,130,61,18,0,50,9884
20170228,13,240,70,60,130,60,20,0,57,9884
20170228,14,230,60,50,110,56,22,0,57,9884
20170228,15,230,40,40,80,55,22,0,44,9887
20170228,16,250,50,50,90,56,20,3,44,9894
20170228,17,240,40,30,90,51,18,7,16,9902
20170228,18,240,40,40,70,47,8,0,0,9913
20170228,19,220,40,40,70,46,16,0,0,9921
20170228,20,220,40,50,80,43,16,0,0,9925
20170228,21,220,60,60,110,38,10,0,0,9929
20170228,22,220,50,40,100,35,11,0,0,9934
20170228,23,210,40,40,90,36,15,0,0,9937
20170228,24,210,50,40,90,33,18,0,0,9938
20170301,1,180,40,40,70,33,21,0,0,9937
20170301,2,180,40,30,70,33,24,0,0,9935
20170301,3,190,30,30,60,39,32,0,0,9933
20170301,4,200,30,30,50,43,37,0,0,9936
20170301,5,240,30,30,50,52,43,0,0,9942
20170301,6,270,40,40,80,56,44,0,0,9952
20170301,7,270,40,40,90,54,41,0,2,9964
20170301,8,280,40,30,100,52,38,0,11,9981
20170301,9,260,30,40,70,62,40,3,38,9989
20170301,10,270,40,50,80,65,37,1,52,9998
20170301,11,270,40,40,110,70,22,1,64,10004
20170301,12,230,50,50,90,86,32,7,149,10005
20170301,13,240,40,50,90,92,24,6,89,10003
20170301,14,240,60,60,110,92,22,10,139,10001
20170301,15,230,50,60,100,84,34,1,51,9999
20170301,16,220,50,40,100,83,36,2,33,9996
20170301,17,200,30,30,60,79,41,7,13,9992
20170301,18,160,20,20,40,75,44,0,0,9987
20170301,19,220,40,40,80,67,51,0,0,9986
20170301,20,210,30,40,80,65,56,0,0,9980
20170301,21,200,30,30,60,61,54,0,0,9976
20170301,22,190,30,30,40,60,55,0,0,9976
20170301,23,210,20,30,40,58,56,0,0,9977
20170301,24,220,30,30,50,60,57,0,0,9975
20170302,1,230,40,40,70,63,57,0,0,9972
20170302,2,210,40,40,70,63,58,0,0,9964
20170302,3,250,70,110,210,70,40,0,0,9964
20170302,4,250,90,80,210,56,35,0,0,9976
20170302,5,260,90,90,180,64,3,0,0,9984
20170302,6,280,90,70,180,46,22,0,0,10002
20170302,7,260,80,80,170,48,23,0,1,10005
20170302,8,260,80,90,150,57,23,0,7,10018
20170302,9,270,80,90,160,68,17,0,15,10035
20170302,10,260,80,90,170,73,18,0,34,10049
20170302,11,250,80,70,150,77,21,0,55,10063
20170302,12,260,70,70,150,66,28,0,32,10074
20170302,13,250,70,80,150,69,38,0,46,10079
20170302,14,270,50,60,150,74,31,4,45,10088
20170302,15,270,70,60,140,77,29,2,49,10100
20170302,16,270,60,50,120,79,28,0,23,10109
20170302,17,270,50,50,110,78,30,5,15,10117
20170302,18,240,40,40,90,72,33,0,1,10128
20170302,19,230,40,30,80,66,28,0,0,10132
20170302,20,240,40,50,80,71,29,0,0,10135
20170302,21,230,50,50,90,72,27,0,0,10135
20170302,22,230,50,50,100,67,20,0,0,10138
20170302,23,220,40,40,80,57,17,0,0,10138
20170302,24,210,40,40,60,45,18,0,0,10136
20170303,1,210,30,30,60,38,16,0,0,10134
20170303,2,200,40,30,60,36,19,0,0,10125
20170303,3,180,20,30,60,25,12,0,0,10119
20170303,4,170,30,30,60,21,7,0,0,10115
20170303,5,150,20,20,40,17,4,0,0,10107
20170303,6,160,30,30,40,16,0,0,0,10101
20170303,7,150,30,30,40,18,1,3,6,10097
20170303,8,150,30,30,40,31,6,5,35,10091
20170303,9,150,30,30,50,49,19,5,61,10081
20170303,10,150,40,50,80,67,21,0,62,10068
20170303,11,160,60,50,90,78,25,1,87,10058
20170303,12,160,40,30,90,80,30,0,56,10048
20170303,13,140,40,40,70,78,32,0,47,10035
20170303,14,140,40,50,70,71,41,0,26,10025
20170303,15,130,50,50,90,74,45,0,21,10010
20170303,16,120,50,40,90,77,42,0,24,9999
20170303,17,130,50,50,80,84,33,0,8,9990
20170303,18,120,50,50,80,83,32,0,0,9980
20170303,19,140,50,50,80,86,29,0,0,9974
20170303,20,140,40,50,80,83,33,0,0,9965
20170303,21,150,40,40,70,82,35,0,0,9962
20170303,22,150,40,30,60,78,38,0,0,9958
20170303,23,150,40,40,60,75,40,0,0,9953
20170303,24,150,40,30,60,70,42,0,0,9950
20170304,1,140,30,40,50,73,46,0,0,9944
20170304,2,150,30,30,50,72,46,0,0,9938
20170304,3,140,40,40,60,75,48,0,0,9934
20170304,4,150,40,40,60,75,47,0,0,9933
20170304,5,150,40,40,60,75,47,0,0,9931
20170304,6,160,40,30,60,81,49,0,0,9928
20170304,7,160,30,30,60,82,54,0,2,9929
20170304,8,150,30,30,50,89,60,0,13,9926
20170304,9,140,30,30,50,89,68,0,16,9923
20170304,10,150,30,30,50,105,77,0,53,9918
20170304,11,170,40,40,70,117,75,1,78,9914
20170304,12,190,50,50,90,125,73,2,102,9908
20170304,13,190,50,50,90,128,75,1,95,9906
20170304,14,200,40,40,80,129,76,0,61,9910
20170304,15,200,40,30,80,124,77,2,43,9913
20170304,16,210,30,20,60,123,76,0,18,9909
20170304,17,280,20,10,50,109,81,0,11,9908
20170304,18,290,10,20,30,90,76,0,2,9913
20170304,19,990,20,10,40,86,73,0,0,9916
20170304,20,260,10,20,30,82,78,0,0,9920
20170304,21,250,20,30,40,78,71,0,0,9926
20170304,22,260,40,30,90,70,50,0,0,9935
20170304,23,220,20,10,60,64,54,0,0,9942
20170304,24,190,30,30,60,64,47,0,0,9945
20170305,1,210,40,40,70,67,50,0,0,9946
20170305,2,210,50,50,90,71,53,0,0,9948
20170305,3,210,60,60,100,74,53,0,0,9952
20170305,4,210,60,60,110,75,50,0,0,9957
20170305,5,220,60,60,100,73,49,0,0,9963
20170305,6,220,60,60,110,69,46,0,0,9970
20170305,7,210,60,60,100,67,44,0,3,9975
20170305,8,200,60,60,90,72,44,2,31,9975
20170305,9,200,60,60,100,80,48,10,92,9974
20170305,10,200,60,60,110,89,45,9,118,9969
20170305,11,190,70,80,120,98,39,10,165,9967
20170305,12,180,70,90,140,98,17,7,134,9959
20170305,13,170,70,70,140,99,23,4,112,9948
20170305,14,190,70,80,130,82,33,0,42,9945
20170305,15,170,70,60,130,67,48,0,25,9944
20170305,16,170,70,60,130,61,43,0,14,9943
20170305,17,170,60,60,120,56,43,0,5,9945
20170305,18,170,50,40,100,54,45,0,0,9948
20170305,19,170,40,40,70,55,44,0,0,9949
20170305,20,170,30,30,60,57,45,0,0,9954
20170305,21,180,30,40,70,56,43,0,0,9958
20170305,22,180,30,30,50,55,44,0,0,9961
20170305,23,170,30,30,60,46,38,0,0,9964
20170305,24,170,30,30,50,43,37,0,0,9969
20170306,1,170,30,20,40,40,32,0,0,9970
20170306,2,160,20,20,40,34,27,0,0,9970
20170306,3,150,20,20,30,38,32,0,0,9971
20170306,4,150,20,20,40,40,33,0,0,9973
20170306,5,160,20,20,30,43,38,0,0,9977
20170306,6,140,10,10,30,43,39,0,0,9979
20170306,7,140,10,10,20,46,43,0,1,9980
20170306,8,170,10,10,20,48,45,0,6,9983
20170306,9,0,10,0,10,55,51,0,24,9983
20170306,10,0,10,0,20,67,47,5,90,9985
20170306,11,360,20,30,40,67,44,0,63,9990
20170306,12,50,30,40,60,77,45,7,156,9991
20170306,13,40,30,20,60,82,35,4,106,9999
20170306,14,330,20,30,50,92,34,4,97,10006
20170306,15,340,30,40,70,90,36,8,83,10012
20170306,16,330,30,30,70,91,22,10,86,10021
20170306,17,300,20,20,60,81,31,5,19,10033
20170306,18,310,30,40,80,63,39,0,0,10047
20170306,19,220,30,20,60,55,47,0,0,10056
20170306,20,270,20,20,20,49,42,0,0,10062
20170306,21,260,20,20,40,56,50,0,0,10069
20170306,22,270,20,20,40,59,52,0,0,10075
20170306,23,290,20,20,50,59,52,0,0,10079
20170306,24,320,20,10,30,58,53,0,0,10086
20170307,1,280,20,20,40,58,53,0,0,10092
20170307,2,290,20,30,40,58,52,0,0,10097
20170307,3,300,20,20,50,58,54,0,0,10099
20170307,4,310,20,20,40,61,55,0,0,10105
20170307,5,290,20,10,30,60,54,0,0,10110
20170307,6,290,10,10,20,60,55,0,0,10115
20170307,7,270,10,10,20,61,56,0,2,10125
20170307,8,280,20,20,40,65,57,0,10,10130
20170307,9,280,20,30,50,69,56,0,26,10135
20170307,10,290,30,20,50,73,57,0,30,10138
20170307,11,280,30,20,50,80,56,0,53,10143
20170307,12,300,40,40,70,85,48,0,83,10150
20170307,13,290,40,30,70,89,53,1,75,10152
20170307,14,290,40,40,80,93,43,4,95,10156
20170307,15,280,40,40,80,88,46,6,64,10161
20170307,16,290,40,40,80,81,40,0,35,10165
20170307,17,280,40,40,70,76,35,5,18,10171
20170307,18,290,30,30,70,69,42,0,2,10181
20170307,19,270,30,30,60,62,36,0,0,10184
20170307,20,290,20,20,50,54,30,0,0,10189
20170307,21,270,10,10,40,55,33,0,0,10194
20170307,22,250,10,10,20,53,34,0,0,10194
20170307,23,210,20,20,30,53,35,0,0,10190
20170307,24,200,30,30,50,48,29,0,0,10188
20170308,1,190,30,20,50,41,27,0,0,10184
20170308,2,170,20,30,40,36,27,0,0,10184
20170308,3,160,30,40,60,36,26,0,0,10170
20170308,4,170,40,40,60,39,29,0,0,10163
20170308,5,170,40,30,60,45,29,0,0,10161
20170308,6,170,40,50,70,51,31,0,0,10151
20170308,7,180,50,60,90,52,36,0,0,10142
20170308,8,160,60,60,110,52,41,0,4,10129
20170308,9,170,60,60,110,56,47,0,8,10118
20170308,10,180,70,60,120,57,51,0,17,10116
20170308,11,180,50,50,110,63,58,0,16,10109
20170308,12,190,50,50,100,73,70,0,24,10102
20170308,13,220,40,50,80,87,84,0,21,10096
20170308,14,230,50,60,90,97,93,0,22,10096
20170308,15,260,40,30,90,102,97,0,15,10100
20170308,16,300,40,50,90,102,91,0,12,10106
20170308,17,290,40,40,90,92,81,2,10,10113
20170308,18,290,30,30,70,83,71,0,2,10126
20170308,19,300,30,20,60,73,63,0,0,10135
20170308,20,290,20,20,60,59,55,0,0,10144
20170308,21,260,20,20,30,45,44,0,0,10152
20170308,22,240,20,20,30,36,35,0,0,10158
20170308,23,230,20,20,30,32,31,0,0,10163
20170308,24,210,20,10,30,9,8,0,0,10166
20170309,1,210,20,20,30,32,29,0,0,10170
20170309,2,170,20,10,30,10,9,0,0,10168
20170309,3,160,20,10,40,42,42,0,0,10170
20170309,4,160,20,20,30,46,46,0,0,10170
20170309,5,150,10,20,20,50,50,0,0,10165
20170309,6,160,20,20,40,62,62,0,0,10162
20170309,7,170,30,30,50,67,67,0,3,10161
20170309,8,190,30,20,50,77,77,0,11,10159
20170309,9,220,30,30,60,93,90,0,22,10157
20170309,10,250,50,50,100,97,94,0,26,10156
20170309,11,270,50,40,100,114,99,1,42,10163
20170309,12,280,60,70,130,120,85,1,90,10166
20170309,13,290,70,80,150,122,76,4,90,10172
20170309,14,300,80,80,150,117,62,9,126,10181
20170309,15,300,70,60,150,121,40,10,135,10189
20170309,16,300,60,70,140,112,39,10,97,10196
20170309,17,310,60,60,120,101,40,10,36,10207
20170309,18,310,50,50,120,84,39,0,3,10216
20170309,19,300,50,40,110,76,42,0,0,10227
20170309,20,330,50,40,110,73,39,0,0,10239
20170309,21,320,30,30,80,68,42,0,0,10248
20170309,22,340,30,40,60,68,40,0,0,10254
20170309,23,320,30,20,60,55,36,0,0,10261
20170309,24,290,20,20,30,48,34,0,0,10268
20170310,1,310,20,20,40,43,35,0,0,10270
20170310,2,260,20,20,30,27,24,0,0,10272
20170310,3,270,20,30,40,31,28,0,0,10275
20170310,4,250,20,20,40,20,17,0,0,10276
20170310,5,280,10,10,30,0,-1,0,0,10278
20170310,6,0,10,0,20,-9,-10,0,0,10282
20170310,7,220,10,10,10,10,7,0,8,10286
20170310,8,0,10,0,10,50,40,0,41,10287
20170310,9,230,10,20,30,80,37,10,107,10290
20170310,10,190,20,20,40,89,32,10,157,10288
20170310,11,80,10,10,30,101,23,10,190,10288
20170310,12,170,20,20,50,110,36,9,186,10283
20170310,13,180,20,20,50,104,28,7,175,10281
20170310,14,170,20,30,40,105,25,9,124,10276
20170310,15,150,20,20,50,106,13,10,125,10271
20170310,16,170,30,30,50,102,13,7,54,10268
20170310,17,140,20,20,40,96,11,8,32,10267
20170310,18,140,20,20,30,82,11,0,3,10265
20170310,19,140,20,20,30,72,25,0,0,10265
20170310,20,140,20,20,30,78,20,0,0,10265
20170310,21,140,20,20,30,68,18,0,0,10262
20170310,22,140,30,30,50,69,15,0,0,10255
20170310,23,140,30,30,40,63,16,0,0,10251
20170310,24,150,20,20,40,62,17,0,0,10253
20170311,1,140,20,20,40,48,10,0,0,10248
20170311,2,150,20,20,30,36,10,0,0,10241
20170311,3,150,20,10,30,41,15,0,0,10238
20170311,4,130,10,10,20,37,16,0,0,10235
20170311,5,140,20,20,30,21,11,0,0,10227
20170311,6,130,20,20,30,17,8,0,0,10224
20170311,7,140,20,20,30,44,20,7,15,10223
20170311,8,150,20,20,40,61,30,5,49,10223
20170311,9,180,30,30,40,72,33,10,84,10222
20170311,10,150,20,20,40,88,35,10,113,10220
20170311,11,140,20,20,30,104,40,7,122,10218
20170311,12,180,20,20,30,121,40,10,152,10213
20170311,13,170,20,20,30,122,29,5,130,10208
20170311,14,170,30,20,40,121,40,0,81,10205
20170311,15,160,20,20,40,120,38,0,66,10200
20170311,16,150,20,20,40,120,39,0,47,10199
20170311,17,110,20,20,40,110,42,10,24,10198
20170311,18,110,20,20,30,84,37,0,3,10196
20170311,19,90,20,20,40,81,30,0,0,10193
20170311,20,100,20,20,30,65,29,0,0,10188
20170311,21,90,20,20,40,62,29,0,0,10186
20170311,22,100,20,30,40,59,25,0,0,10181
20170311,23,100,30,30,40,65,21,0,0,10175
20170311,24,100,20,20,40,58,19,0,0,10171
20170312,1,90,20,20,40,43,15,0,0,10170
20170312,2,100,30,30,40,41,12,0,0,10165
20170312,3,110,30,30,50,47,10,0,0,10159
20170312,4,120,40,40,50,52,10,0,0,10155
20170312,5,120,40,40,50,48,8,0,0,10150
20170312,6,130,40,50,70,57,6,0,0,10148
20170312,7,140,50,40,80,65,5,3,12,10151
20170312,8,140,40,50,80,74,7,5,50,10152
20170312,9,130,50,50,80,88,21,10,105,10151
20170312,10,140,50,50,80,109,32,10,157,10148
20170312,11,150,40,40,80,116,23,10,174,10147
20170312,12,140,40,30,70,132,29,10,197,10144
20170312,13,140,40,50,70,138,24,10,193,10141
20170312,14,140,40,40,70,146,30,10,177,10140
20170312,15,150,40,40,70,143,13,10,139,10140
20170312,16,150,40,30,60,144,3,10,98,10142
20170312,17,90,30,30,50,128,13,10,49,10148
20170312,18,90,20,10,40,94,19,0,5,10155
20170312,19,60,20,20,30,62,23,0,0,10163
20170312,20,80,20,20,30,64,17,0,0,10168
20170312,21,70,20,20,30,46,18,0,0,10173
20170312,22,60,20,10,30,33,18,0,0,10177
20170312,23,60,10,10,20,22,18,0,0,10182
20170312,24,70,20,20,20,15,10,0,0,10189
20170313,1,60,20,10,20,11,6,0,0,10195
20170313,2,20,10,10,20,8,5,0,0,10202
20170313,3,120,20,20,30,19,6,0,0,10202
20170313,4,990,10,10,30,11,3,0,0,10208
20170313,5,60,10,10,10,-3,-8,0,0,10212
20170313,6,310,10,10,20,-5,-9,0,0,10222
20170313,7,320,10,10,20,5,2,0,8,10230
20170313,8,320,20,30,50,70,30,8,68,10240
20170313,9,340,20,20,50,89,47,6,86,10243
20170313,10,330,30,20,50,110,50,10,137,10250
20170313,11,320,30,30,60,125,66,7,152,10256
20170313,12,330,30,30,60,133,73,9,165,10259
20170313,13,320,40,50,80,125,74,6,144,10266
20170313,14,310,40,40,80,123,75,7,122,10268
20170313,15,330,40,40,60,123,68,8,110,10274
20170313,16,310,40,40,70,116,58,10,80,10281
20170313,17,300,30,30,70,101,55,10,36,10288
20170313,18,310,30,30,50,87,48,0,3,10296
20170313,19,300,20,20,40,70,49,0,0,10303
20170313,20,300,10,10,30,50,41,0,0,10307
20170313,21,270,20,20,30,44,39,0,0,10313
20170313,22,240,20,10,40,52,43,0,0,10313
20170313,23,270,20,20,30,45,38,0,0,10314
20170313,24,230,20,20,30,53,40,0,0,10310
20170314,1,200,20,20,40,33,25,0,0,10310
20170314,2,240,20,30,50,62,45,0,0,10311
20170314,3,200,20,30,40,52,38,0,0,10308
20170314,4,200,20,20,40,44,36,0,0,10309
20170314,5,210,30,30,50,61,41,0,0,10304
20170314,6,210,30,30,50,63,42,0,0,10302
20170314,7,220,30,30,50,66,42,0,10,10305
20170314,8,220,30,30,50,77,48,0,38,10311
20170314,9,220,40,40,60,99,60,6,103,10310
20170314,10,210,30,40,60,112,69,8,128,10305
20170314,11,250,40,40,70,128,77,7,156,10307
20170314,12,230,50,50,90,135,84,9,177,10308
20170314,13,250,50,40,90,143,82,8,175,10299
20170314,14,240,50,60,100,130,88,6,137,10301
20170314,15,240,50,50,100,107,81,1,53,10306
20170314,16,280,50,50,90,97,76,0,15,10312
20170314,17,270,40,30,80,88,72,0,5,10312
20170314,18,230,30,30,60,88,71,0,1,10314
20170314,19,240,20,30,50,88,70,0,0,10316
20170314,20,240,20,20,60,89,74,0,0,10318
20170314,21,240,30,30,50,86,75,0,0,10318
20170314,22,230,30,30,50,86,75,0,0,10314
20170314,23,240,30,30,50,86,75,0,0,10315
20170314,24,240,30,30,60,83,74,0,0,10314
20170315,1,260,20,10,60,85,76,0,0,10316
20170315,2,270,20,20,50,89,76,0,0,10316
20170315,3,270,20,20,40,89,75,0,0,10316
20170315,4,320,10,20,30,86,72,0,0,10318
20170315,5,270,10,10,30,81,66,0,0,10318
20170315,6,290,20,20,30,77,63,0,0,10323
20170315,7,280,20,10,30,83,62,0,9,10327
20170315,8,290,10,10,20,95,57,0,37,10328
20170315,9,300,20,20,30,108,45,4,85,10328
20170315,10,320,20,30,50,117,23,10,160,10329
20170315,11,340,30,30,60,126,41,9,177,10331
20170315,12,310,30,30,60,131,34,9,198,10328
20170315,13,320,30,30,60,137,33,10,208,10325
20170315,14,340,30,40,60,135,29,10,184,10320
20170315,15,340,30,30,60,134,26,10,148,10318
20170315,16,310,30,20,50,138,32,10,101,10316
20170315,17,300,20,20,40,126,26,10,46,10315
20170315,18,320,20,20,30,104,33,2,5,10316
20170315,19,330,10,20,30,78,32,0,0,10315
20170315,20,0,10,0,20,45,33,0,0,10311
20170315,21,200,10,10,20,35,30,0,0,10306
20170315,22,210,10,10,20,30,27,0,0,10305
20170315,23,250,10,10,10,24,21,0,0,10298
20170315,24,150,10,10,20,17,14,0,0,10292
20170316,1,160,10,20,20,18,16,0,0,10287
20170316,2,160,10,10,20,13,12,0,0,10281
20170316,3,150,10,20,20,12,11,0,0,10275
20170316,4,150,20,20,20,11,10,0,0,10273
20170316,5,180,10,10,20,14,12,0,0,10269
20170316,6,160,10,10,20,18,15,0,0,10266
20170316,7,160,20,20,30,41,30,7,18,10263
20170316,8,200,20,20,30,76,45,10,64,10262
20170316,9,200,20,20,40,117,64,10,113,10259
20170316,10,190,30,40,50,133,66,10,163,10252
20170316,11,210,40,50,70,146,69,10,194,10242
20170316,12,220,50,50,70,151,70,10,204,10234
20170316,13,210,50,50,70,159,71,10,203,10222
20170316,14,210,40,50,80,163,71,10,180,10214
20170316,15,210,40,50,80,166,70,10,143,10204
20170316,16,220,50,50,90,162,64,10,93,10191
20170316,17,200,40,40,70,154,68,10,42,10182
20170316,18,200,30,20,60,130,70,2,7,10177
20170316,19,230,20,20,30,98,65,0,0,10173
20170316,20,240,20,20,30,82,64,0,0,10171
20170316,21,280,30,20,50,110,73,0,0,10171
20170316,22,290,30,50,80,111,66,0,0,10165
20170316,23,290,30,20,80,90,69,0,0,10163
20170316,24,280,20,20,50,92,68,0,0,10160
20170317,1,290,30,30,70,93,63,0,0,10159
20170317,2,290,30,40,70,92,61,0,0,10156
20170317,3,300,40,30,90,87,62,0,0,10155
20170317,4,280,20,20,60,83,60,0,0,10153
20170317,5,300,30,40,70,80,37,0,0,10154
20170317,6,300,30,30,70,75,26,0,0,10163
20170317,7,290,30,30,60,76,27,2,15,10163
20170317,8,290,30,30,70,81,21,4,45,10167
20170317,9,280,50,60,90,85,25,7,95,10168
20170317,10,280,50,50,110,82,12,2,88,10170
20170317,11,280,50,60,100,78,13,0,43,10172
20170317,12,250,50,50,110,87,9,1,103,10166
20170317,13,260,60,60,110,89,6,2,124,10161
20170317,14,280,50,60,120,100,3,10,160,10154
20170317,15,250,60,70,120,93,1,9,129,10149
20170317,16,260,60,50,120,93,-11,3,62,10142
20170317,17,250,60,60,130,85,16,2,24,10136
20170317,18,240,60,50,110,82,27,0,3,10124
20170317,19,240,50,50,100,83,11,0,0,10115
20170317,20,240,60,70,110,82,35,0,0,10105
20170317,21,230,70,60,140,73,49,0,0,10090
20170317,22,230,70,60,130,68,55,0,0,10072
20170317,23,230,70,80,140,70,62,0,0,10059
20170317,24,230,70,60,130,74,67,0,0,10047
20170318,1,240,80,70,140,79,73,0,0,10036
20170318,2,250,80,70,140,85,75,0,0,10025
20170318,3,270,70,70,140,92,74,0,0,10024
20170318,4,250,70,80,140,95,75,0,0,10024
20170318,5,250,70,70,140,95,86,0,0,10027
20170318,6,260,70,70,130,99,88,0,0,10033
20170318,7,270,60,50,130,104,89,0,3,10041
20170318,8,270,50,50,110,110,89,0,12,10047
20170318,9,270,50,50,100,113,91,0,20,10052
20170318,10,270,50,50,100,118,92,0,34,10054
20170318,11,310,60,60,110,117,88,1,73,10060
20170318,12,290,40,50,90,107,86,0,20,10064
20170318,13,290,40,50,100,104,93,0,37,10073
20170318,14,320,40,30,90,101,90,0,21,10077
20170318,15,290,30,30,60,96,87,0,19,10079
20170318,16,320,20,20,50,89,86,0,9,10081
20170318,17,290,10,10,30,89,83,0,12,10084
20170318,18,270,10,10,20,88,81,0,2,10091
20170318,19,340,10,10,30,90,85,0,0,10095
20170318,20,0,10,0,20,86,83,0,0,10098
20170318,21,220,10,20,30,88,86,0,0,10095
20170318,22,230,30,30,50,95,92,0,0,10094
20170318,23,230,40,40,60,98,95,0,0,10094
20170318,24,230,30,30,60,98,96,0,0,10092
20170319,1,230,30,40,70,98,95,0,0,10089
20170319,2,230,40,40,60,100,96,0,0,10083
20170319,3,230,40,40,80,104,98,0,0,10077
20170319,4,240,50,50,100,103,95,0,0,10074
20170319,5,240,50,50,90,107,96,0,0,10070
20170319,6,240,60,60,100,109,97,0,0,10067
20170319,7,240,60,70,120,111,98,0,3,10070
20170319,8,240,60,60,120,114,99,0,16,10069
20170319,9,240,70,70,130,116,98,1,29,10068
20170319,10,250,70,80,120,118,94,0,39,10069
20170319,11,240,60,70,120,122,96,1,29,10066
20170319,12,240,70,80,130,123,92,0,54,10064
20170319,13,250,70,70,130,125,83,0,35,10060
20170319,14,250,80,70,140,125,85,1,40,10059
20170319,15,240,60,60,130,124,85,0,24,10060
20170319,16,240,70,80,130,121,85,0,24,10058
20170319,17,240,80,80,130,120,83,2,19,10060
20170319,18,240,60,60,130,113,84,2,4,10063
20170319,19,240,70,60,120,112,82,0,0,10063
20170319,20,240,60,70,130,111,84,0,0,10065
20170319,21,240,60,60,130,110,85,0,0,10068
20170319,22,250,50,50,110,111,86,0,0,10070
20170319,23,240,50,60,100,109,86,0,0,10070
20170319,24,250,50,50,100,110,86,0,0,10070
20170320,1,240,50,50,100,111,87,0,0,10069
20170320,2,240,50,50,100,109,88,0,0,10069
20170320,3,240,50,50,100,107,88,0,0,10065
20170320,4,230,50,50,110,106,88,0,0,10064
20170320,5,230,60,60,120,102,90,0,0,10062
20170320,6,230,60,70,120,100,94,0,0,10063
20170320,7,230,60,60,120,104,94,0,4,10063
20170320,8,220,60,50,120,105,97,0,12,10059
20170320,9,220,60,60,120,104,98,0,22,10059
20170320,10,220,70,70,130,102,95,0,35,10055
20170320,11,220,70,80,150,103,94,0,50,10054
20170320,12,230,70,70,150,102,94,0,34,10052
20170320,13,220,70,70,120,110,88,0,26,10044
20170320,14,220,80,80,140,112,87,0,20,10039
20170320,15,220,80,70,150,106,94,0,13,10037
20170320,16,230,80,90,150,104,94,0,13,10038
20170320,17,240,70,70,150,102,87,0,7,10040
20170320,18,220,70,70,120,104,82,0,2,10033
20170320,19,220,60,60,120,104,83,0,0,10033
20170320,20,230,70,80,130,104,85,0,0,10033
20170320,21,230,70,70,130,100,90,0,0,10034
20170320,22,250,50,40,110,99,92,0,0,10036
20170320,23,270,40,30,110,89,76,0,0,10041
20170320,24,260,30,30,80,91,78,0,0,10045
20170321,1,250,30,30,80,84,75,0,0,10046
20170321,2,240,30,30,60,86,75,0,0,10046
20170321,3,250,30,30,70,88,73,0,0,10048
20170321,4,240,40,40,80,80,63,0,0,10051
20170321,5,240,40,40,60,73,57,0,0,10054
20170321,6,230,40,30,70,68,46,0,1,10055
20170321,7,240,40,40,80,79,62,2,17,10058
20170321,8,270,50,40,110,82,40,3,39,10066
20170321,9,280,50,60,130,87,31,6,86,10073
20170321,10,250,60,60,130,94,20,8,158,10082
20170321,11,250,60,60,120,91,7,9,182,10089
20170321,12,260,60,60,120,96,12,10,216,10097
20170321,13,280,70,70,120,86,-17,8,182,10100
20170321,14,270,50,50,120,94,-20,9,166,10102
20170321,15,250,50,50,100,90,-18,10,144,10105
20170321,16,260,60,50,120,88,-8,10,111,10110
20170321,17,250,50,50,100,84,-17,10,59,10115
20170321,18,240,40,30,80,74,-16,3,9,10120
20170321,19,210,30,30,60,67,1,0,0,10126
20170321,20,200,30,30,50,57,2,0,0,10126
20170321,21,190,30,30,50,53,0,0,0,10127
20170321,22,200,20,20,40,47,-2,0,0,10132
20170321,23,200,30,20,50,44,1,0,0,10133
20170321,24,160,20,30,50,14,-6,0,0,10132
20170322,1,170,20,20,30,14,-7,0,0,10129
20170322,2,170,30,30,40,22,-6,0,0,10131
20170322,3,160,30,20,50,15,-7,0,0,10134
20170322,4,160,30,20,40,12,-9,0,0,10134
20170322,5,150,20,30,40,9,-12,0,0,10128
20170322,6,150,30,30,40,14,-11,0,2,10130
20170322,7,140,30,30,40,26,-3,8,31,10135
20170322,8,150,30,30,50,53,9,7,78,10137
20170322,9,150,40,40,60,75,17,10,139,10140
20170322,10,150,50,50,80,89,5,10,190,10139
20170322,11,160,50,60,90,103,8,10,218,10137
20170322,12,150,60,60,100,108,10,10,223,10133
20170322,13,130,60,50,100,121,11,9,199,10127
20170322,14,130,60,70,100,115,17,8,157,10124
20170322,15,130,60,60,110,114,15,2,85,10124
20170322,16,140,60,50,110,110,5,6,76,10124
20170322,17,140,50,50,90,104,22,5,38,10127
20170322,18,110,40,30,80,83,25,0,5,10130
20170322,19,120,30,30,50,74,22,0,0,10137
20170322,20,120,30,30,50,67,22,0,0,10142
20170322,21,90,20,20,40,60,20,0,0,10142
20170322,22,100,30,20,40,56,20,0,0,10144
20170322,23,80,20,20,40,38,17,0,0,10145
20170322,24,60,20,20,30,37,13,0,0,10145
20170323,1,80,20,20,30,27,5,0,0,10147
20170323,2,80,20,10,40,35,-2,0,0,10147
20170323,3,50,20,20,30,30,-3,0,0,10150
20170323,4,80,20,20,30,19,-2,0,0,10152
20170323,5,50,20,30,30,29,-3,0,0,10152
20170323,6,50,30,40,50,25,-1,0,2,10154
20170323,7,70,30,40,60,51,15,8,30,10161
20170323,8,70,40,40,70,75,31,10,85,10164
20170323,9,70,40,40,80,96,38,10,139,10167
20170323,10,80,50,50,90,115,50,10,185,10168
20170323,11,80,60,70,100,120,40,10,218,10168
20170323,12,80,70,70,100,127,42,9,201,10167
20170323,13,100,60,50,100,135,52,10,229,10167
20170323,14,70,60,60,110,134,47,10,208,10170
20170323,15,90,60,50,100,131,53,9,145,10172
20170323,16,80,60,60,100,124,43,10,101,10179
20170323,17,60,60,50,90,118,40,10,61,10186
20170323,18,50,50,50,90,108,40,3,14,10194
20170323,19,50,50,50,80,95,43,0,0,10201
20170323,20,60,50,50,100,84,38,0,0,10210
20170323,21,70,50,50,90,79,35,0,0,10221
20170323,22,60,50,40,90,69,34,0,0,10228
20170323,23,50,50,60,90,68,33,0,0,10233
20170323,24,60,50,40,80,63,33,0,0,10248
20170324,1,50,50,50,80,60,33,0,0,10250
20170324,2,50,40,30,80,52,29,0,0,10257
20170324,3,40,30,40,60,44,29,0,0,10259
20170324,4,60,40,30,60,39,26,0,0,10261
20170324,5,50,40,40,70,33,22,0,0,10263
20170324,6,50,40,40,70,35,23,0,2,10269
20170324,7,50,50,50,90,48,28,10,29,10278
20170324,8,60,40,60,80,63,34,8,79,10285
20170324,9,80,50,50,90,75,36,9,133,10297
20170324,10,100,50,60,80,95,41,10,188,10304
20170324,11,70,60,70,90,106,40,10,215,10305
20170324,12,60,60,70,110,121,39,10,237,10297
20170324,13,60,60,60,110,128,37,10,228,10293
20170324,14,70,60,60,90,135,32,10,209,10291
20170324,15,60,50,50,100,138,30,10,166,10293
20170324,16,50,60,50,110,132,31,10,116,10298
20170324,17,70,60,70,90,126,22,10,59,10300
20170324,18,60,50,40,100,112,15,3,16,10307
20170324,19,50,40,40,70,104,12,0,0,10315
20170324,20,50,30,30,60,90,14,0,0,10320
20170324,21,50,40,40,70,82,15,0,0,10325
20170324,22,50,40,40,70,75,18,0,0,10328
20170324,23,50,40,40,70,64,20,0,0,10328
20170324,24,40,40,40,70,59,19,0,0,10331
20170325,1,50,40,40,60,52,12,0,0,10329
20170325,2,50,40,40,70,44,-1,0,0,10325
20170325,3,40,30,30,60,37,-7,0,0,10322
20170325,4,50,30,30,50,29,-7,0,0,10321
20170325,5,50,30,30,50,25,-7,0,0,10321
20170325,6,50,30,30,50,25,-6,0,3,10320
20170325,7,50,30,30,50,48,0,10,36,10322
20170325,8,70,40,40,60,72,-3,10,82,10322
20170325,9,50,40,40,70,94,5,9,135,10321
20170325,10,40,40,40,60,116,16,8,169,10316
20170325,11,40,50,50,80,122,-1,7,191,10308
20170325,12,50,50,50,100,129,-8,8,209,10301
20170325,13,40,60,60,100,137,-34,10,233,10293
20170325,14,40,60,70,100,140,-39,10,211,10283
20170325,15,40,70,70,110,140,-36,10,173,10276
20170325,16,40,70,70,110,133,-37,10,122,10268
20170325,17,40,60,60,110,127,-26,10,66,10263
20170325,18,50,50,50,90,114,-16,3,19,10266
20170325,19,40,50,60,90,101,-14,0,0,10269
20170325,20,40,40,40,80,86,-2,0,0,10272
20170325,21,40,30,40,60,74,3,0,0,10273
20170325,22,50,40,50,80,67,9,0,0,10274
20170325,23,40,50,50,80,62,14,0,0,10269
20170325,24,50,30,40,70,56,21,0,0,10264
20170326,1,50,50,50,80,56,24,0,0,10260
20170326,2,50,50,50,80,54,22,0,0,10258
20170326,3,50,40,30,70,49,19,0,0,10255
20170326,4,40,40,30,60,44,18,0,0,10258
20170326,5,40,30,30,50,41,20,0,0,10258
20170326,6,60,20,20,50,35,20,0,3,10262
20170326,7,80,20,40,60,45,33,5,26,10264
20170326,8,70,40,30,70,62,45,2,55,10265
20170326,9,80,40,30,60,77,54,2,90,10264
20170326,10,90,40,30,60,94,60,7,158,10263
20170326,11,70,30,30,60,110,55,6,181,10261
20170326,12,40,30,40,60,113,63,4,165,10258
20170326,13,60,40,40,70,113,58,2,138,10254
20170326,14,60,40,30,70,127,59,10,207,10250
20170326,15,50,40,50,70,126,64,10,166,10246
20170326,16,50,50,50,70,123,63,10,117,10243
20170326,17,50,50,40,80,115,58,10,60,10241
20170326,18,40,40,40,70,101,56,5,16,10243
20170326,19,40,30,30,60,90,55,0,0,10247
20170326,20,40,20,30,40,83,52,0,0,10252
20170326,21,50,30,40,60,76,47,0,0,10251
20170326,22,40,30,20,50,67,42,0,0,10250
20170326,23,40,20,20,40,57,38,0,0,10247
20170326,24,50,20,20,40,52,34,0,0,10247
20170327,1,60,20,20,40,45,31,0,0,10245
20170327,2,70,20,10,40,36,27,0,0,10242
20170327,3,70,20,20,30,35,28,0,0,10238
20170327,4,60,20,20,30,32,25,0,0,10238
20170327,5,70,20,20,30,27,20,0,0,10241
20170327,6,90,20,20,30,30,25,0,3,10241
20170327,7,110,20,20,30,69,36,10,40,10244
20170327,8,140,30,40,60,101,31,10,94,10244
20170327,9,140,30,30,60,123,43,10,149,10244
20170327,10,150,40,40,60,140,39,10,194,10243
20170327,11,150,40,40,60,154,31,10,227,10239
20170327,12,150,50,50,80,159,15,10,245,10234
20170327,13,160,50,50,80,164,13,10,237,10226
20170327,14,150,40,40,80,171,8,10,217,10218
20170327,15,160,40,40,70,171,8,10,180,10212
20170327,16,150,50,40,70,168,10,10,129,10209
20170327,17,150,40,30,70,158,6,10,67,10208
20170327,18,130,20,20,60,128,18,5,16,10209
20170327,19,0,10,0,30,86,33,0,0,10213
20170327,20,60,10,10,10,63,33,0,0,10215
20170327,21,60,10,10,10,52,30,0,0,10216
20170327,22,20,10,10,20,37,26,0,0,10213
20170327,23,20,10,10,20,30,20,0,0,10210
20170327,24,40,10,10,10,23,19,0,0,10209
20170328,1,110,10,10,10,17,11,0,0,10205
20170328,2,100,10,10,10,11,3,0,0,10203
20170328,3,160,10,10,10,10,4,0,0,10200
20170328,4,150,10,10,20,10,1,0,0,10199
20170328,5,130,10,10,20,8,3,0,0,10200
20170328,6,160,10,20,20,21,11,2,4,10202
20170328,7,160,10,10,20,68,33,8,41,10203
20170328,8,190,10,10,20,104,32,9,92,10206
20170328,9,180,10,10,20,140,39,10,150,10208
20170328,10,180,10,20,30,164,37,10,193,10210
20170328,11,190,20,30,50,183,31,10,221,10209
20170328,12,240,40,40,80,186,45,10,232,10206
20170328,13,260,40,50,90,187,40,10,227,10203
20170328,14,250,50,50,90,192,39,10,202,10203
20170328,15,240,50,50,90,193,52,10,156,10200
20170328,16,240,50,50,90,188,62,10,108,10202
20170328,17,260,40,30,90,181,62,10,60,10201
20170328,18,280,30,20,70,141,74,5,15,10208
20170328,19,260,40,40,90,138,81,0,0,10215
20170328,20,250,40,40,70,125,80,0,0,10217
20170328,21,240,40,40,90,117,81,0,0,10219
20170328,22,230,50,40,90,110,82,0,0,10221
20170328,23,230,40,50,90,108,82,0,0,10224
20170328,24,240,50,50,90,108,83,0,0,10222
20170329,1,240,50,50,90,104,81,0,0,10222
20170329,2,230,50,40,80,105,82,0,0,10222
20170329,3,230,40,40,90,106,82,0,0,10220
20170329,4,230,40,40,70,108,84,0,0,10219
20170329,5,210,40,30,70,109,85,0,0,10218
20170329,6,220,50,50,80,113,82,0,1,10220
20170329,7,230,50,50,100,118,81,0,11,10221
20170329,8,240,60,70,110,123,85,0,46,10226
20170329,9,240,60,50,110,129,93,0,65,10231
20170329,10,240,60,60,120,128,92,0,52,10235
20170329,11,240,60,50,120,127,93,0,31,10237
20170329,12,240,50,50,100,130,93,0,30,10236
20170329,13,230,60,60,110,136,95,0,45,10234
20170329,14,240,60,60,100,136,93,0,49,10236
20170329,15,270,50,50,100,140,93,0,50,10234
20170329,16,260,50,40,100,146,93,5,67,10232
20170329,17,260,40,30,80,143,92,2,40,10235
20170329,18,250,30,30,60,135,85,5,13,10238
20170329,19,230,20,20,50,132,90,0,0,10242
20170329,20,220,30,30,70,132,79,0,0,10243
20170329,21,220,30,40,60,134,81,0,0,10244
20170329,22,230,30,30,60,129,88,0,0,10245
20170329,23,230,40,40,60,131,90,0,0,10244
20170329,24,210,30,30,70,120,86,0,0,10245
20170330,1,200,20,20,50,124,83,0,0,10242
20170330,2,170,20,20,50,113,81,0,0,10239
20170330,3,170,30,30,40,113,80,0,0,10236
20170330,4,190,30,40,60,121,80,0,0,10234
20170330,5,200,30,30,60,124,81,0,0,10233
20170330,6,200,40,40,70,125,81,0,5,10235
20170330,7,210,40,40,70,134,84,0,28,10237
20170330,8,200,40,40,60,144,87,1,51,10237
20170330,9,210,50,50,80,159,83,0,75,10236
20170330,10,210,60,60,90,181,89,10,200,10234
20170330,11,200,60,60,90,192,94,6,180,10231
20170330,12,210,60,60,100,198,97,7,205,10228
20170330,13,200,50,50,80,204,100,3,148,10224
20170330,14,210,50,60,90,206,87,2,129,10218
20170330,15,200,40,50,80,213,88,7,125,10211
20170330,16,200,50,40,80,215,86,10,111,10205
20170330,17,200,30,30,60,208,89,10,65,10202
20170330,18,170,20,20,40,176,96,5,16,10202
20170330,19,140,20,20,30,142,96,0,0,10201
20170330,20,140,20,20,30,120,94,0,0,10197
20170330,21,140,20,30,40,126,89,0,0,10191
20170330,22,140,30,30,50,142,84,0,0,10185
20170330,23,150,30,40,60,150,84,0,0,10179
20170330,24,160,40,30,60,139,83,0,0,10174
20170331,1,150,30,40,50,133,81,0,0,10165
20170331,2,150,40,30,60,130,80,0,0,10155
20170331,3,150,40,40,50,125,77,0,0,10147
20170331,4,150,40,30,60,121,75,0,0,10139
20170331,5,150,40,30,60,115,73,0,0,10135
20170331,6,160,40,40,60,115,73,0,4,10131
20170331,7,160,40,40,70,126,78,8,42,10129
20170331,8,160,30,40,60,137,86,5,69,10123
20170331,9,170,30,30,60,160,93,3,102,10123
20170331,10,180,50,50,80,185,102,9,192,10120
20170331,11,190,40,40,70,201,100,6,190,10112
20170331,12,160,50,60,80,207,106,5,188,10107
20170331,13,210,60,70,100,215,89,8,204,10110
20170331,14,240,60,60,120,191,94,2,106,10117
20170331,15,260,50,50,110,175,102,0,27,10117
20170331,16,270,50,50,100,147,98,1,45,10123
20170331,17,260,40,30,90,146,102,3,31,10125
20170331,18,270,20,20,50,144,103,5,11,10123
20170331,19,270,20,30,50,139,98,0,1,10126
20170331,20,280,30,20,60,136,93,0,0,10127
20170331,21,230,20,10,50,120,106,0,0,10130
20170331,22,210,10,10,30,117,111,0,0,10128
20170331,23,200,10,20,30,113,103,0,0,10127
20170331,24,160,10,10,30,90,90,0,0,10123
20170401,1,160,20,20,30,72,72,0,0,10121
20170401,2,120,10,10,30,84,83,0,0,10117
20170401,3,130,10,10,20,64,64,0,0,10115
20170401,4,140,10,10,20,65,65,0,0,10110
20170401,5,130,20,20,30,73,73,0,0,10109
20170401,6,140,20,30,40,101,98,0,4,10108
20170401,7,150,20,30,40,109,102,0,11,10110
20170401,8,200,30,30,60,117,103,0,36,10111
20170401,9,230,40,30,70,115,99,0,43,10113
20170401,10,230,20,30,50,117,98,0,36,10116
20170401,11,240,30,40,50,122,95,0,57,10118
20170401,12,240,20,20,50,129,92,0,65,10118
20170401,13,240,20,20,40,135,95,1,68,10118
20170401,14,250,30,40,60,139,90,1,116,10116
20170401,15,240,30,30,60,139,84,0,82,10115
20170401,16,250,20,20,40,137,76,0,51,10118
20170401,17,260,20,10,40,132,77,0,19,10122
20170401,18,320,10,10,20,123,84,0,8,10127
20170401,19,0,10,0,20,111,90,0,0,10130
20170401,20,200,20,20,40,111,84,0,0,10134
20170401,21,190,20,20,40,107,84,0,0,10137
20170401,22,190,20,20,30,104,92,0,0,10142
20170401,23,220,20,20,40,92,89,0,0,10144
20170401,24,200,20,10,30,83,82,0,0,10146
20170402,1,190,10,10,20,57,57,0,0,10149
20170402,2,210,10,10,20,62,62,0,0,10153
20170402,3,170,10,10,20,64,64,0,0,10155
20170402,4,140,10,20,20,50,50,0,0,10161
20170402,5,160,10,20,20,44,44,0,0,10167
20170402,6,170,20,10,30,50,50,0,6,10176
20170402,7,160,10,20,30,60,60,0,32,10185
20170402,8,200,20,20,30,81,80,4,80,10192
20170402,9,190,20,20,30,110,87,10,148,10199
20170402,10,270,20,20,40,135,86,10,202,10205
20170402,11,260,20,20,40,154,87,10,232,10207
20170402,12,280,30,40,80,164,76,8,194,10208
20170402,13,310,40,50,80,160,68,10,239,10212
20170402,14,310,40,40,70,155,63,10,179,10216
20170402,15,310,40,30,70,158,71,10,202,10220
20170402,16,320,40,30,70,150,70,9,98,10224
20170402,17,360,40,40,60,142,68,10,74,10230
20170402,18,350,30,20,70,128,72,7,23,10237
20170402,19,340,20,20,50,110,74,0,0,10245
20170402,20,330,20,20,50,92,79,0,0,10253
20170402,21,350,20,30,50,90,78,0,0,10258
20170402,22,30,20,30,50,83,72,0,0,10264
20170402,23,30,20,20,50,83,71,0,0,10267
20170402,24,360,20,30,40,80,68,0,0,10268
20170403,1,30,20,20,40,75,64,0,0,10267
20170403,2,10,20,30,50,74,64,0,0,10268
20170403,3,70,20,20,40,69,61,0,0,10270
20170403,4,60,20,20,40,66,58,0,0,10270
20170403,5,60,20,20,30,66,58,0,0,10273
20170403,6,990,10,10,30,66,57,0,2,10278
20170403,7,150,10,20,30,71,59,0,11,10281
20170403,8,130,20,10,30,72,58,0,27,10283
20170403,9,990,20,10,30,74,59,0,42,10284
20170403,10,180,20,20,30,78,59,0,62,10286
20170403,11,160,10,20,30,84,63,0,81,10284
20170403,12,130,20,20,50,92,68,0,119,10281
20170403,13,990,20,10,40,111,79,1,111,10276
20170403,14,200,20,20,40,119,70,10,227,10271
20170403,15,150,10,20,30,131,78,10,187,10266
20170403,16,200,10,20,30,138,69,10,136,10259
20170403,17,170,10,10,30,133,72,10,77,10257
20170403,18,170,10,10,30,117,72,7,24,10256
20170403,19,60,10,10,20,89,67,0,0,10257
20170403,20,50,10,10,10,67,63,0,0,10257
20170403,21,40,10,10,20,53,52,0,0,10256
20170403,22,120,10,10,20,45,44,0,0,10254
20170403,23,120,10,10,10,35,35,0,0,10251
20170403,24,120,10,10,20,27,27,0,0,10249
20170404,1,140,10,10,10,23,23,0,0,10245
20170404,2,110,10,10,20,31,28,0,0,10242
20170404,3,150,10,10,20,28,25,0,0,10239
20170404,4,140,10,10,20,27,24,0,0,10237
20170404,5,160,10,20,20,22,19,0,0,10238
20170404,6,140,10,10,20,46,43,3,10,10240
20170404,7,140,20,20,30,78,63,8,56,10241
20170404,8,160,10,10,30,101,77,3,76,10244
20170404,9,230,10,10,20,120,73,1,99,10248
20170404,10,990,10,10,30,139,60,8,187,10248
20170404,11,270,10,10,30,154,48,10,237,10246
20170404,12,270,10,20,30,162,63,10,263,10243
20170404,13,990,20,10,50,157,61,1,118,10242
20170404,14,60,10,20,30,154,55,7,168,10240
20170404,15,310,20,20,40,154,55,0,51,10239
20170404,16,360,20,20,40,154,46,3,69,10238
20170404,17,330,30,40,70,147,68,5,55,10240
20170404,18,340,40,40,70,130,65,7,16,10248
20170404,19,340,40,30,70,118,66,0,1,10255
20170404,20,330,20,20,50,105,63,0,0,10257
20170404,21,330,20,10,30,87,60,0,0,10258
20170404,22,340,20,20,40,87,62,0,0,10261
20170404,23,320,20,20,40,66,56,0,0,10262
20170404,24,330,30,20,40,70,61,0,0,10260
20170405,1,330,30,30,50,71,65,0,0,10258
20170405,2,340,30,20,50,74,66,0,0,10256
20170405,3,330,30,40,70,73,71,0,0,10257
20170405,4,350,30,20,70,80,77,0,0,10258
20170405,5,340,20,30,60,89,86,0,0,10262
20170405,6,330,30,30,50,91,81,0,2,10268
20170405,7,340,30,30,60,91,66,0,25,10270
20170405,8,340,40,40,70,99,42,7,94,10275
20170405,9,330,40,30,70,113,42,10,163,10276
20170405,10,330,40,30,70,115,35,7,182,10274
20170405,11,300,40,40,90,121,39,5,162,10272
20170405,12,320,50,50,90,121,38,6,162,10272
20170405,13,310,50,50,100,116,40,4,166,10272
20170405,14,310,50,60,100,107,35,1,117,10269
20170405,15,320,50,40,90,108,40,1,74,10268
20170405,16,330,50,50,90,106,37,6,75,10267
20170405,17,330,40,30,90,99,43,0,31,10270
20170405,18,330,30,40,70,92,42,5,16,10276
20170405,19,320,30,30,70,82,41,0,1,10279
20170405,20,330,30,20,50,75,42,0,0,10280
20170405,21,330,30,20,60,74,39,0,0,10280
20170405,22,310,20,20,50,68,39,0,0,10280
20170405,23,320,30,30,60,69,33,0,0,10280
20170405,24,340,30,30,60,71,34,0,0,10277
20170406,1,330,40,40,80,74,38,0,0,10275
20170406,2,340,30,40,90,73,32,0,0,10272
20170406,3,330,40,40,80,71,31,0,0,10275
20170406,4,340,30,30,80,62,32,0,0,10278
20170406,5,340,30,30,60,62,35,0,0,10279
20170406,6,330,20,30,50,69,38,0,7,10284
20170406,7,330,30,30,70,77,45,0,28,10290
20170406,8,350,40,50,80,84,38,0,63,10292
20170406,9,340,40,50,80,86,35,3,97,10294
20170406,10,340,40,30,80,94,33,2,102,10297
20170406,11,330,40,50,80,92,33,0,66,10299
20170406,12,310,40,30,80,97,33,0,94,10297
20170406,13,310,30,30,60,103,26,1,104,10294
20170406,14,300,30,30,60,107,30,1,104,10289
20170406,15,310,30,30,60,114,34,2,114,10285
20170406,16,330,40,40,60,105,32,4,89,10284
20170406,17,350,30,30,60,103,33,5,49,10281
20170406,18,300,30,20,50,96,34,8,24,10282
20170406,19,330,30,30,50,88,35,0,1,10285
20170406,20,300,20,20,50,71,36,0,0,10288
20170406,21,260,10,10,30,59,36,0,0,10284
20170406,22,260,10,10,20,43,33,0,0,10280
20170406,23,280,10,10,20,47,39,0,0,10276
20170406,24,260,20,20,30,73,40,0,0,10271
20170407,1,290,20,20,50,78,41,0,0,10267
20170407,2,260,20,30,50,78,46,0,0,10261
20170407,3,260,30,30,50,80,48,0,0,10259
20170407,4,250,30,20,50,78,50,0,0,10253
20170407,5,250,30,20,60,80,52,0,0,10252
20170407,6,260,20,20,40,85,50,0,6,10254
20170407,7,260,20,30,50,96,61,1,38,10253
20170407,8,290,30,30,50,102,72,1,54,10254
20170407,9,290,30,30,50,121,76,2,109,10254
20170407,10,290,30,40,60,135,75,8,194,10254
20170407,11,300,30,40,70,131,66,3,134,10254
20170407,12,310,30,40,70,135,68,0,92,10253
20170407,13,330,30,30,60,136,66,0,94,10251
20170407,14,340,30,30,60,134,66,0,74,10250
20170407,15,330,30,40,60,131,64,0,57,10248
20170407,16,310,30,40,60,128,62,0,51,10249
20170407,17,320,30,30,60,124,62,0,38,10250
20170407,18,310,30,30,60,117,56,0,11,10253
20170407,19,300,30,30,60,103,57,0,1,10257
20170407,20,310,20,20,60,92,62,0,0,10260
20170407,21,320,20,20,30,89,67,0,0,10261
20170407,22,330,20,20,30,91,70,0,0,10260
20170407,23,360,20,20,30,86,68,0,0,10260
20170407,24,330,20,10,30,84,69,0,0,10257
20170408,1,0,10,0,20,82,70,0,0,10254
20170408,2,0,0,0,10,80,70,0,0,10252
20170408,3,990,20,10,40,86,60,0,0,10251
20170408,4,990,10,10,20,80,69,0,0,10250
20170408,5,240,10,10,20,81,57,0,0,10252
20170408,6,270,10,10,30,88,38,0,3,10254
20170408,7,260,20,20,30,94,39,0,18,10256
20170408,8,250,20,20,30,100,52,0,49,10258
20170408,9,270,20,20,40,108,58,0,84,10259
20170408,10,300,20,20,40,115,54,0,105,10260
20170408,11,990,10,10,40,122,51,1,133,10257
20170408,12,20,10,20,30,127,64,2,140,10254
20170408,13,120,10,20,50,130,60,6,224,10252
20170408,14,990,20,10,40,137,50,7,218,10247
20170408,15,120,10,20,30,142,57,6,137,10243
20170408,16,990,10,10,30,148,51,10,139,10239
20170408,17,110,10,10,20,148,57,10,82,10237
20170408,18,140,20,20,40,122,63,8,31,10238
20170408,19,130,20,20,30,86,60,0,2,10241
20170408,20,130,10,10,20,66,57,0,0,10244
20170408,21,360,10,10,20,56,46,0,0,10243
20170408,22,360,0,10,10,43,40,0,0,10246
20170408,23,110,10,10,10,36,33,0,0,10246
20170408,24,110,10,10,20,32,29,0,0,10246
20170409,1,120,10,20,20,24,21,0,0,10242
20170409,2,120,20,20,30,20,17,0,0,10240
20170409,3,140,10,10,20,15,15,0,0,10239
20170409,4,140,10,10,20,15,12,0,0,10236
20170409,5,150,10,10,20,10,10,0,0,10238
20170409,6,150,10,10,20,36,33,5,16,10240
20170409,7,150,10,10,20,83,61,10,66,10241
20170409,8,170,20,20,30,113,60,10,125,10242
20170409,9,180,20,20,30,135,63,10,179,10244
20170409,10,180,20,30,40,151,68,10,224,10241
20170409,11,180,30,30,50,165,70,10,257,10235
20170409,12,150,30,30,60,177,79,10,266,10229
20170409,13,170,30,30,60,186,68,10,263,10223
20170409,14,180,30,40,60,198,55,10,237,10217
20170409,15,180,30,30,60,204,55,10,199,10208
20170409,16,170,40,30,60,204,58,10,145,10201
20170409,17,170,30,20,50,202,59,10,83,10196
20170409,18,170,20,20,30,183,70,8,30,10191
20170409,19,170,20,30,30,127,69,0,1,10189
20170409,20,210,20,20,40,104,72,0,0,10186
20170409,21,220,30,30,40,102,64,0,0,10182
20170409,22,200,20,20,40,92,58,0,0,10177
20170409,23,210,30,30,50,133,48,0,0,10170
20170409,24,220,30,30,50,135,39,0,0,10165
20170410,1,280,40,40,120,133,74,0,0,10168
20170410,2,310,30,30,80,114,76,0,0,10170
20170410,3,310,30,30,70,105,72,0,0,10173
20170410,4,310,30,30,70,101,72,0,0,10177
20170410,5,320,30,40,70,103,73,0,0,10185
20170410,6,320,40,50,80,101,67,0,3,10194
20170410,7,320,40,40,90,110,68,5,59,10200
20170410,8,320,40,40,80,113,65,7,107,10209
20170410,9,350,50,50,90,105,52,2,69,10221
20170410,10,340,40,40,90,111,39,3,131,10224
20170410,11,310,40,40,80,125,37,8,213,10225
20170410,12,330,40,40,80,127,26,7,190,10228
20170410,13,310,40,50,90,126,21,8,207,10233
20170410,14,310,50,50,100,113,38,1,105,10236
20170410,15,310,50,50,90,105,33,0,69,10238
20170410,16,310,50,50,90,103,39,3,75,10242
20170410,17,310,40,40,90,99,35,2,45,10243
20170410,18,310,30,30,70,93,42,7,26,10245
20170410,19,320,20,30,60,80,38,0,2,10249
20170410,20,310,20,20,50,70,35,0,0,10252
20170410,21,300,20,20,40,65,37,0,0,10255
20170410,22,300,20,20,30,65,41,0,0,10256
20170410,23,310,10,10,30,49,37,0,0,10256
20170410,24,300,10,10,30,42,31,0,0,10256
20170411,1,270,10,10,20,33,28,0,0,10254
20170411,2,260,10,10,20,25,22,0,0,10255
20170411,3,270,20,20,30,48,34,0,0,10257
20170411,4,260,20,10,30,63,34,0,0,10258
20170411,5,270,10,10,30,68,39,0,0,10261
20170411,6,220,20,20,30,75,48,0,4,10261
20170411,7,240,20,20,40,89,53,1,33,10263
20170411,8,240,20,20,40,102,51,3,69,10263
20170411,9,240,40,50,80,117,50,10,166,10262
20170411,10,240,50,50,100,124,55,8,179,10263
20170411,11,290,50,50,90,133,46,5,147,10259
20170411,12,290,50,50,100,124,46,5,134,10259
20170411,13,290,50,40,100,133,43,8,186,10254
20170411,14,290,50,50,90,136,42,8,192,10252
20170411,15,280,50,50,100,130,36,10,183,10247
20170411,16,290,50,50,90,128,34,10,151,10245
20170411,17,280,40,30,90,113,38,10,78,10243
20170411,18,270,30,30,60,105,31,8,36,10238
20170411,19,260,30,20,70,97,22,0,2,10236
20170411,20,250,30,30,60,96,34,0,0,10232
20170411,21,240,30,20,70,92,37,0,0,10228
20170411,22,230,30,40,60,90,45,0,0,10223
20170411,23,240,40,30,70,88,50,0,0,10219
20170411,24,230,40,40,60,90,54,0,0,10208
20170412,1,230,40,40,80,90,60,0,0,10202
20170412,2,230,40,50,80,91,61,0,0,10192
20170412,3,230,40,40,90,87,65,0,0,10185
20170412,4,240,40,40,80,86,71,0,0,10178
20170412,5,230,40,40,70,87,75,0,0,10175
20170412,6,230,40,40,70,90,75,0,10,10172
20170412,7,240,30,30,70,102,82,2,41,10167
20170412,8,270,40,40,100,104,66,1,49,10166
20170412,9,270,50,40,100,113,65,4,102,10166
20170412,10,270,50,50,100,111,63,0,77,10160
20170412,11,260,50,60,110,110,61,1,95,10159
20170412,12,280,50,60,110,105,58,0,27,10158
20170412,13,260,50,60,110,110,56,0,77,10148
20170412,14,270,60,60,110,109,58,0,57,10146
20170412,15,280,50,50,110,108,56,0,39,10142
20170412,16,270,50,60,120,106,57,1,29,10141
20170412,17,270,60,60,100,102,64,0,7,10139
20170412,18,260,40,40,110,91,82,0,5,10139
20170412,19,240,40,30,70,92,80,0,1,10137
20170412,20,250,30,30,70,92,80,0,0,10135
20170412,21,240,30,40,70,95,78,0,0,10133
20170412,22,260,40,40,90,100,81,0,0,10132
20170412,23,280,30,30,90,93,76,0,0,10132
20170412,24,270,20,20,50,83,66,0,0,10131
20170413,1,270,20,20,50,89,76,0,0,10127
20170413,2,270,30,30,60,87,72,0,0,10128
20170413,3,270,30,20,60,82,66,0,0,10129
20170413,4,280,20,30,50,82,63,0,0,10129
20170413,5,290,20,20,50,80,59,0,0,10134
20170413,6,290,30,30,60,85,56,2,16,10140
20170413,7,290,30,30,60,92,58,2,47,10146
20170413,8,290,40,50,80,95,56,2,64,10151
20170413,9,300,40,50,80,105,48,4,124,10155
20170413,10,290,40,40,90,110,43,5,144,10158
20170413,11,290,40,40,80,111,30,4,142,10159
20170413,12,290,50,40,90,116,33,4,160,10161
20170413,13,270,50,50,90,128,29,8,207,10161
20170413,14,300,50,50,90,117,24,8,198,10161
20170413,15,290,50,50,90,118,34,9,174,10162
20170413,16,290,50,50,90,114,31,9,125,10164
20170413,17,310,50,40,90,103,30,10,95,10164
20170413,18,290,40,30,80,94,27,10,39,10165
20170413,19,280,20,30,50,82,34,0,3,10167
20170413,20,270,20,20,50,73,39,0,0,10169
20170413,21,270,20,20,50,70,41,0,0,10168
20170413,22,240,20,20,40,63,39,0,0,10169
20170413,23,240,20,30,40,63,40,0,0,10167
20170413,24,240,20,20,40,65,45,0,0,10166
20170414,1,240,20,20,50,68,49,0,0,10163
20170414,2,230,20,30,40,74,55,0,0,10160
20170414,3,230,20,20,40,76,58,0,0,10158
20170414,4,230,20,20,40,79,62,0,0,10157
20170414,5,240,20,20,40,80,64,0,0,10157
20170414,6,240,20,30,40,86,65,0,5,10160
20170414,7,240,20,30,50,94,68,0,28,10160
20170414,8,250,30,30,50,98,68,0,32,10161
20170414,9,260,30,20,50,102,56,0,37,10163
20170414,10,240,30,30,60,102,60,0,33,10165
20170414,11,270,30,30,60,104,49,0,36,10166
20170414,12,280,40,40,70,112,19,0,72,10165
20170414,13,250,40,40,80,114,33,0,119,10162
20170414,14,240,40,50,90,118,31,0,117,10159
20170414,15,240,50,50,90,124,28,7,167,10155
20170414,16,250,40,30,80,118,28,0,41,10154
20170414,17,250,50,50,80,120,22,10,93,10151
20170414,18,260,40,40,80,107,22,7,26,10150
20170414,19,230,20,20,70,98,32,0,1,10149
20170414,20,230,30,30,50,101,41,0,0,10149
20170414,21,200,30,30,60,98,47,0,0,10142
20170414,22,200,40,40,70,97,49,0,0,10136
20170414,23,220,50,50,80,102,52,0,0,10134
20170414,24,220,40,40,80,98,67,0,0,10128
20170415,1,230,40,40,80,95,75,0,0,10123
20170415,2,240,40,40,80,98,88,0,0,10121
20170415,3,250,40,40,80,99,91,0,0,10119
20170415,4,270,40,30,80,98,91,0,0,10117
20170415,5,280,40,30,80,96,85,0,0,10119
20170415,6,290,40,30,100,96,75,0,11,10125
20170415,7,290,40,40,70,100,72,0,29,10129
20170415,8,290,40,40,90,99,65,1,38,10132
20170415,9,290,50,40,100,103,60,0,52,10140
20170415,10,290,50,50,110,113,33,4,125,10143
20170415,11,300,60,60,120,110,40,6,179,10148
20170415,12,290,60,60,120,114,41,4,190,10152
20170415,13,300,60,60,120,105,34,1,154,10157
20170415,14,300,60,70,120,102,27,1,132,10159
20170415,15,300,60,50,110,105,25,4,128,10162
20170415,16,310,60,60,110,106,24,6,118,10165
20170415,17,300,60,50,120,101,24,10,104,10165
20170415,18,290,40,30,100,93,21,10,42,10167
20170415,19,260,30,30,70,82,20,0,4,10168
20170415,20,250,40,40,70,83,22,0,0,10169
20170415,21,250,40,50,80,84,21,0,0,10171
20170415,22,290,40,30,100,79,41,0,0,10172
20170415,23,320,30,40,80,75,34,0,0,10177
20170415,24,270,20,20,80,67,43,0,0,10174
20170416,1,260,20,20,40,60,38,0,0,10175
20170416,2,270,30,20,60,65,40,0,0,10175
20170416,3,270,30,30,70,71,50,0,0,10176
20170416,4,270,20,20,70,70,53,0,0,10176
20170416,5,270,20,20,40,70,52,0,1,10179
20170416,6,270,20,20,40,79,59,2,19,10185
20170416,7,280,20,30,50,87,57,2,44,10189
20170416,8,310,30,40,110,87,41,3,81,10190
20170416,9,30,20,20,60,98,44,3,103,10191
20170416,10,360,30,30,90,79,48,1,59,10195
20170416,11,310,40,50,80,97,35,0,115,10196
20170416,12,300,50,40,90,82,37,1,118,10198
20170416,13,300,40,40,100,95,28,2,139,10198
20170416,14,310,40,50,80,104,29,1,94,10196
20170416,15,280,50,50,110,92,19,6,150,10197
20170416,16,300,50,40,100,95,35,5,99,10196
20170416,17,300,40,40,80,100,34,3,72,10195
20170416,18,290,40,40,90,83,26,5,30,10198
20170416,19,280,30,30,60,77,28,0,3,10198
20170416,20,270,20,10,50,75,31,0,0,10197
20170416,21,280,20,10,30,75,34,0,0,10197
20170416,22,320,20,10,40,58,39,0,0,10193
20170416,23,70,10,10,20,54,43,0,0,10190
20170416,24,110,10,10,20,50,44,0,0,10183
20170417,1,70,20,20,30,48,42,0,0,10177
20170417,2,50,20,20,30,46,42,0,0,10173
20170417,3,60,20,20,30,44,40,0,0,10169
20170417,4,60,20,10,30,45,41,0,0,10171
20170417,5,30,10,10,20,45,40,0,1,10171
20170417,6,340,10,10,20,51,45,0,10,10176
20170417,7,340,20,10,30,59,47,0,34,10181
20170417,8,360,20,20,50,72,49,0,70,10186
20170417,9,360,40,40,80,82,27,6,143,10192
20170417,10,350,40,40,80,84,16,5,143,10195
20170417,11,350,50,50,90,99,9,8,199,10196
20170417,12,360,50,70,110,97,1,8,241,10200
20170417,13,10,60,40,120,92,31,7,218,10203
20170417,14,350,60,50,110,102,9,9,207,10204
20170417,15,340,60,60,130,83,0,7,131,10207
20170417,16,340,50,50,120,86,-18,9,125,10208
20170417,17,320,60,50,110,82,7,8,86,10212
20170417,18,340,50,50,110,65,4,7,30,10218
20170417,19,340,40,50,120,61,10,0,5,10225
20170417,20,330,40,30,130,48,12,0,0,10230
20170417,21,330,30,30,60,49,4,0,0,10232
20170417,22,330,30,30,60,44,3,0,0,10232
20170417,23,320,20,20,40,32,5,0,0,10233
20170417,24,330,20,20,40,37,3,0,0,10231
20170418,1,320,20,20,40,28,2,0,0,10231
20170418,2,280,20,20,30,8,2,0,0,10231
20170418,3,310,20,10,40,15,1,0,0,10232
20170418,4,300,10,10,20,11,3,0,0,10235
20170418,5,310,30,30,60,37,19,2,3,10240
20170418,6,310,30,20,50,35,16,0,12,10248
20170418,7,70,20,10,40,46,23,2,37,10255
20170418,8,310,10,20,40,67,25,10,149,10258
20170418,9,330,30,30,60,80,5,6,123,10263
20170418,10,300,30,40,70,88,0,10,229,10269
20170418,11,20,30,30,70,95,-19,8,228,10272
20170418,12,70,30,30,70,96,8,5,182,10277
20170418,13,50,30,20,60,101,0,6,188,10279
20170418,14,50,50,50,100,96,7,7,176,10284
20170418,15,30,50,40,100,104,8,6,131,10285
20170418,16,50,60,70,110,100,9,10,139,10292
20170418,17,30,50,40,100,100,7,10,105,10297
20170418,18,30,50,50,100,86,-3,10,37,10307
20170418,19,30,50,40,90,70,-8,0,6,10317
20170418,20,30,40,40,70,57,-13,0,0,10327
20170418,21,40,40,30,80,44,-20,0,0,10334
20170418,22,40,30,30,60,37,-29,0,0,10339
20170418,23,20,20,20,40,32,-28,0,0,10344
20170418,24,360,20,20,40,23,-19,0,0,10348
20170419,1,10,20,20,40,17,-17,0,0,10349
20170419,2,50,30,30,40,4,-19,0,0,10351
20170419,3,50,30,30,40,-1,-25,0,0,10351
20170419,4,20,30,30,40,6,-24,0,0,10354
20170419,5,30,20,20,40,-3,-24,0,2,10359
20170419,6,50,20,20,30,28,-20,10,40,10361
20170419,7,40,30,30,50,46,-26,10,91,10366
20170419,8,70,40,40,60,58,-29,10,158,10372
20170419,9,50,40,50,80,57,-49,6,153,10375
20170419,10,40,40,30,90,73,-25,9,220,10374
20170419,11,40,50,40,80,66,-29,1,134,10373
20170419,12,30,50,40,90,72,-34,4,170,10373
20170419,13,40,40,30,80,73,-31,0,117,10371
20170419,14,20,40,40,70,82,-37,3,132,10368
20170419,15,10,30,40,70,78,-32,2,114,10364
20170419,16,50,30,40,70,75,-36,2,81,10365
20170419,17,20,30,20,60,75,-42,2,55,10365
20170419,18,40,30,30,60,66,-39,10,51,10366
20170419,19,30,20,20,40,58,-30,2,5,10370
20170419,20,10,20,10,40,22,-13,0,0,10372
20170419,21,30,10,10,20,2,-10,0,0,10376
20170419,22,10,10,10,20,-3,-15,0,0,10376
20170419,23,60,10,10,30,-11,-19,0,0,10379
20170419,24,80,20,20,20,-13,-18,0,0,10377
20170420,1,90,10,10,20,-14,-23,0,0,10374
20170420,2,160,10,10,20,-20,-25,0,0,10373
20170420,3,100,10,10,10,-26,-30,0,0,10372
20170420,4,990,0,10,10,-29,-34,0,0,10372
20170420,5,100,0,10,10,-27,-30,0,2,10374
20170420,6,170,10,10,10,6,-14,10,33,10374
20170420,7,200,10,20,30,50,-8,10,86,10375
20170420,8,230,30,30,50,79,-48,10,138,10374
20170420,9,260,40,40,60,84,-36,10,194,10375
20170420,10,280,30,30,70,95,-17,10,233,10371
20170420,11,230,30,40,70,101,-20,10,260,10367
20170420,12,260,30,30,80,108,-14,10,271,10362
20170420,13,260,30,30,70,120,-24,10,270,10357
20170420,14,240,40,40,80,125,-16,10,249,10350
20170420,15,230,30,30,70,125,-4,10,205,10344
20170420,16,280,30,30,70,122,13,10,146,10339
20170420,17,300,40,40,70,109,20,6,65,10340
20170420,18,280,30,30,60,104,16,5,31,10338
20170420,19,280,20,20,50,99,14,2,5,10336
20170420,20,240,20,20,40,85,18,0,0,10336
20170420,21,230,20,20,30,91,11,0,0,10334
20170420,22,240,20,20,40,92,6,0,0,10330
20170420,23,240,20,20,50,92,11,0,0,10325
20170420,24,240,30,30,50,92,13,0,0,10322
20170421,1,240,20,30,50,92,19,0,0,10315
20170421,2,230,20,20,50,90,32,0,0,10311
20170421,3,230,20,20,50,89,44,0,0,10304
20170421,4,230,30,30,50,91,57,0,0,10301
20170421,5,230,30,30,50,92,62,0,1,10299
20170421,6,230,30,30,60,97,70,0,12,10298
20170421,7,250,30,30,70,101,76,0,22,10298
20170421,8,260,30,30,60,110,85,0,45,10298
20170421,9,240,30,50,80,123,90,0,67,10297
20170421,10,260,50,50,80,133,82,0,105,10296
20170421,11,270,40,50,90,143,89,0,144,10292
20170421,12,280,40,50,90,142,86,1,144,10288
20170421,13,290,50,50,100,139,79,2,138,10287
20170421,14,290,60,70,110,135,70,1,145,10282
20170421,15,290,50,60,110,128,60,0,102,10278
20170421,16,290,50,50,100,122,56,0,39,10277
20170421,17,280,40,50,100,120,58,0,17,10274
20170421,18,270,40,40,80,118,67,0,9,10269
20170421,19,270,30,30,80,116,69,0,2,10268
20170421,20,270,40,30,70,108,76,0,0,10268
20170421,21,290,40,40,80,102,83,0,0,10266
20170421,22,280,30,20,70,96,90,0,0,10263
20170421,23,290,30,30,60,97,93,0,0,10259
20170421,24,360,30,50,80,82,74,0,0,10259
20170422,1,350,30,30,80,78,72,0,0,10259
20170422,2,340,20,20,50,70,54,0,0,10259
20170422,3,300,20,20,40,67,54,0,0,10258
20170422,4,320,20,20,40,69,56,0,0,10258
20170422,5,340,20,20,60,73,40,2,4,10261
20170422,6,320,20,30,60,78,32,8,33,10265
20170422,7,330,30,40,80,88,25,3,65,10268
20170422,8,350,50,50,110,97,12,10,150,10268
20170422,9,340,60,60,110,94,10,9,182,10270
20170422,10,330,50,50,100,101,27,8,209,10270
20170422,11,340,50,50,110,72,18,0,69,10274
20170422,12,320,40,50,100,98,19,4,149,10267
20170422,13,310,50,50,100,105,17,2,145,10264
20170422,14,330,60,50,100,104,-8,7,198,10261
20170422,15,300,60,50,110,83,31,1,81,10260
20170422,16,320,50,50,100,93,-1,5,98,10259
20170422,17,310,50,50,110,90,-3,10,96,10259
20170422,18,360,50,60,100,76,15,7,38,10261
20170422,19,320,40,20,100,68,16,2,7,10260
20170422,20,290,30,30,90,59,15,0,0,10262
20170422,21,320,20,30,50,59,18,0,0,10263
20170422,22,290,20,20,80,47,27,0,0,10263
20170422,23,300,20,20,50,51,27,0,0,10262
20170422,24,280,20,20,50,51,19,0,0,10260
20170423,1,300,20,20,50,52,20,0,0,10260
20170423,2,290,20,20,60,49,24,0,0,10258
20170423,3,280,20,10,40,43,25,0,0,10258
20170423,4,280,20,20,40,41,19,0,0,10259
20170423,5,280,20,20,30,26,18,0,2,10262
20170423,6,280,20,20,30,61,20,7,40,10263
20170423,7,310,30,30,70,74,20,6,80,10267
20170423,8,300,30,30,80,75,21,4,105,10269
20170423,9,290,40,40,70,78,25,3,129,10270
20170423,10,310,40,40,80,86,25,4,177,10269
20170423,11,10,30,30,70,86,35,3,117,10268
20170423,12,290,30,30,60,83,47,2,96,10267
20170423,13,310,30,40,80,97,19,2,157,10262
20170423,14,310,40,50,90,103,26,4,166,10258
20170423,15,320,40,40,80,104,12,8,171,10253
20170423,16,320,30,30,70,96,18,3,52,10252
20170423,17,350,20,20,60,91,25,0,27,10250
20170423,18,350,20,20,40,93,25,7,38,10247
20170423,19,280,20,10,40,70,25,2,9,10244
20170423,20,150,10,10,20,37,23,0,0,10243
20170423,21,180,20,10,30,30,23,0,0,10238
20170423,22,180,20,10,20,25,20,0,0,10232
20170423,23,210,20,30,40,31,19,0,0,10224
20170423,24,200,30,40,60,52,20,0,0,10214
20170424,1,210,40,30,60,53,18,0,0,10205
20170424,2,200,30,30,60,59,17,0,0,10195
20170424,3,200,40,40,70,60,16,0,0,10187
20170424,4,210,50,40,80,57,14,0,0,10177
20170424,5,210,50,50,80,58,15,2,4,10170
20170424,6,220,50,50,90,73,17,7,31,10166
20170424,7,220,50,60,100,90,28,6,66,10161
20170424,8,230,50,60,100,110,48,9,143,10155
20170424,9,260,60,60,120,120,62,8,187,10151
20170424,10,240,50,50,100,122,63,1,91,10146
20170424,11,270,50,40,110,111,75,0,38,10142
20170424,12,260,50,50,120,124,62,1,112,10133
20170424,13,260,60,50,110,125,57,0,55,10128
20170424,14,290,50,50,100,125,60,0,68,10122
20170424,15,280,50,40,100,121,67,0,58,10113
20170424,16,250,40,50,90,126,61,0,57,10104
20170424,17,250,50,50,80,121,54,0,40,10098
20170424,18,260,40,40,90,114,56,0,7,10093
20170424,19,270,40,30,100,102,56,0,1,10086
20170424,20,310,30,30,70,85,69,0,0,10085
20170424,21,310,30,40,70,77,63,0,0,10083
20170424,22,270,20,20,70,70,50,0,0,10078
20170424,23,240,20,20,50,66,44,0,0,10070
20170424,24,230,20,30,70,66,41,0,0,10063
20170425,1,240,40,40,70,63,44,0,0,10059
20170425,2,280,30,40,70,66,32,0,0,10057
20170425,3,290,40,30,100,52,22,0,0,10060
20170425,4,290,40,40,120,42,7,0,0,10060
20170425,5,250,30,40,70,40,8,0,3,10061
20170425,6,270,40,60,100,51,8,5,34,10063
20170425,7,300,50,30,100,44,20,7,66,10064
20170425,8,300,50,50,140,61,29,6,90,10071
20170425,9,320,50,60,110,74,20,9,176,10077
20170425,10,330,50,40,110,67,17,6,142,10088
20170425,11,310,50,60,110,88,8,9,246,10092
20170425,12,300,60,50,140,91,17,8,255,10098
20170425,13,290,50,50,100,98,-8,8,222,10100
20170425,14,290,60,60,100,90,-35,10,218,10102
20170425,15,270,60,60,120,81,0,8,176,10104
20170425,16,290,50,50,110,50,26,5,82,10111
20170425,17,270,30,30,110,64,30,6,64,10106
20170425,18,260,30,20,80,63,23,7,43,10104
20170425,19,290,30,30,60,56,7,3,7,10105
20170425,20,220,20,20,50,33,18,0,0,10105
20170425,21,230,20,20,30,37,18,0,0,10105
20170425,22,230,20,20,40,38,15,0,0,10102
20170425,23,240,20,20,30,39,15,0,0,10102
20170425,24,10,10,10,30,21,14,0,0,10100
20170426,1,0,0,0,10,12,9,0,0,10101
20170426,2,0,0,0,10,-1,-4,0,0,10106
20170426,3,280,10,10,20,-6,-9,0,0,10108
20170426,4,90,0,10,10,-11,-11,0,0,10108
20170426,5,0,10,0,10,-5,-5,2,5,10112
20170426,6,280,10,10,20,37,25,10,41,10117
20170426,7,300,20,20,40,65,11,10,103,10121
20170426,8,280,20,20,40,79,17,10,164,10123
20170426,9,310,30,30,60,82,8,8,201,10125
20170426,10,260,30,30,80,74,16,5,137,10129
20170426,11,290,40,40,80,76,18,5,211,10134
20170426,12,290,40,30,90,80,11,3,182,10134
20170426,13,320,30,40,100,99,21,9,281,10135
20170426,14,350,40,70,110,83,7,6,184,10137
20170426,15,350,40,50,100,92,8,3,105,10138
20170426,16,310,40,40,80,80,16,8,133,10142
20170426,17,320,30,30,70,73,21,0,30,10144
20170426,18,340,30,20,50,79,17,7,40,10146
20170426,19,340,20,20,60,64,4,0,4,10151
20170426,20,320,20,20,40,51,14,0,0,10157
20170426,21,320,20,20,30,38,18,0,0,10162
20170426,22,330,20,20,40,44,11,0,0,10164
20170426,23,60,20,10,40,14,3,0,0,10166
20170426,24,330,10,10,20,1,-4,0,0,10166
20170427,1,330,10,10,30,-3,-5,0,0,10165
20170427,2,310,10,10,20,-10,-12,0,0,10165
20170427,3,0,10,0,10,-13,-14,0,0,10163
20170427,4,0,10,0,20,-17,-20,0,0,10164
20170427,5,240,10,10,10,-8,-11,2,6,10167
20170427,6,250,10,10,20,41,28,10,52,10169
20170427,7,300,20,20,40,66,18,8,96,10170
20170427,8,300,20,20,30,83,5,10,165,10170
20170427,9,250,20,20,50,86,3,9,190,10170
20170427,10,280,30,50,80,65,16,4,145,10172
20170427,11,290,30,40,80,86,10,6,189,10166
20170427,12,310,40,60,100,98,24,7,230,10164
20170427,13,290,50,50,100,104,2,7,251,10163
20170427,14,300,50,50,90,98,16,6,188,10163
20170427,15,290,40,40,90,103,7,6,126,10159
20170427,16,290,50,50,80,94,-6,9,124,10157
20170427,17,280,40,30,90,89,-3,8,93,10157
20170427,18,280,40,30,80,81,8,7,44,10157
20170427,19,260,30,30,60,76,7,3,6,10156
20170427,20,260,30,20,60,72,12,0,0,10155
20170427,21,240,30,20,60,69,20,0,0,10153
20170427,22,230,20,30,50,66,21,0,0,10149
20170427,23,220,30,20,50,67,27,0,0,10145
20170427,24,220,30,20,50,65,29,0,0,10141
20170428,1,220,20,30,40,71,40,0,0,10138
20170428,2,200,20,20,40,64,50,0,0,10136
20170428,3,210,30,30,50,63,54,0,0,10133
20170428,4,210,20,20,50,62,56,0,0,10132
20170428,5,220,20,20,40,63,56,0,3,10132
20170428,6,240,20,30,50,71,56,0,26,10132
20170428,7,300,20,20,50,70,65,0,26,10134
20170428,8,230,10,10,30,84,52,2,81,10136
20170428,9,290,20,30,50,103,52,8,190,10136
20170428,10,320,30,30,80,76,51,3,117,10139
20170428,11,340,30,30,60,96,46,3,155,10138
20170428,12,320,30,30,70,109,37,1,117,10138
20170428,13,320,40,30,80,108,39,0,95,10142
20170428,14,320,40,40,80,106,24,5,151,10144
20170428,15,320,40,40,90,108,28,4,118,10146
20170428,16,320,40,40,90,100,31,4,113,10151
20170428,17,310,40,50,80,96,12,5,75,10156
20170428,18,310,40,40,80,93,14,5,43,10157
20170428,19,300,30,20,60,78,5,3,14,10162
20170428,20,290,20,20,60,63,17,0,0,10166
20170428,21,310,10,10,30,39,22,0,0,10167
20170428,22,260,10,20,30,34,25,0,0,10172
20170428,23,260,10,10,20,39,26,0,0,10173
20170428,24,280,10,10,30,30,24,0,0,10173
20170429,1,260,10,10,20,43,28,0,0,10174
20170429,2,230,10,10,20,17,15,0,0,10177
20170429,3,230,20,10,20,7,7,0,0,10178
20170429,4,210,10,10,20,9,7,0,0,10178
20170429,5,200,10,10,20,8,8,0,5,10179
20170429,6,0,10,0,10,49,20,10,52,10181
20170429,7,990,10,10,20,88,20,8,101,10183
20170429,8,250,20,20,40,92,20,8,119,10186
20170429,9,260,20,20,40,98,18,8,183,10187
20170429,10,280,20,30,50,108,17,8,230,10186
20170429,11,330,20,20,50,119,16,8,247,10184
20170429,12,340,20,20,50,126,12,8,290,10183
20170429,13,50,20,20,50,117,20,2,150,10182
20170429,14,120,10,20,40,124,37,0,119,10180
20170429,15,60,20,20,40,127,33,1,112,10176
20170429,16,70,20,20,40,126,16,9,135,10173
20170429,17,990,20,10,30,125,8,2,58,10170
20170429,18,60,30,30,40,109,23,0,22,10169
20170429,19,60,30,30,40,89,21,0,6,10168
20170429,20,70,20,20,40,66,20,0,0,10168
20170429,21,70,20,20,40,53,14,0,0,10167
20170429,22,70,30,30,40,46,12,0,0,10165
20170429,23,90,30,30,50,46,7,0,0,10162
20170429,24,100,30,30,50,43,3,0,0,10159
20170430,1,100,30,30,50,36,1,0,0,10156
20170430,2,100,30,30,50,39,-2,0,0,10153
20170430,3,100,40,40,60,41,-4,0,0,10148
20170430,4,100,40,40,50,36,-7,0,0,10144
20170430,5,100,40,40,60,43,-6,3,8,10139
20170430,6,110,40,40,70,68,0,10,51,10136
20170430,7,120,60,70,110,92,4,10,110,10128
20170430,8,140,60,60,100,115,22,10,166,10121
20170430,9,100,50,60,90,136,30,10,219,10111
20170430,10,130,70,80,120,147,33,9,256,10103
20170430,11,130,80,80,140,159,37,10,290,10094
20170430,12,140,90,90,160,164,13,8,269,10086
20170430,13,130,90,80,150,178,25,9,284,10076
20170430,14,140,90,80,160,176,12,8,242,10068
20170430,15,130,90,80,150,174,6,8,194,10061
20170430,16,130,80,90,150,175,13,7,142,10057
20170430,17,130,70,60,140,168,21,1,66,10052
20170430,18,120,70,70,110,169,16,7,39,10050
20170430,19,110,60,60,120,156,20,3,11,10052
20170430,20,80,50,50,90,143,31,0,0,10052
20170430,21,90,60,60,90,140,33,0,0,10049
20170430,22,90,60,60,90,133,31,0,0,10047
20170430,23,90,60,60,90,130,30,0,0,10045
20170430,24,100,60,60,90,131,26,0,0,10042
20170501,1,100,60,70,110,126,26,0,0,10041
20170501,2,110,60,60,110,126,26,0,0,10041
20170501,3,120,60,60,110,122,27,0,0,10045
20170501,4,140,50,50,90,121,31,0,0,10053
20170501,5,150,30,20,70,107,48,0,2,10063
20170501,6,160,20,20,40,108,71,0,9,10073
20170501,7,160,20,20,40,112,89,0,27,10081
20170501,8,180,30,40,70,109,84,0,34,10089
20170501,9,160,30,20,70,118,88,0,72,10092
20170501,10,180,30,30,60,129,87,0,123,10097
20170501,11,140,40,40,70,131,75,1,146,10101
20170501,12,160,40,40,70,134,61,0,100,10105
20170501,13,190,40,40,70,133,57,0,69,10113
20170501,14,160,40,40,70,133,49,0,96,10119
20170501,15,210,40,30,60,135,52,0,85,10125
20170501,16,210,30,30,60,132,46,0,45,10133
20170501,17,210,20,30,50,129,49,0,33,10137
20170501,18,220,20,10,40,126,52,2,23,10142
20170501,19,230,10,10,20,113,68,5,8,10147
20170501,20,90,20,20,30,103,86,0,0,10156
20170501,21,90,20,20,30,102,88,0,0,10158
20170501,22,80,10,10,30,96,87,0,0,10163
20170501,23,110,10,10,20,88,83,0,0,10166
20170501,24,50,10,10,20,82,79,0,0,10166
20170502,1,50,10,10,20,73,70,0,0,10166
20170502,2,30,10,10,20,54,53,0,0,10167
20170502,3,0,10,0,20,62,59,0,0,10169
20170502,4,0,0,0,10,72,72,0,0,10168
20170502,5,320,10,20,20,81,78,0,4,10170
20170502,6,330,10,20,30,90,87,0,10,10169
20170502,7,350,20,20,30,98,94,0,17,10171
20170502,8,360,30,40,60,109,94,0,48,10171
20170502,9,360,30,30,60,112,97,0,51,10172
20170502,10,10,30,30,70,111,98,0,56,10174
20170502,11,10,20,20,50,115,98,0,69,10172
20170502,12,10,20,20,40,130,105,0,98,10172
20170502,13,50,30,30,70,135,85,3,173,10171
20170502,14,60,30,20,60,146,71,7,202,10167
20170502,15,90,50,40,110,105,79,1,44,10172
20170502,16,30,20,10,50,120,100,0,43,10174
20170502,17,60,30,40,60,125,76,4,60,10174
20170502,18,50,40,40,80,119,64,5,45,10177
20170502,19,80,40,40,80,112,62,0,5,10184
20170502,20,90,30,30,60,100,63,0,0,10188
20170502,21,60,20,10,50,92,68,0,0,10190
20170502,22,30,10,10,30,86,73,0,0,10193
20170502,23,50,30,40,70,81,71,0,0,10194
20170502,24,40,20,30,60,79,68,0,0,10192
20170503,1,10,30,20,50,78,71,0,0,10190
20170503,2,30,30,30,60,77,74,0,0,10189
20170503,3,40,30,30,50,77,72,0,0,10186
20170503,4,30,30,20,50,78,72,0,0,10186
20170503,5,50,30,30,60,79,72,0,2,10187
20170503,6,50,30,40,60,80,75,0,7,10190
20170503,7,50,40,40,70,85,79,0,21,10190
20170503,8,60,40,40,60,85,77,0,26,10197
20170503,9,60,40,40,80,95,85,0,36,10201
20170503,10,70,40,40,70,99,79,1,54,10203
20170503,11,70,40,30,60,105,83,0,42,10207
20170503,12,70,40,40,60,115,80,0,70,10205
20170503,13,100,40,50,80,132,81,3,175,10203
20170503,14,80,40,30,70,136,83,1,107,10204
20170503,15,90,40,40,70,138,81,0,73,10204
20170503,16,50,40,50,70,136,74,0,75,10204
20170503,17,60,30,20,60,145,76,4,69,10203
20170503,18,50,40,30,80,143,76,10,71,10204
20170503,19,30,20,20,60,135,82,5,14,10207
20170503,20,90,20,20,30,121,89,0,0,10210
20170503,21,50,20,30,60,118,92,0,0,10215
20170503,22,50,40,10,80,105,97,0,0,10214
20170503,23,10,10,20,30,104,98,0,0,10212
20170503,24,350,20,20,30,102,97,0,0,10206
20170504,1,10,20,20,40,102,95,0,0,10204
20170504,2,30,30,30,50,101,92,0,0,10200
20170504,3,50,40,50,70,96,79,0,0,10198
20170504,4,50,40,50,70,89,67,0,0,10198
20170504,5,40,50,50,80,86,60,0,3,10197
20170504,6,40,40,50,80,78,48,0,28,10199
20170504,7,40,50,40,100,82,46,2,67,10201
20170504,8,60,50,50,90,93,52,0,87,10201
20170504,9,40,60,60,90,110,60,8,186,10199
20170504,10,50,50,50,90,121,67,5,200,10197
20170504,11,50,60,70,110,114,69,6,256,10198
20170504,12,50,60,70,100,128,80,5,231,10197
20170504,13,40,70,70,100,128,81,1,135,10197
20170504,14,40,60,60,100,120,75,0,98,10199
20170504,15,50,60,60,90,125,81,0,62,10199
20170504,16,60,60,60,100,119,69,0,64,10203
20170504,17,70,60,50,110,114,67,0,26,10206
20170504,18,70,50,60,100,110,65,0,7,10211
20170504,19,50,40,40,90,107,69,0,3,10217
20170504,20,50,40,40,90,108,64,0,0,10221
20170504,21,40,40,40,70,107,61,0,0,10221
20170504,22,50,60,80,110,99,55,0,0,10223
20170504,23,50,70,70,130,82,56,0,0,10224
20170504,24,40,60,50,110,83,55,0,0,10226
20170505,1,40,50,50,110,80,52,0,0,10222
20170505,2,30,40,40,90,80,49,0,0,10220
20170505,3,30,40,50,80,80,47,0,0,10219
20170505,4,40,40,40,80,79,47,0,0,10217
20170505,5,50,40,60,90,78,49,0,5,10217
20170505,6,50,60,50,100,75,51,0,8,10219
20170505,7,50,40,30,90,74,56,0,15,10221
20170505,8,40,30,40,60,78,54,0,28,10222
20170505,9,60,40,40,60,83,54,0,60,10221
20170505,10,70,30,30,60,95,61,1,107,10218
20170505,11,50,30,30,60,98,59,2,134,10217
20170505,12,70,40,30,60,100,63,0,85,10216
20170505,13,60,30,30,50,103,64,0,73,10213
20170505,14,60,30,20,50,108,67,0,68,10207
20170505,15,40,30,30,50,108,66,0,58,10201
20170505,16,40,30,30,60,106,67,0,29,10198
20170505,17,80,30,30,50,106,69,0,21,10196
20170505,18,70,30,30,50,102,65,0,9,10192
20170505,19,80,40,40,60,97,64,0,2,10191
20170505,20,70,30,30,50,96,63,0,0,10191
20170505,21,40,30,30,50,92,64,0,0,10188
20170505,22,50,30,20,50,83,64,0,0,10184
20170505,23,60,20,20,30,79,62,0,0,10180
20170505,24,50,20,30,40,66,57,0,0,10174
20170506,1,50,30,30,40,63,57,0,0,10166
20170506,2,60,30,30,60,63,58,0,0,10164
20170506,3,60,40,40,70,64,59,0,0,10159
20170506,4,50,30,30,60,64,59,0,0,10156
20170506,5,80,30,40,70,72,64,0,4,10153
20170506,6,80,40,40,70,80,70,0,27,10147
20170506,7,80,40,40,80,98,74,9,107,10143
20170506,8,80,40,50,70,118,79,10,172,10136
20170506,9,70,40,50,70,138,85,10,224,10130
20170506,10,70,50,60,80,150,89,10,265,10125
20170506,11,80,60,70,100,156,87,10,279,10119
20170506,12,70,60,60,100,161,87,10,286,10113
20170506,13,60,50,50,90,176,101,10,290,10108
20170506,14,70,50,50,100,185,89,10,269,10104
20170506,15,70,50,50,90,183,93,9,223,10102
20170506,16,50,50,50,90,183,88,6,134,10102
20170506,17,90,50,50,80,171,80,5,84,10102
20170506,18,60,50,50,70,167,74,8,47,10103
20170506,19,50,30,30,70,156,76,5,19,10107
20170506,20,30,30,30,50,141,82,0,0,10113
20170506,21,40,40,40,60,130,81,0,0,10116
20170506,22,30,40,30,60,127,78,0,0,10120
20170506,23,30,30,40,60,117,78,0,0,10124
20170506,24,30,30,20,60,109,86,0,0,10126
20170507,1,360,20,30,40,102,88,0,0,10129
20170507,2,350,20,20,40,94,85,0,0,10132
20170507,3,350,20,20,40,95,86,0,0,10133
20170507,4,330,20,20,30,97,91,0,0,10134
20170507,5,330,20,20,30,107,98,0,5,10139
20170507,6,330,20,20,40,112,99,0,14,10145
20170507,7,330,20,30,40,115,99,0,24,10151
20170507,8,350,40,40,70,122,99,0,62,10155
20170507,9,330,40,30,60,134,100,0,116,10161
20170507,10,340,40,40,70,136,101,0,126,10167
20170507,11,360,40,40,70,144,92,0,126,10169
20170507,12,350,40,40,70,151,86,0,143,10170
20170507,13,340,40,40,70,157,89,2,183,10171
20170507,14,320,40,40,70,154,92,2,168,10171
20170507,15,320,40,50,80,145,79,1,75,10173
20170507,16,300,40,40,80,141,86,0,35,10175
20170507,17,310,50,50,90,130,77,5,83,10179
20170507,18,300,40,40,80,113,63,10,59,10183
20170507,19,310,40,30,80,93,59,3,13,10188
20170507,20,300,30,20,60,88,58,0,1,10192
20170507,21,310,30,30,60,92,54,0,0,10193
20170507,22,310,30,40,80,93,56,0,0,10192
20170507,23,310,40,30,80,94,57,0,0,10193
20170507,24,310,30,30,70,87,63,0,0,10194
20170508,1,320,30,30,60,85,58,0,0,10192
20170508,2,320,40,30,70,85,42,0,0,10190
20170508,3,310,40,30,80,84,37,0,0,10190
20170508,4,300,30,20,60,84,44,0,0,10189
20170508,5,290,20,20,50,81,60,0,1,10189
20170508,6,290,20,20,50,81,70,0,7,10190
20170508,7,290,20,10,40,87,70,0,16,10191
20170508,8,320,20,20,40,90,73,0,22,10195
20170508,9,330,20,30,50,95,71,0,47,10200
20170508,10,10,30,40,70,101,64,0,48,10205
20170508,11,10,40,40,80,112,67,1,95,10209
20170508,12,10,50,50,90,127,74,3,146,10212
20170508,13,20,50,50,90,139,68,4,165,10212
20170508,14,360,60,80,120,144,60,9,235,10214
20170508,15,360,70,70,120,139,51,10,242,10217
20170508,16,10,70,70,120,129,23,10,193,10222
20170508,17,10,70,70,120,121,27,10,135,10224
20170508,18,10,60,60,120,110,25,10,74,10230
20170508,19,10,50,40,100,98,26,7,23,10235
20170508,20,10,40,40,80,87,27,0,0,10243
20170508,21,10,30,30,60,76,25,0,0,10246
20170508,22,10,30,30,60,70,22,0,0,10250
20170508,23,30,20,20,60,57,22,0,0,10249
20170508,24,350,20,20,40,43,22,0,0,10249
20170509,1,350,20,20,30,31,20,0,0,10247
20170509,2,350,10,10,30,23,19,0,0,10243
20170509,3,360,10,10,20,15,11,0,0,10240
20170509,4,330,20,10,20,15,11,0,0,10238
20170509,5,330,10,10,20,33,29,5,15,10236
20170509,6,360,10,10,20,77,33,10,62,10235
20170509,7,360,20,20,30,92,33,10,120,10233
20170509,8,360,30,30,50,98,30,10,172,10228
20170509,9,360,20,20,50,108,34,3,110,10225
20170509,10,350,30,30,60,111,5,3,147,10223
20170509,11,340,30,30,60,116,5,2,171,10218
20170509,12,310,30,30,60,115,18,2,162,10212
20170509,13,300,30,30,60,134,25,6,226,10204
20170509,14,340,30,30,70,122,25,6,231,10195
20170509,15,340,40,40,60,118,32,2,119,10189
20170509,16,330,40,40,70,122,32,4,136,10183
20170509,17,330,40,40,70,106,25,3,81,10179
20170509,18,20,40,30,70,99,40,0,28,10175
20170509,19,40,20,20,60,93,37,3,11,10170
20170509,20,20,20,20,50,91,35,0,0,10169
20170509,21,340,20,20,40,82,37,0,0,10167
20170509,22,340,20,10,40,61,35,0,0,10161
20170509,23,330,10,10,20,35,28,0,0,10154
20170509,24,0,10,0,20,21,20,0,0,10152
20170510,1,350,10,10,10,15,14,0,0,10144
20170510,2,0,0,0,10,5,2,0,0,10137
20170510,3,990,0,10,10,3,3,0,0,10131
20170510,4,160,10,10,10,5,5,0,0,10127
20170510,5,160,10,10,10,22,19,0,10,10125
20170510,6,0,0,0,10,52,22,0,33,10123
20170510,7,0,0,0,10,84,22,0,69,10120
20170510,8,990,10,10,30,90,21,3,103,10118
20170510,9,300,20,20,50,101,21,4,164,10114
20170510,10,290,20,20,50,104,21,5,214,10110
20170510,11,20,20,20,50,114,30,8,282,10103
20170510,12,990,20,10,50,129,37,9,301,10098
20170510,13,300,30,30,50,137,41,9,288,10090
20170510,14,320,30,30,60,143,45,10,278,10082
20170510,15,280,20,20,50,152,43,10,239,10073
20170510,16,310,20,30,50,156,53,10,189,10067
20170510,17,340,20,20,50,151,43,10,130,10062
20170510,18,30,20,20,40,145,42,10,69,10058
20170510,19,40,30,40,60,122,43,7,23,10055
20170510,20,40,30,30,50,105,43,0,1,10053
20170510,21,60,30,30,40,90,41,0,0,10052
20170510,22,70,30,30,40,83,37,0,0,10050
20170510,23,90,30,30,50,72,32,0,0,10047
20170510,24,80,30,30,40,75,30,0,0,10041
20170511,1,90,30,30,50,65,28,0,0,10036
20170511,2,90,20,20,40,62,29,0,0,10027
20170511,3,90,20,20,40,48,29,0,0,10021
20170511,4,70,20,30,40,57,28,0,0,10014
20170511,5,80,30,30,50,76,36,7,16,10011
20170511,6,90,40,40,60,93,40,9,65,10007
20170511,7,90,30,40,50,119,51,8,113,10004
20170511,8,90,40,40,70,150,53,10,181,9997
20170511,9,140,40,40,70,172,58,10,230,9994
20170511,10,110,30,40,60,197,69,10,268,9987
20170511,11,100,50,50,80,206,69,10,293,9983
20170511,12,150,50,40,80,216,74,10,299,9977
20170511,13,140,50,50,90,218,74,8,275,9975
20170511,14,150,50,40,80,212,88,3,182,9971
20170511,15,130,40,40,80,217,89,3,149,9966
20170511,16,140,40,30,60,226,91,7,143,9960
20170511,17,90,40,40,70,210,95,7,105,9956
20170511,18,100,40,30,60,212,93,10,68,9953
20170511,19,170,40,30,80,181,113,7,21,9963
20170511,20,150,30,50,70,176,107,0,0,9971
20170511,21,220,40,20,90,157,118,0,0,9970
20170511,22,120,30,20,50,144,128,0,0,9969
20170511,23,140,20,30,40,143,129,0,0,9974
20170511,24,130,30,20,40,142,126,0,0,9972
20170512,1,160,30,30,60,140,117,0,0,9971
20170512,2,160,30,30,50,136,113,0,0,9972
20170512,3,160,30,30,60,139,116,0,0,9974
20170512,4,170,30,30,60,140,118,0,0,9976
20170512,5,170,30,30,70,141,122,0,5,9979
20170512,6,180,30,40,60,142,127,0,11,9984
20170512,7,180,30,30,60,137,132,0,9,9989
20170512,8,180,30,30,50,142,135,0,22,9993
20170512,9,210,30,40,60,156,136,1,78,9997
20170512,10,210,40,40,80,173,137,2,165,10001
20170512,11,230,40,40,80,148,134,1,76,10006
20170512,12,220,40,50,90,179,137,4,167,10008
20170512,13,220,50,50,90,186,124,3,156,10012
20170512,14,210,40,30,80,193,116,2,161,10011
20170512,15,210,30,30,60,204,108,5,169,10010
20170512,16,200,30,30,60,207,114,6,134,10012
20170512,17,190,20,20,50,198,111,3,81,10016
20170512,18,140,20,10,40,185,122,0,13,10020
20170512,19,250,30,20,70,144,125,0,1,10038
20170512,20,340,20,10,70,137,130,0,0,10040
20170512,21,90,20,10,30,130,128,0,0,10042
20170512,22,160,10,10,20,121,120,0,0,10043
20170512,23,140,20,20,40,126,121,0,0,10051
20170512,24,150,20,20,40,125,120,0,0,10053
20170513,1,160,20,20,40,132,125,0,0,10054
20170513,2,150,30,30,70,134,126,0,0,10056
20170513,3,150,20,20,40,128,122,0,0,10057
20170513,4,180,20,20,40,127,120,0,0,10063
20170513,5,190,20,20,40,130,119,0,9,10068
20170513,6,210,30,30,40,136,123,3,36,10073
20170513,7,220,30,30,70,148,130,2,68,10080
20170513,8,230,30,30,60,148,132,1,85,10089
20170513,9,200,30,30,60,165,136,3,158,10095
20170513,10,210,40,40,70,177,135,5,199,10098
20170513,11,220,40,50,80,177,125,2,160,10101
20170513,12,220,50,50,90,187,113,2,171,10103
20170513,13,240,50,50,90,177,118,0,104,10107
20170513,14,270,40,40,70,176,120,2,107,10110
20170513,15,260,30,30,90,152,130,0,33,10119
20170513,16,180,20,10,60,157,133,1,58,10122
20170513,17,260,20,30,60,149,129,0,28,10130
20170513,18,270,20,30,60,143,105,0,21,10136
20170513,19,230,20,20,60,136,109,0,11,10142
20170513,20,150,20,20,30,115,108,0,2,10150
20170513,21,160,10,10,20,97,96,0,0,10153
20170513,22,160,10,20,30,91,91,0,0,10157
20170513,23,160,20,20,30,91,91,0,0,10160
20170513,24,170,20,20,30,91,88,0,0,10164
20170514,1,160,20,30,30,88,88,0,0,10166
20170514,2,150,20,20,30,85,85,0,0,10169
20170514,3,160,20,20,30,82,81,0,0,10170
20170514,4,160,20,20,30,74,74,0,0,10171
20170514,5,150,20,20,30,98,96,7,18,10172
20170514,6,150,20,20,40,126,108,8,58,10175
20170514,7,180,30,30,50,152,109,10,117,10178
20170514,8,180,30,40,70,168,114,8,161,10183
20170514,9,190,40,40,70,180,116,3,152,10187
20170514,10,210,50,50,90,193,100,7,234,10189
20170514,11,210,60,50,100,194,98,5,216,10192
20170514,12,220,60,60,100,189,68,0,137,10198
20170514,13,220,50,50,90,172,103,1,76,10202
20170514,14,200,40,40,120,151,124,0,53,10206
20170514,15,260,40,60,120,177,103,4,134,10209
20170514,16,260,60,60,120,172,71,9,183,10217
20170514,17,290,40,40,90,173,67,10,148,10221
20170514,18,300,40,40,80,163,68,10,77,10228
20170514,19,320,20,20,60,150,79,8,27,10234
20170514,20,310,10,10,30,108,93,0,1,10243
20170514,21,260,10,10,30,90,85,0,0,10248
20170514,22,230,20,20,40,84,69,0,0,10253
20170514,23,200,10,10,20,72,68,0,0,10256
20170514,24,150,10,10,20,69,66,0,0,10260
20170515,1,200,10,10,20,64,61,0,0,10262
20170515,2,170,10,10,20,59,56,0,0,10265
20170515,3,170,10,20,20,58,54,0,0,10267
20170515,4,190,10,10,30,64,60,0,0,10272
20170515,5,150,10,10,20,81,73,5,19,10276
20170515,6,200,10,20,30,110,81,10,69,10278
20170515,7,190,20,20,40,133,94,10,129,10284
20170515,8,200,40,50,60,142,84,10,176,10289
20170515,9,200,40,40,70,156,85,10,232,10290
20170515,10,210,40,50,70,167,72,10,274,10292
20170515,11,190,40,40,80,180,79,10,291,10290
20170515,12,230,40,40,70,192,65,10,297,10288
20170515,13,230,40,30,80,200,75,8,260,10287
20170515,14,200,40,40,80,202,69,9,258,10283
20170515,15,200,40,40,70,209,70,8,208,10277
20170515,16,210,40,40,70,200,77,0,67,10275
20170515,17,260,30,20,70,190,94,0,36,10276
20170515,18,260,20,10,40,175,118,0,21,10276
20170515,19,250,10,10,20,166,133,0,8,10277
20170515,20,140,20,20,30,162,122,0,0,10277
20170515,21,150,20,20,40,165,116,0,0,10275
20170515,22,170,20,20,40,166,115,0,0,10275
20170515,23,160,20,20,40,165,116,0,0,10270
20170515,24,170,20,20,40,168,116,0,0,10268
20170516,1,160,20,20,40,161,120,0,0,10264
20170516,2,170,20,30,50,166,116,0,0,10261
20170516,3,170,30,30,50,168,117,0,0,10259
20170516,4,190,30,30,60,172,119,0,0,10258
20170516,5,190,30,30,50,173,123,0,10,10259
20170516,6,200,30,30,60,177,125,0,25,10262
20170516,7,200,30,40,60,184,127,0,35,10264
20170516,8,210,30,30,60,195,131,0,61,10266
20170516,9,210,30,30,60,203,137,0,101,10265
20170516,10,200,30,30,60,215,141,1,156,10262
20170516,11,220,40,40,70,224,130,3,199,10260
20170516,12,200,40,40,70,231,141,1,174,10256
20170516,13,200,40,40,70,244,141,3,208,10252
20170516,14,240,40,40,70,259,123,3,183,10249
20170516,15,240,40,30,90,256,122,3,159,10246
20170516,16,240,40,40,80,255,125,2,106,10245
20170516,17,250,30,30,70,247,132,0,59,10244
20170516,18,260,20,20,50,243,136,0,32,10247
20170516,19,280,20,20,50,230,136,2,13,10249
20170516,20,310,10,10,40,207,151,0,0,10251
20170516,21,140,10,10,20,190,154,0,0,10250
20170516,22,0,10,0,10,180,159,0,0,10248
20170516,23,0,0,0,10,171,156,0,0,10246
20170516,24,100,10,10,10,152,146,0,0,10242
20170517,1,0,10,0,20,145,140,0,0,10237
20170517,2,70,10,10,10,144,139,0,0,10232
20170517,3,70,10,10,10,149,145,0,0,10227
20170517,4,30,10,10,30,155,145,0,0,10223
20170517,5,60,10,10,20,164,149,0,12,10219
20170517,6,60,10,10,20,186,143,0,39,10214
20170517,7,80,20,20,30,199,147,0,58,10209
20170517,8,90,20,20,40,222,152,5,140,10201
20170517,9,140,20,20,40,241,154,8,224,10194
20170517,10,170,30,30,50,240,160,6,227,10187
20170517,11,170,40,40,70,258,159,10,288,10175
20170517,12,140,40,50,80,266,133,10,299,10165
20170517,13,170,40,40,90,281,112,10,293,10156
20170517,14,170,40,50,80,282,113,8,255,10144
20170517,15,150,40,30,90,276,138,2,139,10132
20170517,16,140,40,40,70,282,131,5,137,10121
20170517,17,150,50,40,90,276,124,10,117,10111
20170517,18,140,40,40,80,261,128,3,49,10106
20170517,19,140,40,40,80,250,126,0,13,10100
20170517,20,140,30,30,70,236,126,0,1,10097
20170517,21,150,30,30,50,221,129,0,0,10093
20170517,22,160,30,20,50,212,126,0,0,10089
20170517,23,140,20,30,50,200,127,0,0,10082
20170517,24,180,30,30,80,204,125,0,0,10084
20170518,1,220,40,40,110,202,142,0,0,10083
20170518,2,240,40,40,80,186,138,0,0,10087
20170518,3,260,40,40,80,158,130,0,0,10095
20170518,4,250,20,20,60,153,138,0,0,10103
20170518,5,260,30,20,60,149,141,0,4,10103
20170518,6,250,30,30,60,152,141,0,23,10112
20170518,7,250,40,40,70,148,133,0,25,10121
20170518,8,280,30,30,60,149,132,0,43,10125
20170518,9,280,30,30,50,145,127,0,50,10128
20170518,10,320,20,20,40,154,129,0,86,10131
20170518,11,310,20,20,40,164,127,0,104,10131
20170518,12,300,20,20,40,171,127,0,146,10131
20170518,13,20,20,20,40,179,130,3,196,10126
20170518,14,50,20,20,50,177,128,0,110,10122
20170518,15,30,20,20,40,181,122,0,110,10119
20170518,16,40,30,30,50,189,130,3,112,10116
20170518,17,40,30,40,50,179,127,3,71,10110
20170518,18,30,40,40,70,173,131,2,42,10105
20170518,19,40,40,40,80,162,132,0,6,10102
20170518,20,50,40,40,60,159,136,0,0,10099
20170518,21,70,30,40,50,159,138,0,0,10093
20170518,22,70,40,40,60,160,141,0,0,10089
20170518,23,80,50,60,90,155,135,0,0,10078
20170518,24,80,60,50,90,150,134,0,0,10067
20170519,1,100,50,40,80,151,141,0,0,10063
20170519,2,110,50,50,90,162,149,0,0,10055
20170519,3,150,50,40,90,166,146,0,0,10056
20170519,4,200,50,60,110,156,124,0,1,10063
20170519,5,200,70,70,120,137,107,0,3,10073
20170519,6,220,70,70,130,125,93,0,9,10079
20170519,7,210,70,70,120,124,94,0,25,10092
20170519,8,210,70,80,150,132,99,1,69,10096
20170519,9,220,80,70,140,130,93,3,131,10101
20170519,10,210,70,70,110,136,95,0,64,10109
20170519,11,220,50,50,100,135,91,0,71,10110
20170519,12,230,60,60,110,133,89,0,69,10114
20170519,13,230,50,50,100,133,88,0,51,10117
20170519,14,240,50,40,90,139,89,0,65,10119
20170519,15,240,40,40,80,145,88,1,74,10121
20170519,16,270,40,30,90,148,83,0,82,10120
20170519,17,270,30,40,70,144,82,0,55,10124
20170519,18,250,30,30,70,140,81,0,35,10131
20170519,19,250,20,20,60,133,72,2,15,10136
20170519,20,230,20,20,40,127,77,0,3,10140
20170519,21,210,20,20,40,118,85,0,0,10144
20170519,22,220,20,20,40,120,87,0,0,10146
20170519,23,220,30,20,50,116,90,0,0,10148
20170519,24,220,20,30,60,106,84,0,0,10152
20170520,1,220,20,20,50,94,83,0,0,10155
20170520,2,190,20,20,40,91,85,0,0,10158
20170520,3,200,20,20,40,90,82,0,0,10158
20170520,4,210,20,20,40,90,79,0,1,10162
20170520,5,200,20,30,40,94,81,7,18,10169
20170520,6,200,30,20,50,113,84,8,67,10173
20170520,7,200,30,30,50,127,78,8,114,10178
20170520,8,200,40,40,70,145,84,10,187,10186
20170520,9,210,50,40,80,136,76,5,155,10190
20170520,10,220,40,40,70,151,80,7,188,10194
20170520,11,200,50,40,100,135,92,5,195,10203
20170520,12,200,50,50,90,158,100,6,207,10205
20170520,13,200,40,30,90,162,83,6,209,10213
20170520,14,210,40,40,80,170,73,8,245,10214
20170520,15,250,50,50,110,154,79,6,168,10221
20170520,16,240,40,40,80,167,76,6,144,10225
20170520,17,200,30,40,70,164,78,10,131,10226
20170520,18,200,20,20,50,155,82,5,53,10232
20170520,19,0,10,0,30,145,101,2,16,10235
20170520,20,120,10,10,20,109,94,0,3,10239
20170520,21,150,10,10,20,97,90,0,0,10244
20170520,22,240,20,10,40,93,82,0,0,10246
20170520,23,150,10,10,20,83,79,0,0,10252
20170520,24,170,10,10,20,74,72,0,0,10252
20170521,1,170,10,10,20,69,66,0,0,10256
20170521,2,170,10,10,20,67,64,0,0,10258
20170521,3,200,10,10,20,60,57,0,0,10258
20170521,4,150,10,20,20,61,58,0,2,10261
20170521,5,170,10,10,20,92,81,10,30,10265
20170521,6,150,10,10,20,120,90,10,71,10267
20170521,7,190,20,20,30,141,91,9,109,10270
20170521,8,220,20,20,40,159,82,10,174,10273
20170521,9,200,30,30,60,170,85,9,215,10273
20170521,10,180,30,40,60,176,78,9,259,10272
20170521,11,190,30,30,60,179,81,5,234,10270
20170521,12,220,20,30,60,185,80,2,186,10268
20170521,13,220,20,20,50,191,76,3,198,10263
20170521,14,190,20,20,50,189,69,1,157,10260
20170521,15,990,10,10,40,194,77,3,150,10254
20170521,16,90,10,20,40,197,73,10,180,10248
20170521,17,150,20,30,50,194,76,10,149,10242
20170521,18,120,20,20,50,197,78,10,91,10239
20170521,19,70,30,20,50,171,77,8,23,10237
20170521,20,30,20,30,50,160,96,0,2,10238
20170521,21,30,30,30,50,145,95,0,0,10237
20170521,22,60,30,20,50,122,93,0,0,10234
20170521,23,50,20,20,40,119,92,0,0,10232
20170521,24,60,20,20,30,103,87,0,0,10227
20170522,1,70,20,20,40,104,89,0,0,10222
20170522,2,60,10,10,40,92,84,0,0,10217
20170522,3,60,10,10,20,86,81,0,0,10213
20170522,4,70,10,10,20,85,82,0,1,10210
20170522,5,80,10,20,30,116,91,8,26,10208
20170522,6,110,20,20,30,146,92,10,74,10205
20170522,7,140,20,20,40,170,95,10,131,10204
20170522,8,130,30,30,40,184,102,10,188,10201
20170522,9,140,20,20,50,206,91,10,237,10198
20170522,10,140,40,40,70,215,91,10,279,10192
20170522,11,130,40,40,70,219,94,8,268,10186
20170522,12,120,40,40,70,230,97,8,291,10180
20170522,13,120,30,30,80,228,86,8,291,10175
20170522,14,180,30,30,60,244,92,9,275,10171
20170522,15,160,30,20,80,239,61,9,225,10164
20170522,16,160,20,30,50,235,88,8,164,10159
20170522,17,160,20,20,50,233,85,7,84,10156
20170522,18,110,10,10,30,227,122,2,51,10152
20170522,19,150,10,10,20,208,123,10,28,10151
20170522,20,150,0,10,10,169,138,0,2,10154
20170522,21,30,10,10,30,158,129,0,0,10156
20170522,22,80,10,10,20,152,123,0,0,10151
20170522,23,130,10,10,20,145,127,0,0,10146
20170522,24,130,10,10,20,127,120,0,0,10145
20170523,1,150,10,10,20,118,113,0,0,10144
20170523,2,160,10,10,20,110,109,0,0,10145
20170523,3,210,10,20,20,107,104,0,0,10143
20170523,4,240,20,10,30,109,107,0,1,10145
20170523,5,270,20,30,40,166,106,8,24,10150
20170523,6,280,30,30,70,181,97,8,72,10155
20170523,7,290,30,30,70,189,109,10,133,10160
20170523,8,270,20,20,60,204,117,7,160,10161
20170523,9,270,40,40,70,194,128,9,226,10171
20170523,10,280,40,50,80,197,119,7,242,10180
20170523,11,310,40,40,80,187,122,5,241,10188
20170523,12,310,50,50,100,193,111,6,249,10194
20170523,13,290,50,40,100,209,97,8,284,10197
20170523,14,310,50,50,100,195,88,9,268,10206
20170523,15,320,60,50,100,187,80,10,243,10212
20170523,16,320,60,50,110,182,80,10,193,10215
20170523,17,320,50,40,90,180,83,10,143,10218
20170523,18,310,40,30,70,167,80,4,56,10223
20170523,19,310,30,20,50,159,87,8,23,10225
20170523,20,290,20,10,40,155,89,0,2,10232
20170523,21,320,20,20,30,147,91,0,0,10236
20170523,22,290,10,10,30,125,96,0,0,10235
20170523,23,990,10,10,20,108,99,0,0,10235
20170523,24,200,10,10,20,99,93,0,0,10231
20170524,1,180,10,10,20,94,91,0,0,10228
20170524,2,140,10,10,20,94,89,0,0,10229
20170524,3,990,10,10,20,93,90,0,0,10228
20170524,4,120,10,10,10,94,89,0,1,10227
20170524,5,120,10,10,20,98,92,0,10,10231
20170524,6,0,10,0,10,139,116,5,49,10235
20170524,7,110,10,10,20,149,125,3,66,10237
20170524,8,0,10,0,20,166,133,0,81,10238
20170524,9,280,10,30,40,183,128,0,113,10241
20170524,10,310,30,40,70,201,125,2,173,10240
20170524,11,310,40,40,80,210,106,5,237,10239
20170524,12,320,40,40,80,215,115,8,306,10239
20170524,13,300,40,50,80,218,105,8,263,10237
20170524,14,320,40,50,80,218,109,10,276,10240
20170524,15,300,50,50,90,211,107,10,238,10241
20170524,16,310,40,40,80,207,123,9,176,10241
20170524,17,350,50,50,90,188,121,6,97,10242
20170524,18,350,40,40,80,180,120,8,58,10244
20170524,19,350,40,40,70,167,113,8,23,10245
20170524,20,340,40,20,80,154,112,0,4,10249
20170524,21,330,20,20,50,144,114,0,0,10251
20170524,22,340,20,20,30,134,115,0,0,10251
20170524,23,340,20,20,30,129,114,0,0,10252
20170524,24,360,20,20,40,124,113,0,0,10251
20170525,1,320,20,10,30,112,107,0,0,10252
20170525,2,340,10,10,30,110,107,0,0,10250
20170525,3,320,20,20,30,109,106,0,0,10248
20170525,4,330,10,10,30,94,91,0,1,10249
20170525,5,340,10,10,30,121,115,8,29,10252
20170525,6,340,20,20,30,139,119,8,69,10254
20170525,7,30,20,20,40,160,120,10,116,10256
20170525,8,70,20,20,40,177,120,10,186,10258
20170525,9,310,20,20,40,190,124,10,240,10256
20170525,10,310,20,20,40,196,117,10,275,10256
20170525,11,300,20,30,50,208,119,10,301,10253
20170525,12,40,30,20,60,218,113,10,311,10250
20170525,13,40,30,30,60,216,120,10,304,10249
20170525,14,40,30,30,60,223,125,10,283,10244
20170525,15,30,30,30,70,222,122,10,247,10241
20170525,16,30,30,30,70,225,137,10,199,10237
20170525,17,30,30,40,60,221,140,10,144,10233
20170525,18,20,40,30,60,213,135,10,87,10232
20170525,19,30,40,30,70,196,134,10,36,10230
20170525,20,30,30,30,50,184,130,0,4,10233
20170525,21,30,30,30,50,171,137,0,0,10235
20170525,22,40,20,20,40,160,138,0,0,10234
20170525,23,50,30,30,60,156,125,0,0,10235
20170525,24,60,30,20,50,143,120,0,0,10235
20170526,1,60,20,20,30,135,116,0,0,10233
20170526,2,70,20,10,30,122,109,0,0,10232
20170526,3,60,10,10,30,116,102,0,0,10234
20170526,4,40,10,20,20,116,103,0,2,10235
20170526,5,80,20,10,30,144,108,8,27,10234
20170526,6,100,30,30,50,160,117,10,78,10236
20170526,7,120,30,40,60,178,129,10,134,10236
20170526,8,120,20,20,60,196,136,10,190,10233
20170526,9,100,30,30,50,215,144,10,240,10229
20170526,10,110,30,30,70,223,126,10,278,10224
20170526,11,100,50,50,80,237,122,10,305,10219
20170526,12,90,50,60,90,248,96,10,315,10213
20170526,13,100,50,60,90,254,103,10,310,10207
20170526,14,100,50,40,90,263,112,10,288,10200
20170526,15,100,50,40,90,265,127,10,250,10194
20170526,16,110,60,50,100,266,128,10,202,10188
20170526,17,110,60,60,100,262,117,10,147,10185
20170526,18,100,60,60,100,253,116,10,89,10182
20170526,19,100,50,40,90,239,110,10,38,10181
20170526,20,80,40,40,70,218,116,0,5,10185
20170526,21,80,40,30,60,207,115,0,0,10186
20170526,22,90,30,30,50,188,117,0,0,10186
20170526,23,90,30,40,60,183,118,0,0,10184
20170526,24,110,40,30,60,179,117,0,0,10182
20170527,1,120,30,40,60,178,120,0,0,10181
20170527,2,120,40,40,70,181,123,0,0,10179
20170527,3,110,30,30,70,164,120,0,0,10182
20170527,4,120,30,30,50,166,120,0,2,10181
20170527,5,130,30,30,60,187,125,8,29,10181
20170527,6,140,50,50,80,201,130,10,80,10179
20170527,7,130,40,50,70,219,137,10,137,10176
20170527,8,140,50,50,90,236,135,10,193,10173
20170527,9,140,60,60,100,248,141,10,242,10166
20170527,10,130,60,60,100,262,139,10,282,10162
20170527,11,140,50,60,90,271,133,10,306,10162
20170527,12,150,50,50,90,287,127,10,314,10158
20170527,13,150,50,50,100,293,114,9,301,10155
20170527,14,170,50,50,80,302,121,10,291,10151
20170527,15,170,50,40,80,305,131,10,246,10146
20170527,16,190,40,40,70,311,104,10,198,10145
20170527,17,240,40,40,70,311,115,8,136,10145
20170527,18,300,40,40,110,222,156,4,42,10159
20170527,19,310,30,30,70,212,152,7,24,10162
20170527,20,300,20,20,50,207,147,0,3,10169
20170527,21,280,20,20,40,205,139,0,0,10174
20170527,22,160,10,10,40,181,148,0,0,10173
20170527,23,240,10,10,30,175,149,0,0,10175
20170527,24,180,10,10,20,169,142,0,0,10178
20170528,1,200,10,10,30,164,136,0,0,10178
20170528,2,210,20,20,50,172,136,0,0,10177
20170528,3,210,20,20,40,157,135,0,0,10179
20170528,4,150,20,10,30,153,140,0,1,10182
20170528,5,170,10,10,20,165,151,2,19,10184
20170528,6,250,20,20,30,188,141,7,67,10188
20170528,7,240,20,20,30,196,135,8,114,10188
20170528,8,210,20,30,40,202,133,10,187,10189
20170528,9,200,30,30,60,219,141,10,234,10190
20170528,10,200,30,40,60,231,130,10,272,10188
20170528,11,260,30,20,60,248,122,10,291,10181
20170528,12,250,30,30,60,255,123,9,287,10179
20170528,13,230,30,20,60,257,125,9,278,10179
20170528,14,240,30,20,60,262,144,9,266,10177
20170528,15,330,30,30,60,251,142,8,216,10176
20170528,16,320,40,40,70,240,135,6,153,10175
20170528,17,320,40,30,60,232,110,10,131,10174
20170528,18,320,30,20,50,222,91,6,69,10175
20170528,19,360,20,30,50,210,104,7,22,10173
20170528,20,40,30,30,50,195,111,0,5,10169
20170528,21,50,30,30,50,190,123,0,0,10171
20170528,22,40,30,40,70,180,140,0,0,10168
20170528,23,30,30,30,60,174,137,0,0,10165
20170528,24,40,30,30,50,168,135,0,0,10158
20170529,1,40,20,20,40,160,134,0,0,10160
20170529,2,30,20,20,40,157,135,0,0,10156
20170529,3,60,30,30,60,155,135,0,0,10143
20170529,4,50,20,20,50,156,134,0,2,10141
20170529,5,350,30,60,130,171,131,0,8,10157
20170529,6,50,50,50,100,166,134,0,23,10137
20170529,7,70,60,60,90,185,134,6,99,10128
20170529,8,90,50,50,90,211,139,8,171,10123
20170529,9,110,50,50,90,243,165,9,223,10115
20170529,10,150,50,50,100,254,178,7,254,10114
20170529,11,180,40,40,90,253,181,6,231,10115
20170529,12,180,30,30,70,270,184,5,245,10112
20170529,13,230,30,30,80,279,181,4,220,10110
20170529,14,260,30,20,60,285,186,6,229,10111
20170529,15,280,40,40,70,266,182,7,200,10113
20170529,16,300,30,20,70,273,178,7,162,10109
20170529,17,320,30,30,70,256,179,10,120,10110
20170529,18,320,20,20,50,246,177,10,62,10110
20170529,19,320,20,20,30,237,176,10,26,10111
20170529,20,290,10,10,30,221,173,2,4,10114
20170529,21,290,20,10,30,217,172,0,0,10116
20170529,22,270,30,40,70,213,160,0,0,10122
20170529,23,180,30,20,60,190,169,0,0,10122
20170529,24,280,10,20,40,180,172,0,0,10113
20170530,1,220,20,20,40,181,164,0,0,10120
20170530,2,250,20,30,60,180,155,0,0,10119
20170530,3,240,30,30,60,175,156,0,0,10120
20170530,4,210,20,20,50,172,159,0,1,10123
20170530,5,230,30,30,60,182,160,0,14,10124
20170530,6,240,40,40,80,188,163,5,52,10126
20170530,7,240,40,50,90,190,161,7,88,10131
20170530,8,250,40,40,80,191,159,1,99,10135
20170530,9,230,40,50,80,196,160,1,94,10139
20170530,10,240,50,50,90,194,160,2,149,10142
20170530,11,240,50,50,90,198,156,2,136,10144
20170530,12,260,50,40,90,201,151,2,150,10146
20170530,13,260,40,40,80,203,141,4,182,10144
20170530,14,260,50,50,110,196,136,3,148,10149
20170530,15,270,50,50,120,191,127,5,155,10151
20170530,16,240,50,50,110,188,122,0,63,10155
20170530,17,260,50,60,100,196,110,8,128,10156
20170530,18,260,50,40,100,185,114,0,42,10164
20170530,19,250,50,40,100,178,115,0,14,10168
20170530,20,250,40,40,80,174,117,0,2,10174
20170530,21,240,30,30,70,170,121,0,0,10181
20170530,22,240,30,30,70,158,121,0,0,10183
20170530,23,240,30,40,60,161,119,0,0,10185
20170530,24,240,30,30,60,155,121,0,0,10185
20170531,1,260,30,40,70,161,126,0,0,10189
20170531,2,260,30,20,70,160,129,0,0,10192
20170531,3,250,20,20,40,150,128,0,0,10194
20170531,4,230,20,20,40,142,128,0,3,10199
20170531,5,240,30,20,60,154,129,8,27,10203
20170531,6,270,20,20,50,164,132,10,76,10208
20170531,7,290,20,20,40,181,129,10,134,10213
20170531,8,270,20,20,40,192,134,10,191,10218
20170531,9,250,30,30,50,201,129,8,199,10221
20170531,10,300,30,30,60,204,122,6,170,10222
20170531,11,300,30,40,60,202,123,3,138,10223
20170531,12,320,40,40,80,210,124,1,116,10223
20170531,13,330,40,40,80,219,123,8,253,10221
20170531,14,320,50,40,80,206,115,7,214,10222
20170531,15,340,40,50,80,213,115,8,219,10222
20170531,16,340,50,50,90,204,106,10,206,10223
20170531,17,340,40,40,80,203,104,10,149,10223
20170531,18,360,40,40,70,187,102,8,85,10225
20170531,19,10,40,30,70,176,95,10,44,10226
20170531,20,40,30,30,50,154,94,2,7,10228
20170531,21,30,20,20,40,142,91,0,0,10233
20170531,22,40,20,20,40,117,93,0,0,10234
20170531,23,30,20,20,40,121,86,0,0,10237
20170531,24,40,20,20,40,110,81,0,0,10234
20170601,1,50,20,10,40,99,81,0,0,10235
20170601,2,60,10,10,20,90,77,0,0,10235
20170601,3,60,10,10,20,82,72,0,0,10234
20170601,4,50,10,10,20,81,73,0,3,10235
20170601,5,70,20,20,30,109,81,10,32,10237
20170601,6,70,20,30,40,133,81,10,84,10238
20170601,7,100,20,20,40,152,86,10,142,10238
20170601,8,990,10,10,30,172,90,10,196,10236
20170601,9,990,10,10,30,186,85,10,246,10232
20170601,10,990,10,10,30,201,76,10,286,10229
20170601,11,990,20,10,30,209,63,10,306,10225
20170601,12,320,20,30,60,221,62,10,317,10220
20170601,13,340,30,30,60,227,79,10,313,10215
20170601,14,300,30,30,60,230,82,10,286,10213
20170601,15,330,30,30,50,232,86,10,229,10210
20170601,16,330,30,30,60,228,88,10,205,10205
20170601,17,330,30,30,50,224,80,10,151,10203
20170601,18,330,30,20,50,220,79,10,89,10199
20170601,19,40,30,30,50,202,71,10,38,10197
20170601,20,40,30,30,40,183,71,2,4,10196
20170601,21,80,20,10,40,149,92,0,0,10199
20170601,22,40,10,10,20,126,97,0,0,10197
20170601,23,40,10,10,20,117,103,0,0,10194
20170601,24,90,10,10,20,117,91,0,0,10191
20170602,1,60,10,10,20,114,98,0,0,10185
20170602,2,50,10,10,20,111,100,0,0,10182
20170602,3,0,10,0,10,116,102,0,0,10178
20170602,4,0,10,0,10,109,100,0,2,10175
20170602,5,0,0,0,10,141,109,8,26,10175
20170602,6,0,0,0,10,174,114,3,55,10175
20170602,7,80,10,10,10,214,115,9,123,10173
20170602,8,110,10,20,30,235,99,9,176,10173
20170602,9,170,20,20,50,237,99,8,220,10170
20170602,10,190,20,20,40,248,118,8,266,10169
20170602,11,150,20,20,50,256,116,8,284,10166
20170602,12,160,20,30,50,255,134,9,292,10161
20170602,13,300,20,20,50,260,128,5,202,10158
20170602,14,320,30,40,70,249,127,2,120,10158
20170602,15,30,30,40,60,250,115,4,167,10154
20170602,16,330,30,40,70,244,127,3,120,10153
20170602,17,360,40,40,80,241,118,7,120,10151
20170602,18,30,40,30,70,229,120,10,71,10152
20170602,19,30,30,30,60,215,111,10,26,10152
20170602,20,10,30,20,50,205,108,0,4,10153
20170602,21,40,20,10,40,175,120,0,0,10152
20170602,22,330,10,10,20,160,126,0,0,10148
20170602,23,0,10,0,20,151,131,0,0,10143
20170602,24,20,10,10,20,156,132,0,0,10138
20170603,1,0,10,0,10,160,136,0,0,10134
20170603,2,290,10,10,10,158,135,0,0,10131
20170603,3,260,10,10,20,158,137,0,0,10132
20170603,4,350,10,10,30,162,139,0,1,10128
20170603,5,0,10,0,20,165,142,0,7,10129
20170603,6,340,10,10,20,170,147,0,9,10129
20170603,7,50,10,10,20,187,152,0,26,10129
20170603,8,990,10,10,20,209,133,1,108,10132
20170603,9,320,20,30,40,215,145,2,141,10128
20170603,10,990,20,10,40,185,163,0,56,10130
20170603,11,240,20,30,60,207,163,2,152,10130
20170603,12,250,30,40,80,228,163,7,268,10123
20170603,13,250,40,50,80,228,157,6,232,10121
20170603,14,290,50,50,90,221,129,6,210,10123
20170603,15,290,50,50,90,214,137,7,199,10126
20170603,16,280,50,50,90,209,132,8,166,10123
20170603,17,290,40,30,80,196,130,5,116,10126
20170603,18,300,40,30,80,187,132,8,75,10125
20170603,19,310,30,30,60,173,136,2,21,10127
20170603,20,310,20,30,40,167,131,0,3,10130
20170603,21,300,20,20,50,162,123,0,0,10132
20170603,22,290,20,20,40,156,126,0,0,10133
20170603,23,290,20,20,40,149,125,0,0,10131
20170603,24,290,10,10,30,143,126,0,0,10134
20170604,1,290,20,10,30,144,124,0,0,10134
20170604,2,290,10,10,20,139,122,0,0,10132
20170604,3,230,10,20,20,130,122,0,0,10132
20170604,4,250,20,20,30,137,122,0,1,10133
20170604,5,270,20,20,50,145,128,0,11,10137
20170604,6,270,20,20,50,163,130,5,69,10140
20170604,7,270,30,30,70,177,124,10,130,10143
20170604,8,280,30,40,60,191,99,10,188,10146
20170604,9,260,40,30,80,186,94,5,148,10148
20170604,10,270,50,40,100,190,109,5,204,10153
20170604,11,280,50,50,90,187,97,7,232,10155
20170604,12,280,50,50,110,186,90,6,207,10161
20170604,13,280,50,50,110,181,76,8,239,10162
20170604,14,280,50,50,100,187,70,10,298,10163
20170604,15,280,50,40,90,178,70,8,212,10163
20170604,16,260,40,40,110,180,64,8,149,10163
20170604,17,290,40,40,90,172,53,10,141,10165
20170604,18,270,40,40,80,165,51,10,101,10165
20170604,19,280,30,20,70,157,57,10,46,10165
20170604,20,300,20,10,50,137,69,2,10,10163
20170604,21,180,10,10,20,105,83,0,0,10164
20170604,22,130,10,10,10,91,80,0,0,10161
20170604,23,170,10,10,20,91,80,0,0,10162
20170604,24,150,10,20,30,87,80,0,0,10163
20170605,1,170,20,10,30,90,80,0,0,10158
20170605,2,170,20,20,30,96,80,0,0,10155
20170605,3,170,20,20,40,106,85,0,0,10151
20170605,4,160,20,20,30,115,88,0,3,10147
20170605,5,200,30,30,50,136,90,5,28,10146
20170605,6,200,30,30,60,143,84,0,32,10146
20170605,7,200,30,40,60,161,85,1,71,10145
20170605,8,190,40,30,70,167,79,1,98,10141
20170605,9,210,50,70,100,179,72,4,178,10135
20170605,10,190,60,60,110,190,84,9,275,10128
20170605,11,210,60,70,120,204,79,8,275,10123
20170605,12,210,70,60,120,196,83,5,199,10116
20170605,13,210,60,50,100,202,88,0,122,10112
20170605,14,210,60,50,100,206,81,3,165,10104
20170605,15,200,50,50,100,216,83,7,212,10096
20170605,16,190,50,60,100,215,78,6,137,10088
20170605,17,220,50,50,90,215,80,10,153,10082
20170605,18,200,50,50,100,206,80,5,69,10074
20170605,19,190,30,20,80,197,85,7,27,10068
20170605,20,140,20,20,50,176,91,0,4,10061
20170605,21,150,30,30,60,173,86,0,0,10054
20170605,22,140,30,30,50,168,85,0,0,10044
20170605,23,150,40,40,60,171,82,0,0,10033
20170605,24,140,40,40,70,166,82,0,0,10021
20170606,1,150,40,40,70,168,84,0,0,10010
20170606,2,150,40,40,70,167,88,0,0,9995
20170606,3,150,40,40,70,166,89,0,0,9983
20170606,4,160,50,50,90,172,88,0,0,9974
20170606,5,180,50,50,90,156,110,0,5,9973
20170606,6,140,50,60,100,148,120,0,15,9963
20170606,7,150,60,70,110,152,120,0,29,9954
20170606,8,160,60,60,120,142,129,0,19,9950
20170606,9,180,60,70,120,149,127,0,61,9950
20170606,10,200,80,70,160,157,111,1,96,9958
20170606,11,200,80,90,170,163,89,4,149,9961
20170606,12,220,90,90,190,138,83,3,79,9970
20170606,13,240,100,120,200,130,81,5,190,9977
20170606,14,220,90,80,180,146,102,6,144,9982
20170606,15,230,80,80,150,132,90,1,92,9993
20170606,16,230,80,90,150,119,92,4,104,9999
20170606,17,210,70,50,160,118,88,1,24,10001
20170606,18,230,60,50,140,111,89,0,12,10011
20170606,19,210,50,50,100,119,86,0,12,10008
20170606,20,220,60,60,110,131,83,0,3,10014
20170606,21,220,70,80,160,135,82,0,0,10015
20170606,22,220,80,80,150,125,94,0,0,10019
20170606,23,220,70,70,130,129,93,0,0,10020
20170606,24,230,70,60,170,122,99,0,0,10025
20170607,1,220,70,60,120,123,97,0,0,10029
20170607,2,230,60,40,120,125,97,0,0,10031
20170607,3,240,50,60,110,127,81,0,0,10036
20170607,4,230,60,60,130,127,78,0,3,10037
20170607,5,230,60,70,110,131,82,0,23,10040
20170607,6,240,70,60,140,137,85,6,63,10043
20170607,7,240,60,60,120,133,82,1,47,10052
20170607,8,250,60,50,140,115,92,1,46,10059
20170607,9,230,60,70,130,126,106,1,69,10066
20170607,10,250,60,60,120,131,99,2,83,10077
20170607,11,250,60,60,130,126,89,1,56,10087
20170607,12,250,60,70,160,129,90,0,61,10097
20170607,13,250,60,50,140,143,91,1,100,10104
20170607,14,250,60,70,120,150,87,0,50,10111
20170607,15,260,70,60,140,174,86,4,132,10116
20170607,16,260,80,70,170,170,77,5,118,10124
20170607,17,260,70,70,140,167,77,8,101,10129
20170607,18,240,70,60,130,163,90,8,72,10133
20170607,19,240,60,50,120,154,95,7,23,10139
20170607,20,230,60,60,120,149,91,0,4,10143
20170607,21,230,60,50,110,148,97,0,0,10146
20170607,22,230,60,60,110,144,75,0,0,10148
20170607,23,230,60,50,110,139,72,0,0,10150
20170607,24,220,50,40,100,135,76,0,0,10150
20170608,1,220,40,50,100,136,82,0,0,10150
20170608,2,220,40,40,90,135,92,0,0,10150
20170608,3,210,50,50,100,120,106,0,0,10147
20170608,4,200,50,50,90,117,108,0,1,10146
20170608,5,190,40,40,70,122,110,0,7,10145
20170608,6,190,40,50,80,132,107,0,18,10141
20170608,7,190,50,50,80,147,111,1,71,10142
20170608,8,200,50,40,90,162,112,3,128,10141
20170608,9,210,50,40,90,153,120,0,76,10142
20170608,10,200,50,40,90,171,125,0,122,10139
20170608,11,210,60,60,110,187,123,2,197,10137
20170608,12,210,60,60,100,197,117,3,220,10131
20170608,13,200,60,60,100,208,119,5,243,10126
20170608,14,200,50,50,100,219,122,4,216,10116
20170608,15,210,60,60,110,223,118,2,149,10115
20170608,16,230,60,60,120,227,123,4,119,10114
20170608,17,210,60,60,110,227,121,7,100,10112
20170608,18,220,50,30,100,222,124,6,67,10112
20170608,19,330,30,30,70,192,136,7,30,10113
20170608,20,320,30,20,60,169,128,3,6,10117
20170608,21,90,10,10,30,150,131,0,0,10116
20170608,22,120,10,10,20,147,131,0,0,10108
20170608,23,120,10,10,20,143,133,0,0,10101
20170608,24,150,10,10,20,137,129,0,0,10094
20170609,1,150,20,30,40,147,131,0,0,10088
20170609,2,190,30,60,110,184,136,0,0,10092
20170609,3,210,60,30,170,165,134,0,0,10081
20170609,4,240,40,30,110,173,126,0,1,10084
20170609,5,990,20,10,50,158,141,0,3,10079
20170609,6,170,30,30,60,155,144,0,5,10090
20170609,7,160,30,30,70,152,146,0,9,10083
20170609,8,180,40,40,60,150,142,0,12,10089
20170609,9,200,50,60,100,150,145,0,15,10095
20170609,10,270,40,20,90,153,145,0,20,10100
20170609,11,270,40,50,100,167,140,1,120,10108
20170609,12,260,50,60,100,181,107,8,251,10112
20170609,13,250,50,50,110,195,120,9,274,10120
20170609,14,270,60,50,110,185,102,9,271,10129
20170609,15,260,60,50,110,182,100,8,208,10134
20170609,16,230,50,40,110,188,107,8,164,10136
20170609,17,250,50,50,90,188,108,9,117,10138
20170609,18,250,50,40,100,183,94,10,95,10145
20170609,19,260,40,40,70,170,93,10,46,10147
20170609,20,250,30,30,70,157,109,3,8,10154
20170609,21,230,30,30,50,147,110,0,0,10159
20170609,22,230,30,40,70,148,109,0,0,10162
20170609,23,240,40,40,80,147,103,0,0,10165
20170609,24,220,40,20,80,137,106,0,0,10167
20170610,1,220,30,30,60,134,100,0,0,10170
20170610,2,210,20,20,50,121,99,0,0,10171
20170610,3,220,20,20,40,119,99,0,0,10175
20170610,4,200,30,20,40,119,102,0,3,10177
20170610,5,200,20,30,40,130,109,10,32,10182
20170610,6,220,30,30,50,140,117,9,78,10187
20170610,7,190,30,30,60,146,127,4,93,10194
20170610,8,200,30,30,50,161,132,3,138,10196
20170610,9,210,30,40,60,178,135,7,203,10196
20170610,10,220,40,50,70,187,123,2,188,10198
20170610,11,200,50,50,80,200,109,3,210,10198
20170610,12,230,40,40,80,206,104,5,244,10195
20170610,13,220,50,50,90,212,113,6,264,10192
20170610,14,220,50,50,90,222,124,5,215,10192
20170610,15,210,50,40,80,231,114,10,244,10187
20170610,16,200,40,40,90,235,114,10,208,10183
20170610,17,200,30,30,80,238,120,10,152,10181
20170610,18,200,30,30,60,236,125,10,95,10180
20170610,19,200,30,20,50,228,129,10,43,10179
20170610,20,160,20,20,40,192,150,3,8,10179
20170610,21,300,20,10,50,176,135,0,0,10184
20170610,22,0,0,0,20,156,143,0,0,10184
20170610,23,270,10,20,40,175,101,0,0,10181
20170610,24,200,10,10,40,139,125,0,0,10181
20170611,1,170,10,10,20,129,121,0,0,10179
20170611,2,170,10,20,20,124,116,0,0,10177
20170611,3,170,20,20,30,129,118,0,0,10175
20170611,4,140,10,10,30,135,121,2,5,10174
20170611,5,150,10,20,30,157,129,7,27,10172
20170611,6,140,10,10,30,175,135,0,40,10171
20170611,7,150,10,20,30,198,137,3,101,10169
20170611,8,160,20,20,30,211,142,3,128,10166
20170611,9,200,20,30,50,234,147,8,233,10161
20170611,10,190,30,40,60,237,154,5,215,10155
20170611,11,200,40,40,80,253,150,6,255,10148
20170611,12,210,50,50,90,265,145,4,229,10140
20170611,13,210,50,40,100,264,142,5,250,10133
20170611,14,250,50,50,90,262,146,2,178,10127
20170611,15,240,30,40,90,253,149,0,103,10122
20170611,16,240,40,40,80,251,153,0,76,10120
20170611,17,290,40,50,100,211,156,0,55,10124
20170611,18,260,50,50,110,212,159,0,43,10122
20170611,19,250,50,60,110,203,86,5,23,10122
20170611,20,240,50,50,100,196,89,0,4,10122
20170611,21,230,40,40,80,187,103,0,0,10124
20170611,22,260,40,40,100,178,93,0,0,10126
20170611,23,250,40,40,100,166,101,0,0,10129
20170611,24,240,40,40,70,154,111,0,0,10130
20170612,1,240,40,40,70,147,115,0,0,10131
20170612,2,250,30,30,70,148,122,0,0,10133
20170612,3,260,30,40,80,152,102,0,0,10134
20170612,4,250,40,40,90,151,90,0,3,10136
20170612,5,240,30,30,90,152,101,8,32,10136
20170612,6,250,50,60,100,156,105,8,66,10139
20170612,7,260,50,50,110,160,98,5,73,10142
20170612,8,250,60,60,110,158,99,2,74,10147
20170612,9,250,50,50,110,157,102,1,64,10150
20170612,10,250,50,50,100,162,103,0,65,10157
20170612,11,250,50,50,100,166,108,0,97,10159
20170612,12,260,50,40,100,162,106,0,64,10163
20170612,13,250,50,50,110,166,108,0,55,10169
20170612,14,260,50,40,110,174,102,0,95,10170
20170612,15,280,50,60,100,173,99,0,56,10173
20170612,16,250,60,50,110,173,100,0,92,10172
20170612,17,250,50,40,110,173,103,0,50,10172
20170612,18,240,40,40,90,169,107,0,38,10174
20170612,19,250,40,40,90,165,105,0,12,10176
20170612,20,260,30,30,90,163,108,0,3,10177
20170612,21,250,30,30,60,162,110,0,0,10179
20170612,22,250,20,20,60,159,114,0,0,10178
20170612,23,270,20,20,50,159,116,0,0,10178
20170612,24,270,20,20,60,156,117,0,0,10179
20170613,1,260,20,20,40,155,120,0,0,10180
20170613,2,250,20,10,40,143,121,0,0,10179
20170613,3,280,20,20,30,142,117,0,0,10178
20170613,4,230,10,10,30,129,117,0,2,10183
20170613,5,240,10,10,30,149,121,0,22,10186
20170613,6,280,20,20,40,158,118,2,56,10189
20170613,7,280,30,30,60,164,112,1,82,10191
20170613,8,280,30,40,60,173,103,4,132,10189
20170613,9,270,40,40,70,177,100,6,183,10189
20170613,10,260,30,40,70,191,104,6,185,10189
20170613,11,280,40,40,70,188,97,5,199,10195
20170613,12,280,40,40,80,201,92,6,253,10193
20170613,13,320,40,40,80,201,90,8,226,10197
20170613,14,330,40,40,80,187,96,2,120,10199
20170613,15,320,40,40,80,206,98,4,148,10197
20170613,16,340,40,40,70,193,97,10,185,10202
20170613,17,330,40,40,70,194,95,10,154,10198
20170613,18,320,30,30,60,188,100,10,101,10199
20170613,19,360,30,30,60,178,99,10,46,10198
20170613,20,20,20,20,50,160,97,3,9,10201
20170613,21,0,10,0,30,121,104,0,0,10204
20170613,22,0,10,0,20,112,104,0,0,10205
20170613,23,0,0,0,10,101,97,0,0,10208
20170613,24,0,10,0,10,93,88,0,0,10207
20170614,1,340,10,10,10,86,86,0,0,10206
20170614,2,0,10,0,10,82,78,0,0,10204
20170614,3,70,10,10,20,78,75,0,0,10202
20170614,4,60,10,10,10,82,82,0,4,10207
20170614,5,100,10,10,20,124,100,10,36,10210
20170614,6,80,10,10,20,155,100,10,86,10213
20170614,7,80,20,20,30,170,104,10,141,10209
20170614,8,110,20,20,40,187,90,10,197,10208
20170614,9,110,20,20,40,200,89,10,246,10201
20170614,10,100,20,20,50,205,81,10,285,10202
20170614,11,150,20,30,60,214,112,10,309,10196
20170614,12,160,20,20,60,217,99,10,324,10195
20170614,13,180,20,20,60,230,96,10,311,10191
20170614,14,180,30,30,60,230,96,10,294,10183
20170614,15,70,30,20,70,241,88,10,261,10181
20170614,16,170,20,20,50,238,83,10,209,10177
20170614,17,130,20,20,40,238,100,10,156,10166
20170614,18,140,20,10,30,234,98,8,90,10165
20170614,19,150,10,20,30,213,104,10,38,10163
20170614,20,90,20,20,40,187,112,3,8,10165
20170614,21,80,20,10,30,158,123,0,0,10167
20170614,22,80,10,10,20,145,115,0,0,10167
20170614,23,80,10,10,20,131,119,0,0,10165
20170614,24,70,10,20,20,126,108,0,0,10160
20170615,1,100,20,20,30,130,101,0,0,10154
20170615,2,100,20,20,40,128,103,0,0,10149
20170615,3,100,20,20,30,127,98,0,0,10144
20170615,4,110,10,10,30,123,103,0,2,10142
20170615,5,100,10,20,20,161,117,5,30,10140
20170615,6,140,10,20,30,179,122,5,64,10139
20170615,7,150,20,20,40,200,131,10,134,10136
20170615,8,160,20,20,40,220,142,9,189,10128
20170615,9,170,30,30,50,240,152,8,214,10128
20170615,10,180,30,40,60,255,162,2,176,10125
20170615,11,240,50,60,110,260,160,4,194,10126
20170615,12,230,60,60,110,255,151,4,218,10127
20170615,13,260,60,60,120,248,130,6,256,10132
20170615,14,260,60,70,120,244,112,10,294,10132
20170615,15,280,50,50,120,239,120,9,243,10135
20170615,16,260,50,50,100,240,113,10,217,10132
20170615,17,240,50,50,100,235,121,10,159,10134
20170615,18,260,50,50,100,224,122,10,97,10131
20170615,19,250,40,40,90,210,111,10,45,10133
20170615,20,250,40,40,100,194,136,2,6,10138
20170615,21,260,40,40,90,184,131,0,0,10145
20170615,22,260,40,40,90,171,141,0,0,10150
20170615,23,250,30,30,70,165,144,0,0,10152
20170615,24,250,30,20,60,160,144,0,0,10151
20170616,1,250,30,20,50,162,139,0,0,10157
20170616,2,270,30,40,70,169,112,0,0,10160
20170616,3,280,30,30,70,164,101,0,0,10165
20170616,4,280,30,30,70,160,113,0,2,10172
20170616,5,280,30,30,70,160,115,0,14,10179
20170616,6,300,40,50,100,164,111,2,48,10188
20170616,7,290,40,40,100,172,115,4,95,10187
20170616,8,290,40,40,80,172,107,6,142,10195
20170616,9,290,50,50,90,180,112,4,138,10207
20170616,10,290,50,50,90,175,107,1,130,10211
20170616,11,290,50,50,110,174,104,1,148,10216
20170616,12,290,50,40,100,172,101,0,120,10220
20170616,13,290,40,40,90,167,104,0,63,10227
20170616,14,290,40,50,90,167,105,0,76,10232
20170616,15,290,50,40,110,167,98,0,88,10233
20170616,16,310,40,40,80,167,97,0,63,10239
20170616,17,320,40,40,80,173,98,6,102,10239
20170616,18,310,40,30,70,164,93,3,57,10243
20170616,19,300,30,30,60,163,88,7,36,10247
20170616,20,290,20,20,50,149,92,3,10,10250
20170616,21,270,20,20,30,139,94,0,0,10253
20170616,22,240,20,10,30,134,98,0,0,10254
20170616,23,240,20,20,40,138,98,0,0,10252
20170616,24,240,20,20,40,146,98,0,0,10251
20170617,1,230,20,20,40,151,99,0,0,10251
20170617,2,240,20,20,40,152,109,0,0,10250
20170617,3,240,20,30,50,157,115,0,0,10247
20170617,4,240,20,20,50,161,123,0,1,10245
20170617,5,230,20,20,40,165,129,0,10,10247
20170617,6,240,20,20,40,171,137,0,25,10248
20170617,7,280,20,20,40,183,143,0,49,10250
20170617,8,300,20,20,50,191,148,0,85,10255
20170617,9,320,30,40,70,194,148,0,115,10259
20170617,10,320,30,20,70,199,148,0,130,10258
20170617,11,290,30,40,70,203,149,0,138,10263
20170617,12,310,40,40,80,208,147,1,158,10263
20170617,13,300,30,40,60,224,152,3,202,10258
20170617,14,310,40,40,80,226,155,5,176,10257
20170617,15,320,30,40,80,226,151,7,168,10256
20170617,16,320,40,40,70,226,150,9,152,10256
20170617,17,300,40,30,70,214,147,7,98,10261
20170617,18,320,30,30,70,218,147,10,99,10257
20170617,19,310,30,20,60,207,145,10,44,10257
20170617,20,320,20,20,40,192,148,3,9,10260
20170617,21,330,10,20,30,160,145,0,0,10263
20170617,22,300,20,20,30,164,145,0,0,10265
20170617,23,300,10,10,30,143,135,0,0,10263
20170617,24,320,10,10,20,129,126,0,0,10262
20170618,1,330,10,10,20,123,121,0,0,10260
20170618,2,330,10,10,10,117,117,0,0,10260
20170618,3,0,10,0,10,112,111,0,0,10259
20170618,4,0,0,0,10,116,115,0,5,10260
20170618,5,170,10,10,20,148,142,8,31,10260
20170618,6,110,10,10,20,181,153,10,81,10260
20170618,7,160,10,20,30,197,160,10,136,10260
20170618,8,140,20,20,30,212,159,10,192,10258
20170618,9,990,20,10,40,225,156,10,239,10259
20170618,10,990,10,10,30,233,150,10,281,10258
20170618,11,990,10,10,30,254,142,10,308,10248
20170618,12,360,20,20,40,262,149,10,307,10249
20170618,13,990,10,10,40,269,157,2,156,10244
20170618,14,990,10,10,30,268,154,2,156,10240
20170618,15,70,20,30,40,270,158,10,280,10233
20170618,16,990,10,10,40,275,153,8,175,10222
20170618,17,140,10,20,40,264,152,5,96,10227
20170618,18,240,10,20,50,264,167,10,110,10221
20170618,19,30,30,30,50,250,163,10,44,10223
20170618,20,40,30,20,50,231,163,3,10,10224
20170618,21,30,20,20,40,210,164,0,0,10226
20170618,22,20,10,10,30,177,162,0,0,10226
20170618,23,40,10,10,20,167,158,0,0,10226
20170618,24,60,10,10,20,158,152,0,0,10224
20170619,1,60,10,10,20,151,147,0,0,10220
20170619,2,40,10,10,10,148,147,0,0,10217
20170619,3,20,10,10,10,141,138,0,0,10214
20170619,4,30,10,10,10,145,145,0,4,10215
20170619,5,30,10,10,10,172,162,10,31,10216
20170619,6,130,10,10,20,213,161,10,77,10215
20170619,7,160,20,10,30,228,165,10,133,10214
20170619,8,150,10,10,30,248,171,10,187,10210
20170619,9,160,20,20,40,260,164,10,236,10208
20170619,10,170,20,20,40,271,151,10,276,10205
20170619,11,170,20,30,50,275,158,10,302,10201
20170619,12,150,20,20,50,285,162,10,315,10191
20170619,13,210,20,30,60,292,131,10,312,10188
20170619,14,150,20,30,50,292,118,10,291,10185
20170619,15,150,20,20,50,300,106,10,258,10177
20170619,16,210,20,20,50,300,107,10,202,10176
20170619,17,990,10,10,40,291,133,9,129,10171
20170619,18,30,30,20,50,281,168,10,82,10171
20170619,19,20,30,40,60,269,170,10,41,10171
20170619,20,10,30,30,50,246,166,3,7,10175
20170619,21,20,30,30,50,233,167,0,0,10176
20170619,22,360,20,20,50,212,173,0,0,10176
20170619,23,20,20,20,40,213,182,0,0,10175
20170619,24,360,20,20,30,193,177,0,0,10175
20170620,1,20,10,20,30,191,173,0,0,10173
20170620,2,50,20,10,40,175,163,0,0,10171
20170620,3,30,10,10,20,163,158,0,0,10169
20170620,4,10,10,10,40,163,158,0,3,10171
20170620,5,30,20,20,40,194,160,0,25,10172
20170620,6,40,30,30,50,209,160,7,75,10176
20170620,7,40,30,40,60,225,162,10,128,10182
20170620,8,40,40,50,70,234,153,10,180,10183
20170620,9,40,40,40,70,244,151,9,217,10183
20170620,10,20,40,30,60,262,150,7,253,10184
20170620,11,30,40,40,70,270,147,8,285,10184
20170620,12,30,40,40,70,266,172,7,278,10182
20170620,13,40,50,50,80,261,178,3,215,10181
20170620,14,20,50,50,80,270,184,5,225,10182
20170620,15,40,50,60,90,249,177,2,155,10183
20170620,16,30,50,60,80,241,175,0,89,10181
20170620,17,40,50,50,80,243,164,7,121,10183
20170620,18,40,50,50,80,236,152,10,93,10186
20170620,19,40,50,40,80,220,150,10,42,10186
20170620,20,40,50,50,90,204,137,3,8,10191
20170620,21,50,50,50,90,186,124,0,0,10195
20170620,22,50,40,40,80,171,108,0,0,10196
20170620,23,50,40,40,70,158,104,0,0,10196
20170620,24,40,40,40,60,149,103,0,0,10197
20170621,1,50,30,40,50,142,100,0,0,10195
20170621,2,50,30,30,60,137,96,0,0,10197
20170621,3,60,30,30,50,131,96,0,0,10194
20170621,4,50,30,30,60,133,96,0,4,10193
20170621,5,60,30,30,50,139,97,0,22,10193
20170621,6,80,30,30,60,156,104,5,72,10193
20170621,7,70,30,30,50,177,105,10,125,10189
20170621,8,50,40,40,60,197,106,8,166,10188
20170621,9,70,30,30,50,215,115,8,209,10186
20170621,10,90,30,40,60,229,113,8,244,10184
20170621,11,100,30,30,60,245,125,9,275,10182
20170621,12,90,30,30,60,256,127,9,276,10177
20170621,13,80,30,40,60,266,135,9,280,10168
20170621,14,130,20,20,50,280,143,10,283,10159
20170621,15,180,20,20,50,284,150,9,219,10159
20170621,16,140,20,30,50,286,151,10,202,10148
20170621,17,140,20,20,40,281,155,9,138,10143
20170621,18,140,20,20,30,274,158,10,80,10143
20170621,19,130,20,10,30,259,160,10,38,10143
20170621,20,60,10,10,20,224,175,3,10,10144
20170621,21,90,10,10,20,197,175,0,0,10145
20170621,22,120,20,20,30,194,169,0,0,10139
20170621,23,150,30,30,50,217,152,0,0,10133
20170621,24,170,30,30,50,219,152,0,0,10127
20170622,1,160,30,30,50,212,153,0,0,10123
20170622,2,160,30,30,50,207,154,0,0,10117
20170622,3,160,30,20,40,202,155,0,0,10111
20170622,4,160,20,20,40,206,157,0,3,10108
20170622,5,170,30,30,50,222,161,2,26,10103
20170622,6,200,40,50,70,249,165,7,66,10096
20170622,7,220,40,40,80,267,174,10,123,10097
20170622,8,250,40,50,90,273,182,10,178,10099
20170622,9,230,50,50,90,282,183,8,218,10093
20170622,10,230,50,50,90,291,180,7,254,10096
20170622,11,230,50,40,90,298,180,8,287,10093
20170622,12,240,50,50,120,306,143,8,291,10094
20170622,13,260,60,60,120,295,140,7,279,10095
20170622,14,300,60,50,150,268,165,6,241,10097
20170622,15,270,40,60,120,244,161,2,119,10093
20170622,16,230,50,30,120,195,173,0,9,10093
20170622,17,260,60,60,120,201,173,3,71,10092
20170622,18,280,60,60,120,198,165,3,40,10101
20170622,19,270,50,40,110,194,159,0,16,10104
20170622,20,280,50,50,110,188,149,2,5,10110
20170622,21,280,50,40,110,180,151,0,0,10117
20170622,22,280,40,40,100,174,151,0,0,10121
20170622,23,270,30,30,80,178,155,0,0,10126
20170622,24,270,30,30,60,171,148,0,0,10129
20170623,1,260,30,20,60,173,147,0,0,10129
20170623,2,250,30,20,50,169,143,0,0,10129
20170623,3,240,20,20,50,171,143,0,0,10129
20170623,4,250,20,20,50,172,140,0,4,10131
20170623,5,240,20,20,40,176,151,2,22,10133
20170623,6,250,30,20,50,185,147,1,55,10137
20170623,7,280,30,30,70,191,129,6,96,10141
20170623,8,270,30,30,70,199,131,2,120,10146
20170623,9,250,30,40,70,200,136,2,134,10148
20170623,10,240,40,40,80,213,144,5,185,10149
20170623,11,250,50,50,110,223,146,4,221,10150
20170623,12,240,60,60,110,226,140,3,214,10151
20170623,13,260,60,60,120,220,134,3,209,10153
20170623,14,250,60,60,120,216,108,5,221,10153
20170623,15,270,60,60,120,211,115,4,174,10154
20170623,16,270,60,60,120,216,116,9,204,10155
20170623,17,260,60,60,110,212,94,8,142,10155
20170623,18,260,50,60,110,207,120,5,66,10154
20170623,19,230,40,40,90,199,132,8,40,10153
20170623,20,240,50,60,100,190,130,2,6,10155
20170623,21,240,50,60,100,188,132,0,0,10156
20170623,22,240,50,50,100,184,136,0,0,10156
20170623,23,230,60,70,120,181,131,0,0,10155
20170623,24,230,50,50,110,175,133,0,0,10151
20170624,1,230,50,50,100,172,132,0,0,10149
20170624,2,230,50,40,90,170,136,0,0,10147
20170624,3,220,50,50,90,169,139,0,0,10140
20170624,4,220,40,50,90,167,138,0,1,10137
20170624,5,230,40,40,80,167,142,0,6,10134
20170624,6,230,50,50,100,170,141,0,15,10132
20170624,7,240,50,50,80,164,151,0,18,10134
20170624,8,230,40,40,80,166,160,0,35,10136
20170624,9,230,50,50,90,167,160,0,35,10138
20170624,10,230,40,50,90,170,159,0,31,10139
20170624,11,240,40,40,80,172,160,0,39,10139
20170624,12,230,40,40,80,175,163,0,34,10141
20170624,13,230,40,50,80,174,165,0,29,10141
20170624,14,230,40,40,80,172,163,0,37,10141
20170624,15,220,40,40,90,171,163,0,35,10140
20170624,16,240,40,50,90,169,164,0,19,10135
20170624,17,230,50,40,100,169,163,0,16,10130
20170624,18,240,40,50,90,170,164,0,9,10127
20170624,19,230,50,50,90,173,164,0,10,10123
20170624,20,220,50,50,90,175,162,0,2,10121
20170624,21,220,50,50,80,176,160,0,0,10120
20170624,22,220,40,40,80,178,159,0,0,10118
20170624,23,220,50,50,90,178,158,0,0,10112
20170624,24,230,50,50,90,176,159,0,0,10108
20170625,1,230,50,40,90,175,161,0,0,10103
20170625,2,240,40,50,80,177,156,0,0,10100
20170625,3,230,40,40,80,175,158,0,0,10096
20170625,4,240,40,50,80,168,164,0,0,10093
20170625,5,240,40,40,70,168,162,0,3,10096
20170625,6,260,40,40,80,173,159,0,19,10097
20170625,7,270,40,50,90,174,152,0,42,10101
20170625,8,270,40,40,80,181,144,1,88,10103
20170625,9,280,30,40,80,173,147,1,75,10108
20170625,10,240,40,50,110,186,148,1,100,10111
20170625,11,270,50,50,100,179,125,1,71,10115
20170625,12,260,50,50,110,179,130,0,101,10120
20170625,13,250,50,50,100,176,126,0,65,10122
20170625,14,250,40,30,90,154,144,0,35,10126
20170625,15,270,20,20,60,167,148,0,56,10121
20170625,16,240,20,20,50,174,152,0,41,10119
20170625,17,250,30,30,70,186,134,3,74,10115
20170625,18,260,40,40,70,184,131,0,30,10114
20170625,19,230,30,40,60,181,135,0,13,10112
20170625,20,230,30,30,70,179,141,0,2,10110
20170625,21,240,40,40,70,179,142,0,0,10109
20170625,22,240,50,60,110,165,153,0,0,10108
20170625,23,240,40,40,80,167,156,0,0,10108
20170625,24,250,30,30,60,171,158,0,0,10108
20170626,1,280,30,30,80,168,153,0,0,10113
20170626,2,310,30,30,50,164,147,0,0,10116
20170626,3,300,30,30,60,153,126,0,0,10116
20170626,4,290,20,20,50,150,113,0,2,10121
20170626,5,300,20,20,40,150,101,0,21,10124
20170626,6,280,20,20,50,155,104,2,42,10130
20170626,7,300,20,30,50,162,100,0,71,10135
20170626,8,300,30,30,60,172,91,9,183,10138
20170626,9,320,30,30,60,181,104,9,194,10141
20170626,10,320,30,40,70,175,82,7,175,10141
20170626,11,330,30,30,60,187,85,9,253,10142
20170626,12,360,30,40,60,184,80,6,231,10144
20170626,13,350,30,20,70,198,92,7,231,10144
20170626,14,360,20,20,60,197,81,8,278,10143
20170626,15,340,30,20,60,202,72,10,258,10142
20170626,16,340,30,30,70,197,76,10,208,10139
20170626,17,30,30,40,70,193,100,10,167,10138
20170626,18,40,40,30,70,172,100,6,72,10140
20170626,19,30,40,40,70,170,92,10,47,10135
20170626,20,30,30,30,60,158,92,2,8,10137
20170626,21,30,20,20,40,144,95,0,0,10142
20170626,22,40,20,30,40,138,96,0,0,10141
20170626,23,40,30,30,50,132,94,0,0,10142
20170626,24,60,30,30,50,124,88,0,0,10140
20170627,1,60,30,30,40,123,83,0,0,10136
20170627,2,60,30,20,50,121,79,0,0,10134
20170627,3,70,20,20,40,114,78,0,0,10130
20170627,4,70,30,30,50,117,78,0,4,10125
20170627,5,70,40,40,70,129,81,7,27,10120
20170627,6,80,40,50,80,150,92,5,81,10115
20170627,7,80,50,50,80,156,85,3,83,10111
20170627,8,70,50,50,80,181,97,7,167,10110
20170627,9,90,50,50,80,191,100,6,207,10105
20170627,10,80,40,40,70,204,106,9,282,10098
20170627,11,70,30,30,60,212,108,5,248,10091
20170627,12,120,40,40,60,212,116,0,143,10086
20170627,13,80,40,50,60,215,116,0,106,10080
20170627,14,110,40,40,60,209,120,0,114,10076
20170627,15,100,40,40,70,203,126,0,72,10071
20170627,16,80,30,20,60,189,140,0,40,10065
20170627,17,80,20,30,40,189,138,0,30,10056
20170627,18,60,30,40,60,187,132,0,13,10049
20170627,19,70,40,40,70,185,131,0,6,10044
20170627,20,70,40,50,80,184,135,0,1,10037
20170627,21,70,40,40,90,178,143,0,0,10032
20170627,22,60,50,50,90,165,154,0,0,10025
20170627,23,70,40,40,80,165,155,0,0,10016
20170627,24,70,40,40,70,164,156,0,0,10008
20170628,1,70,30,30,60,163,155,0,0,9995
20170628,2,80,40,40,70,163,155,0,0,9987
20170628,3,90,40,40,60,164,156,0,0,9980
20170628,4,90,30,30,60,166,157,0,1,9972
20170628,5,110,30,20,50,172,161,0,15,9967
20170628,6,120,20,20,40,184,168,0,33,9963
20170628,7,140,30,30,60,189,172,0,30,9961
20170628,8,140,30,20,50,190,180,0,44,9960
20170628,9,170,20,30,50,196,185,0,53,9959
20170628,10,200,30,30,60,214,185,1,115,9956
20170628,11,200,30,40,60,217,172,1,114,9953
20170628,12,190,40,30,70,200,173,0,48,9951
20170628,13,210,30,40,60,193,177,0,34,9951
20170628,14,220,40,30,80,189,176,0,36,9949
20170628,15,220,40,40,80,181,171,0,22,9951
20170628,16,220,30,40,60,181,169,0,15,9949
20170628,17,250,30,20,80,181,167,0,24,9948
20170628,18,220,20,40,70,183,163,0,17,9950
20170628,19,240,30,30,50,181,160,0,11,9949
20170628,20,230,30,20,50,173,156,0,1,9950
20170628,21,210,20,20,40,165,153,0,0,9948
20170628,22,200,20,20,40,164,152,0,0,9949
20170628,23,220,10,10,30,152,146,0,0,9946
20170628,24,230,10,10,20,154,149,0,0,9944
20170629,1,280,10,20,30,159,147,0,0,9946
20170629,2,270,10,10,40,157,138,0,0,9945
20170629,3,190,10,10,30,155,138,0,0,9944
20170629,4,130,10,10,20,156,143,0,1,9947
20170629,5,220,20,20,30,158,138,0,8,9949
20170629,6,250,20,20,40,165,133,0,30,9950
20170629,7,200,30,30,40,175,141,0,77,9951
20170629,8,200,30,30,50,177,141,4,116,9953
20170629,9,190,30,40,70,180,140,0,84,9956
20170629,10,200,30,40,60,181,147,0,102,9960
20170629,11,190,30,40,60,176,149,0,53,9964
20170629,12,260,30,30,70,191,148,1,123,9969
20170629,13,220,30,50,80,204,138,1,163,9971
20170629,14,240,40,40,90,214,128,4,215,9974
20170629,15,210,40,40,60,203,124,1,121,9976
20170629,16,210,30,40,60,205,127,0,68,9978
20170629,17,200,30,30,70,205,124,0,65,9980
20170629,18,270,30,30,90,191,133,0,23,9985
20170629,19,270,20,10,60,184,138,0,23,9990
20170629,20,290,20,10,50,174,143,0,4,9996
20170629,21,310,10,10,30,160,142,0,0,10001
20170629,22,270,10,10,30,146,139,0,0,10005
20170629,23,0,10,0,20,139,135,0,0,10007
20170629,24,0,0,0,10,134,132,0,0,10007
20170630,1,200,10,10,10,125,124,0,0,10007
20170630,2,160,10,10,20,120,118,0,0,10006
20170630,3,150,10,10,20,117,114,0,0,10008
20170630,4,110,10,10,10,119,118,0,2,10010
20170630,5,170,10,20,20,135,133,0,13,10012
20170630,6,200,20,30,40,154,138,0,37,10016
20170630,7,220,30,30,50,165,134,0,58,10020
20170630,8,200,40,40,70,175,138,2,123,10022
20170630,9,220,40,40,70,182,139,0,134,10026
20170630,10,230,40,30,70,182,139,0,80,10029
20170630,11,240,40,40,80,191,134,0,103,10032
20170630,12,240,40,50,70,197,138,1,183,10031
20170630,13,280,50,40,100,175,132,1,110,10038
20170630,14,240,20,10,80,170,151,0,25,10040
20170630,15,270,10,10,30,178,147,0,37,10043
20170630,16,300,20,20,50,184,135,0,42,10044
20170630,17,290,30,30,60,184,136,0,60,10046
20170630,18,290,20,20,60,180,135,0,37,10049
20170630,19,280,30,30,50,174,131,0,15,10052
20170630,20,280,20,20,60,169,133,0,3,10053
20170630,21,270,30,20,50,163,128,0,0,10056
20170630,22,270,30,30,60,154,138,0,0,10058
20170630,23,240,30,30,60,149,142,0,0,10054
20170630,24,250,30,30,50,150,144,0,0,10052
20170701,1,280,30,40,70,146,138,0,0,10053
20170701,2,260,30,30,70,143,136,0,0,10049
20170701,3,290,30,20,60,142,136,0,0,10049
20170701,4,270,20,20,50,143,136,0,0,10050
20170701,5,270,20,20,50,144,141,0,3,10052
20170701,6,320,30,40,60,151,143,0,9,10056
20170701,7,300,30,30,60,150,141,0,18,10063
20170701,8,310,20,20,50,155,146,0,23,10067
20170701,9,330,30,40,80,161,146,0,26,10075
20170701,10,360,40,30,80,159,151,0,21,10084
20170701,11,360,40,30,90,159,152,0,34,10094
20170701,12,360,40,40,80,164,151,0,40,10105
20170701,13,350,40,30,70,169,151,0,45,10114
20170701,14,350,40,40,80,190,150,1,137,10120
20170701,15,350,50,50,90,197,139,1,147,10128
20170701,16,330,40,50,90,199,138,8,157,10132
20170701,17,310,40,30,90,185,130,3,101,10139
20170701,18,300,30,30,70,183,129,5,85,10142
20170701,19,300,20,20,60,175,132,0,20,10149
20170701,20,300,30,30,70,167,123,2,8,10156
20170701,21,290,20,20,60,151,130,0,0,10162
20170701,22,260,20,20,40,140,128,0,0,10163
20170701,23,240,20,20,30,148,133,0,0,10166
20170701,24,240,20,20,40,144,130,0,0,10166
20170702,1,210,20,20,30,135,123,0,0,10163
20170702,2,200,20,30,40,137,126,0,0,10160
20170702,3,210,30,30,60,151,130,0,0,10156
20170702,4,220,30,40,60,155,133,0,1,10153
20170702,5,220,30,30,60,159,142,0,6,10155
20170702,6,270,30,20,60,159,151,0,12,10160
20170702,7,280,30,20,70,156,141,0,27,10167
20170702,8,280,20,30,50,168,144,1,55,10170
20170702,9,280,30,40,60,180,138,2,127,10174
20170702,10,280,30,30,70,183,140,1,125,10180
20170702,11,310,40,40,80,172,130,0,70,10188
20170702,12,290,40,40,80,183,116,1,134,10191
20170702,13,280,50,50,100,192,107,7,255,10196
20170702,14,310,50,50,90,181,101,6,197,10200
20170702,15,310,40,40,90,175,103,6,193,10205
20170702,16,290,40,40,70,185,101,8,158,10208
20170702,17,310,40,40,80,180,92,9,139,10210
20170702,18,310,40,40,80,170,96,8,95,10213
20170702,19,300,30,30,70,160,98,10,49,10219
20170702,20,300,20,20,50,142,101,3,11,10222
20170702,21,260,10,10,30,117,100,0,0,10225
20170702,22,260,20,10,30,110,98,0,0,10228
20170702,23,230,10,10,20,97,92,0,0,10226
20170702,24,240,10,20,20,89,86,0,0,10228
20170703,1,210,10,10,20,87,83,0,0,10226
20170703,2,200,20,20,20,84,82,0,0,10224
20170703,3,200,20,10,30,89,87,0,0,10219
20170703,4,160,10,20,30,94,89,0,3,10217
20170703,5,170,20,20,30,121,103,8,29,10216
20170703,6,190,20,20,40,148,105,7,63,10214
20170703,7,210,40,50,80,170,101,10,130,10214
20170703,8,210,50,60,90,183,100,10,183,10212
20170703,9,200,60,60,100,194,110,10,236,10206
20170703,10,210,60,70,120,204,118,6,237,10202
20170703,11,230,60,60,110,205,131,2,170,10202
20170703,12,250,60,50,100,192,139,0,114,10200
20170703,13,240,50,50,90,190,143,0,111,10199
20170703,14,260,50,50,100,207,129,3,173,10196
20170703,15,250,60,60,100,211,127,6,170,10197
20170703,16,270,60,70,120,200,112,5,135,10196
20170703,17,250,60,40,120,193,134,5,94,10194
20170703,18,260,30,30,80,196,137,3,63,10195
20170703,19,270,40,30,70,184,136,8,41,10195
20170703,20,280,20,10,60,171,141,0,4,10196
20170703,21,250,20,20,40,169,142,0,0,10200
20170703,22,260,20,20,50,169,146,0,0,10200
20170703,23,250,20,20,50,169,151,0,0,10200
20170703,24,260,20,10,50,165,159,0,0,10200
20170704,1,290,10,10,30,166,160,0,0,10198
20170704,2,290,10,10,20,165,159,0,0,10199
20170704,3,330,10,10,30,156,153,0,0,10199
20170704,4,0,10,0,20,153,150,0,2,10201
20170704,5,30,10,10,20,155,145,0,14,10204
20170704,6,40,10,10,30,161,142,0,32,10208
20170704,7,40,20,20,40,172,141,6,98,10211
20170704,8,50,20,10,40,182,130,9,198,10214
20170704,9,90,20,20,40,195,128,7,209,10216
20170704,10,250,10,10,40,198,120,8,215,10214
20170704,11,990,10,10,30,210,115,9,276,10211
20170704,12,330,20,20,50,213,126,5,256,10209
20170704,13,990,20,10,50,219,129,7,250,10208
20170704,14,310,20,20,40,218,127,2,132,10204
20170704,15,320,10,20,40,224,127,6,201,10201
20170704,16,270,10,10,30,219,123,0,80,10198
20170704,17,40,20,20,40,209,124,0,22,10196
20170704,18,40,20,30,40,207,120,0,26,10195
20170704,19,40,20,20,40,201,121,5,27,10192
20170704,20,70,20,20,50,185,117,2,10,10191
20170704,21,70,20,20,30,171,112,0,0,10194
20170704,22,100,20,30,40,178,109,0,0,10191
20170704,23,120,20,10,40,157,127,0,0,10189
20170704,24,160,10,10,20,154,131,0,0,10185
20170705,1,120,10,10,20,139,129,0,0,10185
20170705,2,160,10,10,10,130,125,0,0,10183
20170705,3,0,10,0,20,124,120,0,0,10180
20170705,4,150,0,10,20,123,118,0,2,10178
20170705,5,160,10,10,10,152,130,5,25,10179
20170705,6,0,10,0,10,190,141,5,68,10180
20170705,7,990,10,10,20,207,141,10,119,10183
20170705,8,270,20,20,40,222,132,10,179,10183
20170705,9,280,20,20,40,226,136,9,224,10183
20170705,10,300,20,20,50,227,145,6,197,10183
20170705,11,990,10,10,40,236,148,2,154,10181
20170705,12,300,20,20,40,229,148,0,92,10180
20170705,13,310,20,20,40,236,153,1,133,10179
20170705,14,340,30,40,60,230,147,1,127,10180
20170705,15,310,40,30,60,232,142,4,161,10181
20170705,16,330,40,30,60,227,142,5,141,10182
20170705,17,330,30,30,60,231,127,9,139,10182
20170705,18,330,40,40,70,218,131,10,101,10183
20170705,19,330,30,30,70,206,137,10,48,10185
20170705,20,340,20,20,50,187,144,3,9,10187
20170705,21,320,20,10,30,167,144,0,0,10193
20170705,22,340,20,10,30,162,144,0,0,10194
20170705,23,350,10,20,20,140,135,0,0,10194
20170705,24,330,10,10,20,127,123,0,0,10195
20170706,1,100,10,10,20,124,124,0,0,10194
20170706,2,990,10,10,10,120,117,0,0,10193
20170706,3,0,10,0,20,115,112,0,0,10192
20170706,4,60,10,10,20,115,115,0,2,10191
20170706,5,60,10,10,20,142,136,8,28,10194
20170706,6,70,20,20,30,168,147,8,75,10191
20170706,7,100,20,20,30,186,153,7,108,10189
20170706,8,80,20,20,30,210,158,8,177,10189
20170706,9,990,20,10,40,225,139,10,237,10186
20170706,10,200,20,20,40,239,135,10,270,10182
20170706,11,180,20,30,50,246,132,9,292,10178
20170706,12,160,30,40,70,250,140,7,282,10177
20170706,13,160,30,30,60,247,142,3,210,10174
20170706,14,150,30,30,50,248,155,2,171,10164
20170706,15,170,20,20,40,258,136,3,169,10163
20170706,16,130,20,20,30,244,155,1,69,10156
20170706,17,40,20,30,40,252,165,2,58,10147
20170706,18,40,20,20,40,241,155,2,33,10143
20170706,19,100,30,40,50,208,181,0,10,10139
20170706,20,360,30,20,80,196,186,0,0,10150
20170706,21,990,20,10,40,193,188,0,0,10159
20170706,22,110,30,30,50,191,174,0,0,10150
20170706,23,990,30,10,70,183,176,0,0,10144
20170706,24,150,30,40,70,186,170,0,0,10134
20170707,1,60,20,20,60,184,174,0,0,10146
20170707,2,140,30,40,60,181,165,0,0,10131
20170707,3,170,30,30,60,182,155,0,0,10127
20170707,4,170,20,20,50,178,157,0,1,10128
20170707,5,170,20,20,40,189,167,0,20,10127
20170707,6,210,20,30,60,202,176,7,65,10129
20170707,7,230,20,20,50,211,179,9,113,10129
20170707,8,270,30,20,50,218,184,5,142,10133
20170707,9,230,20,30,50,228,188,3,158,10137
20170707,10,280,30,20,50,236,192,4,184,10139
20170707,11,240,30,30,70,252,196,4,211,10139
20170707,12,260,40,50,80,249,191,4,204,10144
20170707,13,280,50,50,100,249,181,5,224,10149
20170707,14,280,50,40,90,244,183,6,221,10153
20170707,15,280,50,60,100,237,174,8,228,10155
20170707,16,280,50,50,100,228,162,8,177,10156
20170707,17,290,40,40,90,221,164,6,111,10159
20170707,18,290,40,40,70,211,162,8,79,10161
20170707,19,300,30,20,60,202,157,10,45,10162
20170707,20,300,20,20,40,189,157,2,6,10164
20170707,21,300,10,10,30,177,159,0,0,10168
20170707,22,300,10,10,20,163,153,0,0,10168
20170707,23,240,20,10,30,157,150,0,0,10170
20170707,24,190,10,10,20,153,151,0,0,10166
20170708,1,0,0,0,10,157,155,0,0,10164
20170708,2,190,10,10,10,161,158,0,0,10161
20170708,3,0,0,0,20,162,159,0,0,10162
20170708,4,150,10,10,20,163,160,0,0,10161
20170708,5,160,10,10,20,169,164,0,6,10160
20170708,6,130,10,10,10,176,166,0,15,10162
20170708,7,40,10,10,30,186,164,0,32,10166
20170708,8,60,10,10,20,203,158,0,80,10164
20170708,9,90,10,10,20,221,140,5,192,10167
20170708,10,130,20,30,50,233,163,7,254,10168
20170708,11,340,30,20,50,233,160,4,190,10169
20170708,12,30,20,30,40,229,160,1,129,10168
20170708,13,360,40,40,70,230,164,1,138,10170
20170708,14,350,40,40,70,226,163,5,209,10171
20170708,15,350,40,50,70,214,157,1,130,10171
20170708,16,360,40,40,80,205,155,0,53,10171
20170708,17,360,40,30,80,203,152,0,68,10173
20170708,18,360,40,30,70,193,147,0,47,10175
20170708,19,330,30,30,60,185,140,3,24,10174
20170708,20,350,20,20,50,171,137,0,3,10175
20170708,21,330,20,10,50,159,136,0,0,10177
20170708,22,320,20,20,30,150,132,0,0,10178
20170708,23,290,10,10,40,132,125,0,0,10179
20170708,24,290,10,10,20,113,110,0,0,10175
20170709,1,990,10,10,30,106,106,0,0,10171
20170709,2,30,0,10,10,98,97,0,0,10165
20170709,3,990,10,10,20,95,92,0,0,10164
20170709,4,320,10,10,30,96,91,0,2,10161
20170709,5,0,10,0,30,123,118,8,31,10161
20170709,6,340,10,20,30,152,110,8,71,10158
20170709,7,330,20,20,50,159,108,10,130,10161
20170709,8,330,30,30,50,173,102,10,188,10160
20170709,9,330,20,20,60,184,96,10,237,10157
20170709,10,300,20,30,50,195,101,10,273,10154
20170709,11,310,30,20,60,209,108,9,283,10150
20170709,12,330,30,30,50,217,104,10,301,10146
20170709,13,40,20,20,60,219,109,8,279,10144
20170709,14,20,30,20,60,226,98,9,272,10141
20170709,15,350,30,40,70,225,88,9,225,10134
20170709,16,340,30,30,70,227,80,8,182,10132
20170709,17,330,30,30,60,224,80,10,138,10124
20170709,18,40,30,20,50,212,97,4,65,10120
20170709,19,40,30,20,50,199,118,8,28,10118
20170709,20,50,20,20,40,186,128,2,6,10118
20170709,21,350,20,10,30,166,138,0,0,10119
20170709,22,20,10,20,30,152,135,0,0,10115
20170709,23,40,10,10,30,141,131,0,0,10110
20170709,24,60,10,10,20,142,134,0,0,10107
20170710,1,80,10,10,30,140,129,0,0,10104
20170710,2,70,20,10,30,147,122,0,0,10099
20170710,3,50,10,10,30,150,117,0,0,10090
20170710,4,40,10,10,20,150,115,0,1,10088
20170710,5,100,10,10,20,150,123,0,7,10088
20170710,6,90,10,10,20,171,130,2,41,10082
20170710,7,0,10,0,30,187,133,0,61,10086
20170710,8,60,10,20,30,209,151,7,154,10082
20170710,9,90,20,20,50,229,157,9,235,10078
20170710,10,990,10,10,40,243,135,9,267,10080
20170710,11,340,20,20,50,243,152,4,214,10078
20170710,12,290,20,20,40,249,152,3,202,10077
20170710,13,220,30,30,70,254,119,7,273,10074
20170710,14,270,40,40,110,248,136,5,220,10073
20170710,15,270,50,40,100,231,142,1,117,10077
20170710,16,250,40,40,80,215,146,1,82,10079
20170710,17,260,40,40,70,197,157,0,39,10082
20170710,18,220,20,30,60,193,169,0,23,10081
20170710,19,220,30,30,60,190,157,0,11,10082
20170710,20,220,30,20,50,190,162,0,1,10088
20170710,21,220,20,20,50,185,163,0,0,10090
20170710,22,200,20,20,50,183,161,0,0,10089
20170710,23,240,20,30,50,178,164,0,0,10088
20170710,24,200,20,20,30,161,156,0,0,10087
20170711,1,210,20,30,40,163,150,0,0,10087
20170711,2,190,30,20,70,161,140,0,0,10085
20170711,3,200,30,30,60,158,139,0,0,10086
20170711,4,220,30,30,60,163,145,0,2,10085
20170711,5,220,30,30,60,167,149,0,14,10090
20170711,6,220,30,30,60,173,156,0,23,10092
20170711,7,240,40,40,80,186,159,3,62,10097
20170711,8,240,40,40,70,186,158,1,68,10101
20170711,9,230,40,40,80,198,141,5,161,10102
20170711,10,220,40,40,80,183,150,0,47,10105
20170711,11,240,40,50,90,188,147,0,68,10108
20170711,12,240,40,50,90,191,132,0,114,10110
20170711,13,250,40,40,90,198,131,1,142,10111
20170711,14,240,40,40,90,201,122,1,121,10113
20170711,15,250,40,30,80,201,135,1,110,10111
20170711,16,260,40,40,70,198,118,0,92,10109
20170711,17,240,20,20,60,195,129,0,47,10107
20170711,18,230,20,20,60,184,146,0,15,10110
20170711,19,170,20,20,40,176,154,0,8,10109
20170711,20,260,20,20,80,157,141,0,1,10110
20170711,21,200,10,20,40,155,142,0,0,10109
20170711,22,200,20,20,40,158,148,0,0,10108
20170711,23,190,20,20,40,160,152,0,0,10104
20170711,24,210,20,20,50,157,148,0,0,10099
20170712,1,210,20,20,40,152,146,0,0,10092
20170712,2,180,20,20,30,154,149,0,0,10086
20170712,3,180,20,30,50,152,146,0,0,10080
20170712,4,160,30,30,50,147,143,0,0,10074
20170712,5,130,20,20,50,148,145,0,3,10068
20170712,6,110,20,30,40,149,145,0,5,10066
20170712,7,100,20,20,40,150,146,0,6,10062
20170712,8,40,20,20,40,151,148,0,10,10058
20170712,9,20,30,20,50,153,150,0,14,10062
20170712,10,360,40,50,80,155,149,0,35,10072
20170712,11,10,50,50,90,157,144,0,39,10085
20170712,12,10,50,50,100,157,141,0,69,10098
20170712,13,360,60,50,110,168,132,2,139,10118
20170712,14,360,60,60,120,163,121,1,95,10137
20170712,15,350,60,70,120,179,98,5,174,10153
20170712,16,350,60,60,120,173,90,7,177,10166
20170712,17,350,60,60,110,175,80,10,185,10179
20170712,18,340,50,40,100,169,75,8,93,10190
20170712,19,330,30,30,80,156,86,8,37,10198
20170712,20,330,30,30,60,140,92,0,4,10206
20170712,21,310,20,20,50,127,91,0,0,10214
20170712,22,310,20,20,30,105,96,0,0,10218
20170712,23,290,20,20,30,102,94,0,0,10223
20170712,24,270,10,10,20,90,87,0,0,10225
20170713,1,0,10,0,20,84,82,0,0,10227
20170713,2,280,10,10,20,77,76,0,0,10229
20170713,3,990,10,10,20,77,77,0,0,10231
20170713,4,0,10,0,10,78,75,0,3,10233
20170713,5,150,10,10,10,106,101,8,29,10235
20170713,6,180,0,10,10,143,123,6,65,10235
20170713,7,30,10,10,20,160,106,8,124,10237
20170713,8,990,10,10,30,165,98,8,158,10238
20170713,9,80,10,10,20,167,91,1,103,10238
20170713,10,220,10,20,30,169,99,7,217,10235
20170713,11,60,10,10,30,175,91,0,82,10232
20170713,12,90,10,10,30,185,96,1,164,10227
20170713,13,140,20,20,30,188,92,1,165,10224
20170713,14,110,10,20,40,191,96,2,154,10220
20170713,15,110,20,20,40,196,94,5,194,10214
20170713,16,200,20,30,40,201,82,4,135,10210
20170713,17,230,10,10,20,189,87,3,100,10204
20170713,18,140,10,20,20,182,106,0,40,10200
20170713,19,150,10,20,20,172,109,7,26,10196
20170713,20,0,10,0,20,148,115,0,4,10193
20170713,21,90,10,10,20,132,118,0,0,10192
20170713,22,0,10,0,10,119,113,0,0,10188
20170713,23,0,10,0,10,105,102,0,0,10188
20170713,24,0,0,0,10,103,98,0,0,10183
20170714,1,0,10,0,10,95,90,0,0,10179
20170714,2,0,0,0,10,87,85,0,0,10175
20170714,3,140,10,10,20,83,82,0,0,10172
20170714,4,150,10,10,10,82,82,0,1,10170
20170714,5,210,10,10,10,105,100,3,19,10168
20170714,6,170,10,10,20,135,126,0,35,10164
20170714,7,0,10,0,10,148,132,0,25,10166
20170714,8,210,20,20,60,155,133,1,51,10164
20170714,9,210,30,30,50,157,141,0,52,10163
20170714,10,200,20,30,50,161,146,0,44,10160
20170714,11,190,40,50,80,153,141,1,62,10155
20170714,12,310,40,30,90,159,145,3,96,10157
20170714,13,310,50,40,110,158,139,2,149,10163
20170714,14,320,50,60,110,176,112,4,191,10167
20170714,15,310,60,50,120,180,102,8,221,10171
20170714,16,310,60,70,110,178,100,10,216,10172
20170714,17,310,50,50,110,168,97,7,105,10178
20170714,18,300,50,40,100,172,100,8,81,10181
20170714,19,290,40,40,100,160,100,10,41,10185
20170714,20,280,40,30,70,150,98,3,7,10188
20170714,21,280,30,20,60,140,102,0,0,10193
20170714,22,270,20,30,50,137,98,0,0,10196
20170714,23,270,20,20,50,134,98,0,0,10198
20170714,24,280,20,20,40,130,97,0,0,10201
20170715,1,280,20,20,40,128,99,0,0,10203
20170715,2,280,20,20,40,129,102,0,0,10204
20170715,3,270,20,20,40,127,103,0,0,10205
20170715,4,270,20,20,30,110,102,0,1,10211
20170715,5,240,20,10,30,124,112,0,12,10215
20170715,6,230,10,20,20,128,113,0,21,10217
20170715,7,270,10,20,30,167,119,7,103,10220
20170715,8,280,20,20,40,185,133,7,158,10223
20170715,9,250,30,30,60,188,119,9,215,10224
20170715,10,260,20,20,70,188,120,3,134,10225
20170715,11,200,30,40,60,198,122,4,181,10224
20170715,12,210,30,30,60,203,129,3,191,10224
20170715,13,250,30,30,70,194,125,0,57,10224
20170715,14,270,20,20,60,206,117,1,96,10223
20170715,15,250,30,40,70,210,115,2,147,10222
20170715,16,230,40,40,80,206,116,2,121,10220
20170715,17,220,30,30,60,203,115,0,67,10217
20170715,18,190,20,20,50,199,122,0,35,10218
20170715,19,220,20,10,30,189,138,0,10,10219
20170715,20,270,20,30,60,178,141,0,1,10222
20170715,21,250,30,20,50,170,147,0,0,10223
20170715,22,230,20,20,50,169,140,0,0,10222
20170715,23,230,30,50,80,167,120,0,0,10223
20170715,24,210,30,30,60,163,123,0,0,10221
20170716,1,220,30,30,60,162,132,0,0,10219
20170716,2,200,30,40,60,162,129,0,0,10217
20170716,3,200,30,30,50,161,132,0,0,10214
20170716,4,200,30,30,60,161,135,0,0,10214
20170716,5,200,30,30,50,163,139,0,4,10216
20170716,6,210,30,20,50,165,148,0,11,10216
20170716,7,210,30,30,50,170,159,0,28,10219
20170716,8,220,30,30,60,180,163,0,49,10221
20170716,9,220,30,40,50,189,169,0,50,10221
20170716,10,240,30,30,50,205,177,0,75,10221
20170716,11,250,40,40,70,214,172,2,186,10219
20170716,12,260,30,20,70,215,174,0,98,10219
20170716,13,290,40,40,70,219,174,0,111,10222
20170716,14,300,40,40,90,205,166,1,95,10225
20170716,15,290,40,40,80,208,166,1,108,10226
20170716,16,290,30,30,70,201,168,0,32,10226
20170716,17,300,30,20,50,204,168,0,44,10222
20170716,18,320,20,20,50,200,167,0,28,10222
20170716,19,330,20,20,40,193,169,0,11,10222
20170716,20,310,20,10,30,189,169,0,1,10223
20170716,21,350,10,20,40,183,172,0,0,10223
20170716,22,360,20,10,50,174,170,0,0,10225
20170716,23,10,10,10,30,173,167,0,0,10224
20170716,24,350,10,10,20,172,169,0,0,10222
20170717,1,360,20,20,30,172,165,0,0,10222
20170717,2,360,20,20,30,169,160,0,0,10224
20170717,3,360,20,20,40,159,150,0,0,10225
20170717,4,350,20,10,30,150,146,0,1,10225
20170717,5,360,20,20,40,155,144,5,19,10229
20170717,6,30,10,20,30,169,142,3,57,10233
20170717,7,40,20,20,40,178,147,10,126,10236
20170717,8,50,20,20,40,187,132,10,179,10237
20170717,9,40,20,20,50,194,102,10,235,10238
20170717,10,40,20,20,50,207,113,10,280,10237
20170717,11,330,20,20,50,210,115,10,301,10235
20170717,12,300,30,20,60,219,125,10,314,10235
20170717,13,300,30,30,60,220,109,10,325,10232
20170717,14,10,30,30,60,222,121,8,272,10230
20170717,15,60,30,30,50,228,107,10,285,10229
20170717,16,50,20,20,60,226,105,9,194,10227
20170717,17,40,20,30,60,221,122,10,151,10225
20170717,18,50,30,30,50,211,122,10,83,10224
20170717,19,30,30,30,60,197,120,7,28,10225
20170717,20,40,30,20,50,180,123,2,9,10228
20170717,21,50,20,20,40,163,126,0,0,10230
20170717,22,50,20,20,30,147,121,0,0,10228
20170717,23,50,20,20,30,139,116,0,0,10228
20170717,24,70,20,10,40,130,117,0,0,10227
20170718,1,60,20,20,30,127,110,0,0,10226
20170718,2,60,10,10,30,122,111,0,0,10223
20170718,3,80,10,10,20,128,115,0,0,10221
20170718,4,80,20,20,30,125,112,0,0,10219
20170718,5,80,20,20,40,144,115,3,18,10218
20170718,6,90,30,30,60,161,120,9,63,10216
20170718,7,90,30,40,60,180,125,10,121,10215
20170718,8,70,30,30,50,200,135,10,178,10212
20170718,9,70,30,40,60,213,134,9,222,10210
20170718,10,90,40,50,70,224,140,10,277,10207
20170718,11,70,40,40,70,230,137,9,280,10200
20170718,12,60,40,40,80,238,138,8,289,10192
20170718,13,70,50,50,80,245,141,10,306,10185
20170718,14,80,40,50,90,240,135,5,217,10179
20170718,15,80,50,50,90,242,141,2,154,10172
20170718,16,80,50,50,80,249,137,10,221,10166
20170718,17,80,50,60,80,246,136,10,152,10163
20170718,18,70,50,50,80,238,133,8,84,10161
20170718,19,70,40,40,70,231,138,8,35,10155
20170718,20,70,40,30,60,212,141,2,6,10152
20170718,21,70,30,40,60,202,140,0,0,10149
20170718,22,70,40,40,60,196,140,0,0,10144
20170718,23,80,40,50,80,195,139,0,0,10141
20170718,24,80,40,40,80,192,137,0,0,10135
20170719,1,80,40,40,70,187,137,0,0,10128
20170719,2,80,40,40,70,184,137,0,0,10122
20170719,3,90,40,40,70,181,138,0,0,10112
20170719,4,90,40,40,70,182,140,0,1,10109
20170719,5,90,30,40,80,192,147,2,18,10104
20170719,6,90,40,50,70,197,152,0,46,10098
20170719,7,120,40,40,70,219,162,4,86,10094
20170719,8,130,40,40,80,242,175,7,146,10088
20170719,9,140,40,50,90,258,180,6,190,10081
20170719,10,160,50,40,100,270,195,8,245,10087
20170719,11,170,50,50,80,277,193,3,196,10084
20170719,12,160,30,30,80,268,202,1,70,10075
20170719,13,180,40,40,80,291,197,3,198,10078
20170719,14,190,70,50,140,279,148,2,173,10079
20170719,15,190,60,60,100,279,155,3,166,10077
20170719,16,200,50,60,90,275,164,9,179,10073
20170719,17,170,40,30,70,278,181,10,155,10070
20170719,18,190,40,40,70,272,179,10,79,10071
20170719,19,320,30,30,60,236,183,3,21,10075
20170719,20,0,10,0,50,221,186,2,3,10085
20170719,21,220,10,20,30,217,179,0,0,10087
20170719,22,260,20,20,50,220,166,0,0,10081
20170719,23,220,20,20,30,215,170,0,0,10083
20170719,24,190,10,10,30,207,178,0,0,10082
20170720,1,190,10,20,20,194,182,0,0,10076
20170720,2,180,20,40,60,190,181,0,0,10075
20170720,3,990,30,10,60,186,182,0,0,10069
20170720,4,200,10,20,30,183,179,0,0,10069
20170720,5,180,20,20,40,187,181,0,10,10069
20170720,6,170,30,30,50,189,179,0,31,10071
20170720,7,170,30,30,50,191,176,0,26,10076
20170720,8,210,30,20,60,194,179,0,28,10075
20170720,9,220,20,20,50,205,189,1,65,10073
20170720,10,220,30,30,70,216,188,3,158,10076
20170720,11,200,40,40,70,229,180,9,284,10071
20170720,12,230,40,80,170,184,177,4,150,10069
20170720,13,220,40,30,80,213,180,0,112,10076
20170720,14,220,40,40,70,234,167,4,191,10074
20170720,15,230,50,40,100,236,160,5,163,10073
20170720,16,240,60,60,130,219,151,2,94,10080
20170720,17,250,60,50,150,184,158,0,30,10092
20170720,18,240,40,40,90,193,153,0,33,10100
20170720,19,250,50,40,100,185,144,0,18,10107
20170720,20,270,40,30,100,170,141,0,1,10117
20170720,21,270,30,30,60,164,126,0,0,10125
20170720,22,230,20,20,50,149,125,0,0,10130
20170720,23,160,10,10,20,142,132,0,0,10131
20170720,24,200,20,30,40,155,124,0,0,10134
20170721,1,190,30,30,50,147,116,0,0,10133
20170721,2,190,20,20,50,138,111,0,0,10133
20170721,3,210,30,30,50,137,111,0,0,10134
20170721,4,190,30,20,50,133,108,0,0,10137
20170721,5,190,20,20,40,135,110,3,16,10141
20170721,6,200,20,20,40,145,113,1,50,10141
20170721,7,180,20,20,40,159,124,8,110,10145
20170721,8,190,30,30,50,173,129,10,172,10145
20170721,9,180,30,30,50,182,118,10,229,10145
20170721,10,170,30,20,60,191,95,8,237,10145
20170721,11,190,30,30,70,199,101,9,287,10144
20170721,12,140,30,30,60,204,83,10,311,10139
20170721,13,170,30,30,60,209,101,10,308,10136
20170721,14,140,30,30,60,215,92,10,290,10132
20170721,15,150,30,30,60,217,94,10,251,10126
20170721,16,130,20,20,50,221,101,10,201,10123
20170721,17,110,20,20,50,221,96,10,144,10115
20170721,18,80,30,40,60,214,104,10,89,10112
20170721,19,60,30,30,50,209,103,10,45,10110
20170721,20,60,30,30,50,189,109,2,6,10108
20170721,21,70,40,50,70,190,108,0,0,10104
20170721,22,80,50,50,80,188,105,0,0,10101
20170721,23,90,40,40,80,180,107,0,0,10101
20170721,24,100,30,20,50,172,111,0,0,10100
20170722,1,110,30,30,50,171,115,0,0,10097
20170722,2,130,20,20,40,152,124,0,0,10097
20170722,3,150,20,20,40,163,126,0,0,10096
20170722,4,150,20,20,30,159,130,0,0,10097
20170722,5,130,10,10,30,153,138,0,6,10101
20170722,6,150,10,20,20,186,141,7,55,10102
20170722,7,150,20,20,30,206,140,10,114,10104
20170722,8,160,20,20,50,212,147,4,114,10104
20170722,9,170,40,40,70,227,151,8,195,10109
20170722,10,180,40,60,90,230,145,10,261,10109
20170722,11,200,50,50,80,239,136,9,269,10109
20170722,12,220,50,50,90,236,128,10,278,10112
20170722,13,210,40,30,70,238,133,3,192,10111
20170722,14,210,30,20,50,236,136,0,125,10109
20170722,15,250,40,50,100,213,150,1,111,10111
20170722,16,320,30,10,90,210,158,1,74,10112
20170722,17,110,10,10,20,203,167,0,34,10111
20170722,18,210,20,20,50,185,163,0,9,10115
20170722,19,130,20,20,30,187,172,10,44,10109
20170722,20,150,10,10,20,181,174,2,7,10112
20170722,21,190,20,20,40,178,164,0,0,10115
20170722,22,170,20,20,40,172,159,0,0,10114
20170722,23,160,20,20,40,164,155,0,0,10115
20170722,24,160,10,10,30,149,147,0,0,10107
20170723,1,210,10,10,20,150,147,0,0,10104
20170723,2,990,10,10,20,149,146,0,0,10107
20170723,3,240,10,10,20,137,134,0,0,10109
20170723,4,220,20,20,30,139,134,0,0,10110
20170723,5,200,20,30,50,147,139,3,13,10113
20170723,6,210,40,40,60,148,125,3,45,10117
20170723,7,200,40,40,70,163,127,6,99,10116
20170723,8,210,40,40,90,171,132,9,159,10115
20170723,9,200,50,70,110,173,126,8,185,10116
20170723,10,210,50,50,100,172,127,1,112,10117
20170723,11,190,50,40,120,181,147,3,156,10118
20170723,12,200,60,60,110,188,128,3,187,10118
20170723,13,230,60,60,130,165,126,2,91,10120
20170723,14,260,30,20,100,164,139,1,70,10125
20170723,15,180,20,20,40,171,144,2,85,10123
20170723,16,190,40,40,70,178,147,2,92,10120
20170723,17,220,30,20,60,191,136,4,82,10116
20170723,18,200,30,30,50,177,134,0,38,10115
20170723,19,200,40,40,70,168,135,0,14,10115
20170723,20,190,40,20,120,140,127,0,1,10119
20170723,21,170,20,20,30,143,138,0,0,10118
20170723,22,180,30,30,60,143,132,0,0,10116
20170723,23,180,20,20,40,140,132,0,0,10112
20170723,24,150,20,10,40,137,134,0,0,10105
20170724,1,150,10,10,20,137,133,0,0,10101
20170724,2,120,10,10,20,135,131,0,0,10097
20170724,3,210,10,20,40,133,129,0,0,10090
20170724,4,220,20,20,30,127,123,0,0,10090
20170724,5,220,10,10,20,124,121,0,8,10088
20170724,6,220,20,20,30,148,132,6,59,10085
20170724,7,230,20,20,50,161,136,9,123,10084
20170724,8,240,20,20,50,167,128,4,129,10086
20170724,9,250,40,30,70,165,116,7,180,10088
20170724,10,350,40,50,80,152,114,5,166,10092
20170724,11,340,30,20,60,153,130,0,56,10095
20170724,12,340,30,40,60,187,163,6,251,10089
20170724,13,320,50,60,80,183,123,8,291,10093
20170724,14,320,30,40,60,187,129,8,283,10094
20170724,15,300,30,30,60,196,128,10,259,10094
20170724,16,350,30,40,60,187,111,6,132,10095
20170724,17,340,40,40,70,194,110,10,143,10098
20170724,18,360,40,40,70,181,122,2,49,10103
20170724,19,20,30,20,60,174,129,3,20,10108
20170724,20,360,20,20,50,167,129,0,3,10113
20170724,21,350,20,20,40,156,127,0,0,10117
20170724,22,360,20,20,50,148,137,0,0,10121
20170724,23,330,10,20,40,144,140,0,0,10119
20170724,24,310,20,20,40,149,140,0,0,10120
20170725,1,330,20,10,40,147,141,0,0,10120
20170725,2,300,10,10,20,143,138,0,0,10119
20170725,3,280,20,20,40,144,136,0,0,10116
20170725,4,300,20,20,30,141,134,0,0,10114
20170725,5,310,20,20,30,143,137,0,5,10112
20170725,6,330,20,30,50,164,144,3,52,10110
20170725,7,350,40,50,80,180,139,10,121,10112
20170725,8,330,40,40,100,173,146,7,98,10111
20170725,9,330,50,50,100,185,134,8,176,10111
20170725,10,320,50,50,90,189,132,3,133,10108
20170725,11,310,50,50,100,198,130,3,171,10106
20170725,12,320,60,50,110,188,132,3,160,10103
20170725,13,320,50,50,100,189,136,0,85,10103
20170725,14,330,50,50,100,193,137,1,114,10099
20170725,15,320,50,50,100,175,136,0,48,10101
20170725,16,310,40,40,100,163,150,0,21,10104
20170725,17,310,40,30,90,162,155,0,18,10103
20170725,18,330,30,40,70,167,159,0,9,10103
20170725,19,320,30,20,70,169,161,2,11,10104
20170725,20,360,30,20,60,167,160,0,7,10107
20170725,21,330,20,30,50,163,152,0,0,10105
20170725,22,320,20,20,50,159,149,0,0,10106
20170725,23,320,20,20,40,154,147,0,0,10105
20170725,24,320,20,20,40,151,144,0,0,10106
20170726,1,330,20,20,40,146,141,0,0,10105
20170726,2,300,10,20,30,147,142,0,0,10105
20170726,3,290,20,20,40,152,146,0,0,10105
20170726,4,300,20,20,30,149,142,0,0,10104
20170726,5,280,20,20,30,152,144,2,13,10102
20170726,6,290,20,20,30,169,149,10,60,10099
20170726,7,310,20,20,40,178,147,7,94,10100
20170726,8,320,20,30,50,191,147,9,151,10104
20170726,9,270,30,30,60,190,140,8,172,10101
20170726,10,260,30,30,70,202,132,8,215,10101
20170726,11,250,30,40,70,206,134,9,276,10097
20170726,12,240,30,30,60,220,133,9,276,10094
20170726,13,210,30,50,70,225,129,9,286,10092
20170726,14,230,40,40,70,226,136,6,222,10090
20170726,15,230,30,30,70,225,133,5,190,10085
20170726,16,200,30,40,60,221,135,6,141,10080
20170726,17,170,30,20,60,221,142,5,89,10074
20170726,18,160,30,30,50,214,146,0,31,10069
20170726,19,180,30,30,50,211,144,0,5,10065
20170726,20,240,40,40,110,190,159,0,0,10072
20170726,21,200,40,30,80,180,167,0,0,10072
20170726,22,180,40,40,60,182,165,0,0,10066
20170726,23,200,40,50,80,185,165,0,0,10061
20170726,24,220,50,50,100,182,173,0,0,10058
20170727,1,230,50,50,90,185,168,0,0,10056
20170727,2,230,40,40,80,183,163,0,0,10054
20170727,3,230,40,40,80,179,160,0,0,10053
20170727,4,230,30,30,60,175,159,0,0,10051
20170727,5,240,30,20,60,174,155,0,4,10056
20170727,6,270,30,40,70,172,133,0,22,10061
20170727,7,250,40,30,80,178,132,6,85,10065
20170727,8,240,40,30,80,186,136,3,95,10068
20170727,9,260,40,40,80,184,124,0,93,10070
20170727,10,240,40,40,90,192,129,3,159,10071
20170727,11,280,50,40,90,194,124,4,194,10071
20170727,12,260,30,40,90,197,117,1,142,10067
20170727,13,230,40,50,80,198,124,0,146,10068
20170727,14,250,60,60,110,206,110,5,218,10065
20170727,15,260,50,40,100,202,108,4,172,10069
20170727,16,260,50,50,100,206,96,8,173,10068
20170727,17,260,40,40,110,202,105,6,94,10065
20170727,18,260,40,30,90,195,106,7,64,10066
20170727,19,260,40,30,80,183,106,0,14,10069
20170727,20,250,30,30,70,179,110,0,1,10071
20170727,21,240,30,20,60,171,113,0,0,10072
20170727,22,230,40,50,90,170,119,0,0,10072
20170727,23,230,50,50,90,169,120,0,0,10073
20170727,24,220,40,40,80,162,119,0,0,10074
20170728,1,220,40,40,80,157,122,0,0,10073
20170728,2,220,40,50,80,152,126,0,0,10073
20170728,3,220,50,40,70,152,130,0,0,10076
20170728,4,220,40,50,90,150,131,0,0,10076
20170728,5,220,40,40,90,152,135,2,11,10080
20170728,6,210,50,50,90,159,137,0,38,10084
20170728,7,220,50,50,100,169,138,1,59,10087
20170728,8,220,60,50,100,179,138,1,91,10093
20170728,9,220,70,80,120,170,135,2,110,10095
20170728,10,230,60,50,130,171,139,1,91,10100
20170728,11,230,60,70,130,191,121,3,196,10103
20170728,12,240,60,70,130,202,116,5,193,10106
20170728,13,240,70,50,140,187,142,6,200,10110
20170728,14,250,60,80,140,173,125,0,90,10115
20170728,15,250,60,60,120,189,134,1,109,10117
20170728,16,240,60,70,120,208,124,8,168,10114
20170728,17,240,60,70,120,201,134,4,94,10114
20170728,18,240,50,50,110,193,133,0,32,10115
20170728,19,220,60,60,110,170,142,0,7,10119
20170728,20,220,50,40,110,159,136,0,1,10121
20170728,21,190,40,30,80,159,135,0,0,10118
20170728,22,180,30,30,50,161,136,0,0,10115
20170728,23,170,30,30,60,164,138,0,0,10107
20170728,24,190,50,50,100,164,141,0,0,10101
20170729,1,180,40,40,70,162,144,0,0,10097
20170729,2,200,40,50,100,176,137,0,0,10088
20170729,3,200,50,40,90,174,138,0,0,10084
20170729,4,200,50,50,90,175,138,0,0,10081
20170729,5,220,50,60,90,181,137,0,4,10084
20170729,6,220,50,60,100,185,139,0,13,10087
20170729,7,230,60,70,110,186,147,0,29,10092
20170729,8,220,70,80,140,186,153,0,54,10096
20170729,9,220,60,50,130,180,167,1,67,10102
20170729,10,230,50,70,120,193,164,3,125,10107
20170729,11,230,60,60,110,200,166,3,103,10109
20170729,12,220,60,50,100,193,166,0,125,10112
20170729,13,230,50,50,100,189,168,0,88,10112
20170729,14,250,40,40,80,185,170,1,57,10112
20170729,15,260,30,20,60,190,169,0,61,10110
20170729,16,220,20,10,40,190,176,1,56,10105
20170729,17,100,10,10,20,189,178,0,17,10100
20170729,18,60,10,10,20,188,182,0,5,10094
20170729,19,50,20,20,40,184,181,0,4,10087
20170729,20,340,30,10,80,175,170,0,0,10091
20170729,21,50,20,10,30,173,170,0,0,10079
20170729,22,990,20,10,50,174,170,0,0,10081
20170729,23,90,20,10,30,168,163,0,0,10075
20170729,24,110,20,20,30,169,164,0,0,10068
20170730,1,140,10,10,20,164,161,0,0,10061
20170730,2,150,20,30,40,165,160,0,0,10053
20170730,3,140,30,20,40,165,162,0,0,10042
20170730,4,160,20,30,50,171,164,0,0,10038
20170730,5,210,40,50,70,187,166,0,8,10035
20170730,6,200,50,50,100,198,164,7,56,10037
20170730,7,210,60,60,110,210,164,10,116,10039
20170730,8,200,60,70,130,204,163,1,60,10042
20170730,9,210,70,70,130,220,162,6,148,10043
20170730,10,240,70,70,130,216,150,5,149,10048
20170730,11,230,50,40,110,218,157,1,115,10052
20170730,12,240,60,60,120,196,174,5,149,10061
20170730,13,250,60,60,130,214,158,9,244,10072
20170730,14,260,60,60,130,209,143,7,207,10080
20170730,15,260,50,50,110,204,138,4,149,10091
20170730,16,250,50,50,100,203,133,3,107,10095
20170730,17,260,50,40,90,207,119,10,146,10094
20170730,18,240,40,40,90,200,121,10,80,10096
20170730,19,250,30,30,70,188,123,7,25,10101
20170730,20,240,30,20,60,172,111,0,2,10107
20170730,21,240,20,20,60,167,102,0,0,10110
20170730,22,210,20,20,40,155,108,0,0,10112
20170730,23,210,20,20,40,140,112,0,0,10114
20170730,24,180,20,20,40,133,114,0,0,10114
20170731,1,200,20,20,50,142,113,0,0,10114
20170731,2,200,20,10,40,130,110,0,0,10115
20170731,3,210,20,20,40,154,112,0,0,10114
20170731,4,230,30,30,50,155,114,0,0,10115
20170731,5,200,20,30,50,155,117,2,8,10121
20170731,6,200,20,20,40,158,124,0,19,10122
20170731,7,220,20,20,40,165,126,1,41,10126
20170731,8,210,20,30,50,182,133,3,93,10130
20170731,9,200,50,50,90,199,131,10,221,10132
20170731,10,240,50,40,80,207,122,8,223,10132
20170731,11,240,40,40,90,201,124,5,188,10141
20170731,12,220,40,40,80,214,130,5,218,10137
20170731,13,200,50,50,90,217,131,7,235,10139
20170731,14,220,40,40,90,215,125,5,180,10136
20170731,15,200,40,40,80,218,127,4,139,10132
20170731,16,200,40,30,80,220,132,5,122,10134
20170731,17,200,30,20,50,218,136,7,98,10132
20170731,18,330,20,30,50,202,143,2,30,10135
20170731,19,340,20,10,40,190,150,0,11,10137
20170731,20,330,20,20,30,180,146,0,1,10137
20170731,21,350,10,20,30,166,150,0,0,10144
20170731,22,70,10,10,20,154,147,0,0,10146
20170731,23,320,10,10,10,150,146,0,0,10145
20170731,24,360,10,10,10,153,148,0,0,10142
20170801,1,60,10,10,10,149,145,0,0,10139
20170801,2,0,10,0,20,152,148,0,0,10142
20170801,3,0,0,0,10,140,137,0,0,10138
20170801,4,100,0,10,10,127,125,0,0,10136
20170801,5,290,10,20,30,136,131,0,7,10136
20170801,6,0,10,0,30,174,152,3,45,10141
20170801,7,260,10,10,20,181,145,0,56,10150
20170801,8,270,10,10,30,183,140,0,50,10151
20170801,9,260,20,20,30,190,130,0,70,10152
20170801,10,270,20,20,50,202,121,3,177,10153
20170801,11,220,20,20,40,203,118,0,133,10155
20170801,12,220,20,20,40,202,116,0,103,10156
20170801,13,990,20,10,30,222,127,2,171,10155
20170801,14,250,20,20,30,224,93,2,152,10154
20170801,15,260,20,20,50,220,97,4,169,10153
20170801,16,220,20,20,40,217,117,1,101,10154
20170801,17,250,20,20,50,219,115,7,119,10155
20170801,18,210,20,20,40,206,127,2,42,10154
20170801,19,260,20,20,40,197,138,2,13,10159
20170801,20,250,10,10,30,166,142,0,1,10165
20170801,21,150,10,10,20,146,138,0,0,10165
20170801,22,170,10,10,10,144,139,0,0,10168
20170801,23,170,10,10,20,140,136,0,0,10165
20170801,24,180,10,10,30,139,133,0,0,10163
20170802,1,0,10,0,20,138,135,0,0,10165
20170802,2,160,10,10,20,147,138,0,0,10162
20170802,3,150,10,20,20,146,137,0,0,10159
20170802,4,140,20,10,30,152,137,0,0,10158
20170802,5,180,10,10,20,154,141,0,5,10159
20170802,6,210,20,20,40,170,141,0,24,10164
20170802,7,230,20,20,50,178,139,0,36,10164
20170802,8,240,30,40,60,185,130,0,77,10168
20170802,9,240,40,40,70,192,130,1,130,10172
20170802,10,230,30,30,80,200,133,1,148,10172
20170802,11,200,40,40,60,207,124,3,191,10175
20170802,12,210,40,40,70,211,112,2,194,10170
20170802,13,200,30,30,60,216,104,1,173,10162
20170802,14,180,40,40,60,214,108,0,133,10161
20170802,15,180,40,50,80,216,122,0,87,10152
20170802,16,210,40,50,100,206,114,0,53,10151
20170802,17,210,70,40,120,166,135,0,18,10157
20170802,18,200,30,20,70,156,141,0,11,10152
20170802,19,990,10,10,40,154,147,0,6,10147
20170802,20,150,20,20,40,154,145,0,0,10140
20170802,21,140,20,20,40,155,146,0,0,10141
20170802,22,160,20,30,40,162,153,0,0,10136
20170802,23,180,30,30,60,167,156,0,0,10129
20170802,24,180,20,20,50,168,156,0,0,10121
20170803,1,160,30,30,60,167,157,0,0,10113
20170803,2,170,30,40,70,168,157,0,0,10104
20170803,3,180,40,40,70,171,153,0,0,10092
20170803,4,170,30,20,60,168,153,0,0,10087
20170803,5,170,20,20,40,167,155,0,3,10082
20170803,6,200,30,40,70,184,162,0,18,10081
20170803,7,210,40,50,90,197,161,5,69,10076
20170803,8,210,50,60,100,194,165,0,53,10075
20170803,9,210,50,60,100,187,172,0,48,10077
20170803,10,230,60,50,120,172,149,0,49,10083
20170803,11,230,70,70,130,200,135,6,206,10084
20170803,12,240,80,90,150,212,127,7,231,10086
20170803,13,240,70,80,150,218,118,8,225,10088
20170803,14,240,90,90,180,224,119,10,266,10088
20170803,15,250,80,80,160,210,126,4,146,10092
20170803,16,240,70,80,140,217,126,5,133,10090
20170803,17,240,80,70,150,212,138,10,112,10094
20170803,18,230,80,90,170,200,102,5,60,10097
20170803,19,240,90,70,180,195,109,3,15,10100
20170803,20,230,80,100,190,192,110,0,1,10101
20170803,21,240,80,90,170,185,112,0,0,10100
20170803,22,240,70,70,150,177,118,0,0,10100
20170803,23,230,50,40,120,171,122,0,0,10098
20170803,24,220,40,50,90,166,124,0,0,10095
20170804,1,220,40,50,90,166,127,0,0,10093
20170804,2,220,50,50,100,162,126,0,0,10093
20170804,3,220,40,40,90,157,126,0,0,10089
20170804,4,220,50,50,100,163,129,0,0,10090
20170804,5,220,60,60,100,166,132,0,2,10091
20170804,6,220,60,60,100,159,139,0,9,10093
20170804,7,220,50,40,90,165,146,0,30,10095
20170804,8,230,60,70,120,171,145,2,94,10096
20170804,9,230,60,60,110,191,141,7,171,10099
20170804,10,230,70,70,120,201,136,9,233,10101
20170804,11,250,70,60,140,198,111,8,203,10109
20170804,12,250,60,60,130,208,116,8,260,10112
20170804,13,260,60,70,130,201,118,3,120,10116
20170804,14,270,60,70,120,205,116,8,204,10119
20170804,15,260,60,60,120,214,117,10,219,10121
20170804,16,250,60,60,120,211,117,10,190,10124
20170804,17,240,50,50,100,209,122,10,128,10125
20170804,18,240,40,40,90,207,125,6,60,10127
20170804,19,250,40,30,80,190,121,8,24,10128
20170804,20,240,40,40,80,176,128,0,1,10133
20170804,21,230,30,30,70,171,132,0,0,10135
20170804,22,230,40,40,60,168,126,0,0,10132
20170804,23,230,30,30,60,164,129,0,0,10132
20170804,24,230,30,20,60,157,130,0,0,10129
20170805,1,230,30,30,50,157,134,0,0,10126
20170805,2,230,20,20,40,154,135,0,0,10126
20170805,3,200,20,20,40,150,132,0,0,10127
20170805,4,200,20,20,40,148,129,0,0,10123
20170805,5,140,20,10,40,144,129,0,2,10123
20170805,6,200,10,20,30,154,133,0,17,10126
20170805,7,230,20,20,40,163,137,0,38,10129
20170805,8,210,20,20,40,164,141,0,33,10130
20170805,9,290,20,20,30,181,146,2,125,10132
20170805,10,340,20,30,50,170,144,0,58,10136
20170805,11,340,20,10,50,178,135,0,108,10141
20170805,12,320,20,30,60,191,111,4,190,10141
20170805,13,300,30,40,70,193,112,0,121,10146
20170805,14,300,40,40,80,198,109,3,186,10152
20170805,15,290,40,40,80,202,95,9,227,10156
20170805,16,300,40,40,80,192,96,6,147,10161
20170805,17,290,40,30,70,184,109,0,64,10168
20170805,18,300,30,20,70,175,104,0,40,10173
20170805,19,300,40,50,120,131,110,0,4,10184
20170805,20,240,10,10,90,126,117,0,0,10187
20170805,21,230,10,10,20,119,115,0,0,10187
20170805,22,240,20,20,30,123,117,0,0,10191
20170805,23,230,20,20,40,123,115,0,0,10194
20170805,24,220,20,20,40,106,104,0,0,10197
20170806,1,230,20,20,30,103,98,0,0,10200
20170806,2,200,20,20,30,94,93,0,0,10202
20170806,3,210,10,10,20,95,92,0,0,10202
20170806,4,220,20,20,30,106,101,0,0,10205
20170806,5,210,20,20,20,105,102,3,8,10210
20170806,6,200,20,20,40,139,128,10,47,10215
20170806,7,210,20,30,40,163,133,10,104,10221
20170806,8,250,30,30,50,181,132,10,160,10227
20170806,9,240,30,20,60,186,117,8,161,10229
20170806,10,240,30,30,60,180,109,4,129,10230
20170806,11,240,30,30,70,204,115,7,241,10228
20170806,12,240,30,30,70,209,107,4,184,10227
20170806,13,260,30,30,60,200,93,4,152,10227
20170806,14,280,30,30,80,209,89,4,169,10227
20170806,15,300,40,30,70,212,85,9,231,10225
20170806,16,280,20,20,60,199,100,2,79,10226
20170806,17,300,20,20,50,211,108,7,108,10224
20170806,18,270,20,20,50,198,102,10,72,10224
20170806,19,260,20,10,40,180,108,8,23,10224
20170806,20,190,10,10,30,139,120,0,1,10226
20170806,21,170,10,10,20,129,119,0,0,10224
20170806,22,180,10,10,20,124,117,0,0,10223
20170806,23,150,10,10,10,114,109,0,0,10221
20170806,24,150,10,10,20,107,104,0,0,10218
20170807,1,170,10,10,20,103,98,0,0,10213
20170807,2,160,10,10,20,94,91,0,0,10207
20170807,3,150,10,20,20,99,96,0,0,10205
20170807,4,0,10,0,20,92,89,0,0,10204
20170807,5,150,10,20,20,104,101,2,7,10202
20170807,6,170,10,10,20,135,116,10,45,10201
20170807,7,200,20,20,40,163,126,10,96,10200
20170807,8,220,30,40,60,174,110,8,142,10198
20170807,9,230,30,30,70,185,112,8,189,10196
20170807,10,210,40,40,70,197,115,8,227,10195
20170807,11,210,40,30,80,204,108,7,249,10191
20170807,12,240,40,40,70,208,107,10,277,10187
20170807,13,220,30,40,60,211,104,10,279,10184
20170807,14,200,30,20,70,220,105,9,254,10181
20170807,15,180,30,20,60,218,98,10,214,10176
20170807,16,990,20,10,50,220,93,10,171,10170
20170807,17,160,10,10,30,218,118,10,109,10165
20170807,18,350,20,30,30,207,115,8,62,10164
20170807,19,330,20,20,40,185,138,3,13,10164
20170807,20,360,20,20,40,172,138,0,0,10165
20170807,21,10,20,20,50,165,132,0,0,10166
20170807,22,10,20,20,40,155,132,0,0,10162
20170807,23,30,20,20,40,155,133,0,0,10158
20170807,24,30,20,20,40,156,137,0,0,10150
20170808,1,30,20,30,50,155,132,0,0,10137
20170808,2,30,20,20,50,154,131,0,0,10130
20170808,3,30,20,20,40,151,130,0,0,10121
20170808,4,30,20,20,40,148,130,0,0,10110
20170808,5,20,20,10,30,142,129,0,1,10106
20170808,6,30,10,10,30,155,132,0,25,10104
20170808,7,40,20,30,40,168,127,3,61,10098
20170808,8,40,20,10,40,183,134,2,89,10093
20170808,9,90,20,10,40,188,132,0,61,10086
20170808,10,120,10,10,20,190,139,0,43,10083
20170808,11,990,10,10,30,188,147,0,49,10081
20170808,12,40,10,20,30,184,154,0,59,10078
20170808,13,990,20,10,40,181,160,0,33,10073
20170808,14,280,10,10,20,173,158,0,24,10076
20170808,15,270,10,20,30,166,159,0,20,10075
20170808,16,320,20,20,40,164,157,0,23,10071
20170808,17,250,20,30,70,160,149,0,8,10077
20170808,18,250,30,20,70,147,139,0,5,10085
20170808,19,240,30,40,70,153,132,5,18,10087
20170808,20,240,40,30,80,150,139,0,1,10095
20170808,21,220,30,20,50,144,138,0,0,10099
20170808,22,210,20,30,50,143,137,0,0,10102
20170808,23,190,30,20,50,151,140,0,0,10106
20170808,24,210,30,30,60,148,137,0,0,10108
20170809,1,200,30,30,50,145,132,0,0,10109
20170809,2,210,30,40,60,146,131,0,0,10109
20170809,3,210,30,30,60,144,133,0,0,10110
20170809,4,210,30,30,60,145,137,0,0,10112
20170809,5,210,40,40,70,148,139,0,3,10118
20170809,6,220,50,40,80,153,136,0,25,10123
20170809,7,210,50,50,100,160,133,7,81,10127
20170809,8,220,50,50,100,161,127,5,103,10133
20170809,9,230,50,50,90,168,126,3,78,10140
20170809,10,220,50,50,90,173,122,5,125,10145
20170809,11,210,60,60,100,190,116,8,267,10148
20170809,12,220,40,40,90,202,122,7,226,10150
20170809,13,200,40,40,80,190,115,4,156,10155
20170809,14,190,40,40,70,204,119,7,201,10155
20170809,15,210,40,30,80,202,109,6,169,10158
20170809,16,210,40,40,60,205,109,8,156,10161
20170809,17,200,30,20,60,202,114,5,83,10163
20170809,18,200,20,10,40,201,119,5,45,10167
20170809,19,150,10,10,20,174,143,7,18,10173
20170809,20,40,20,30,50,166,128,0,0,10178
20170809,21,60,10,10,40,139,125,0,0,10184
20170809,22,50,10,10,20,132,123,0,0,10188
20170809,23,330,10,10,20,133,128,0,0,10193
20170809,24,90,10,10,30,123,120,0,0,10191
20170810,1,10,10,10,20,119,116,0,0,10194
20170810,2,0,10,0,20,111,109,0,0,10195
20170810,3,990,10,10,30,108,105,0,0,10193
20170810,4,110,10,10,20,100,98,0,0,10198
20170810,5,50,10,10,10,108,105,0,2,10203
20170810,6,0,10,0,20,127,125,0,15,10204
20170810,7,20,10,10,20,145,130,0,41,10204
20170810,8,60,10,10,20,158,137,0,49,10211
20170810,9,40,20,30,50,173,139,1,103,10212
20170810,10,60,30,20,50,180,132,0,129,10211
20170810,11,20,20,20,40,186,137,0,133,10212
20170810,12,990,20,10,40,198,138,0,141,10214
20170810,13,300,20,30,50,204,149,2,160,10210
20170810,14,340,30,40,60,186,147,0,57,10209
20170810,15,350,20,20,50,191,150,0,39,10207
20170810,16,40,30,30,60,185,141,0,45,10204
20170810,17,30,30,30,50,181,139,0,26,10205
20170810,18,60,20,10,40,173,141,0,8,10208
20170810,19,20,10,10,30,173,135,0,3,10206
20170810,20,100,10,10,30,163,146,0,1,10205
20170810,21,0,10,0,30,156,147,0,0,10205
20170810,22,300,10,10,30,153,147,0,0,10208
20170810,23,340,20,20,30,151,140,0,0,10208
20170810,24,20,20,20,30,148,136,0,0,10206
20170811,1,20,20,20,40,144,135,0,0,10200
20170811,2,20,10,10,30,142,131,0,0,10194
20170811,3,30,10,10,20,136,134,0,0,10190
20170811,4,20,10,10,20,134,129,0,0,10188
20170811,5,0,10,0,20,121,118,0,2,10188
20170811,6,280,10,10,20,126,123,0,15,10189
20170811,7,0,10,0,30,155,127,4,64,10188
20170811,8,300,10,10,20,168,127,4,110,10187
20170811,9,990,10,10,30,179,127,5,160,10185
20170811,10,300,20,20,40,183,122,7,217,10181
20170811,11,350,30,30,60,186,121,3,189,10183
20170811,12,340,30,30,50,195,122,3,185,10179
20170811,13,310,30,20,70,196,118,8,258,10173
20170811,14,310,30,40,60,196,119,3,152,10170
20170811,15,310,30,30,60,196,126,0,95,10169
20170811,16,280,30,30,70,190,116,0,88,10168
20170811,17,290,40,30,70,186,102,0,58,10165
20170811,18,270,30,20,60,180,106,0,30,10161
20170811,19,270,20,20,50,172,107,2,8,10159
20170811,20,260,20,30,50,173,106,0,0,10155
20170811,21,240,20,30,50,167,106,0,0,10149
20170811,22,230,20,20,40,159,116,0,0,10149
20170811,23,230,30,40,70,160,122,0,0,10148
20170811,24,220,40,40,70,153,125,0,0,10145
20170812,1,220,40,40,70,145,123,0,0,10141
20170812,2,200,30,30,70,146,134,0,0,10136
20170812,3,220,40,40,60,147,138,0,0,10132
20170812,4,230,30,30,60,148,144,0,0,10128
20170812,5,220,30,30,70,151,147,0,1,10126
20170812,6,210,30,30,60,155,153,0,5,10124
20170812,7,220,30,30,70,160,157,0,13,10125
20170812,8,220,30,40,60,167,164,0,31,10125
20170812,9,230,30,40,70,174,166,0,62,10127
20170812,10,240,40,40,80,180,168,0,80,10130
20170812,11,290,30,30,70,178,170,2,95,10134
20170812,12,270,30,50,80,203,167,5,177,10136
20170812,13,270,40,50,90,212,161,5,191,10138
20170812,14,270,40,50,80,205,150,1,111,10141
20170812,15,280,40,40,80,203,148,1,102,10145
20170812,16,270,30,40,70,205,144,3,97,10146
20170812,17,280,30,40,80,200,149,5,61,10147
20170812,18,320,40,20,80,176,144,0,24,10153
20170812,19,300,20,10,60,164,144,3,10,10157
20170812,20,260,10,10,20,157,142,0,0,10163
20170812,21,290,10,10,20,148,143,0,0,10166
20170812,22,270,10,10,20,145,141,0,0,10168
20170812,23,210,10,10,20,142,140,0,0,10171
20170812,24,210,10,10,20,126,126,0,0,10171
20170813,1,200,10,10,10,111,110,0,0,10173
20170813,2,200,10,10,20,107,107,0,0,10173
20170813,3,220,10,10,20,101,101,0,0,10175
20170813,4,210,20,20,30,108,103,0,0,10176
20170813,5,200,20,10,30,114,111,2,5,10177
20170813,6,320,10,10,30,142,139,2,15,10183
20170813,7,990,10,10,20,151,140,2,42,10190
20170813,8,310,10,20,30,173,140,7,115,10196
20170813,9,360,20,30,50,178,137,6,133,10202
20170813,10,330,20,10,50,196,130,5,166,10204
20170813,11,300,10,20,40,207,113,9,280,10204
20170813,12,40,30,40,70,203,141,7,253,10204
20170813,13,20,30,30,60,204,126,4,144,10207
20170813,14,10,30,30,60,200,131,6,212,10210
20170813,15,330,20,20,50,206,114,7,187,10211
20170813,16,990,20,10,40,200,102,7,142,10211
20170813,17,990,20,10,30,211,110,7,96,10210
20170813,18,50,20,20,30,192,113,10,61,10211
20170813,19,50,10,10,20,158,135,2,9,10214
20170813,20,90,10,10,20,147,132,0,0,10221
20170813,21,20,10,10,20,151,127,0,0,10222
20170813,22,0,10,0,10,145,137,0,0,10221
20170813,23,60,10,10,30,143,132,0,0,10219
20170813,24,100,20,20,40,143,118,0,0,10218
20170814,1,90,20,20,30,131,113,0,0,10215
20170814,2,100,20,20,30,124,111,0,0,10211
20170814,3,100,20,20,30,113,107,0,0,10208
20170814,4,100,20,10,20,109,104,0,0,10208
20170814,5,100,20,10,20,114,109,0,4,10210
20170814,6,100,20,20,30,136,122,3,27,10209
20170814,7,110,20,30,40,158,133,5,70,10210
20170814,8,130,30,20,40,169,139,2,97,10207
20170814,9,140,20,20,40,203,144,9,201,10204
20170814,10,140,30,30,50,218,140,10,244,10200
20170814,11,160,30,40,60,226,127,10,273,10197
20170814,12,150,40,40,60,232,140,9,290,10190
20170814,13,130,30,40,70,239,140,9,264,10185
20170814,14,140,40,30,60,236,135,9,227,10179
20170814,15,130,30,30,60,229,142,6,152,10174
20170814,16,140,30,30,70,240,138,8,133,10169
20170814,17,140,30,40,60,236,143,9,87,10166
20170814,18,130,20,20,50,223,148,5,43,10164
20170814,19,130,10,10,30,183,161,0,6,10165
20170814,20,100,20,20,20,170,153,0,0,10165
20170814,21,100,10,10,20,160,149,0,0,10162
20170814,22,100,10,10,20,147,141,0,0,10158
20170814,23,110,10,10,20,142,138,0,0,10155
20170814,24,180,10,20,40,146,142,0,0,10154
20170815,1,100,10,20,40,146,141,0,0,10149
20170815,2,120,10,20,20,150,146,0,0,10144
20170815,3,160,10,10,20,153,147,0,0,10143
20170815,4,140,10,10,30,143,137,0,0,10141
20170815,5,150,10,10,20,148,145,2,6,10137
20170815,6,150,10,10,20,170,154,7,33,10136
20170815,7,170,20,20,40,184,160,0,51,10144
20170815,8,200,20,20,40,194,151,0,43,10149
20170815,9,150,20,20,30,188,161,0,34,10149
20170815,10,110,10,10,30,196,167,0,51,10142
20170815,11,130,30,30,60,196,167,0,87,10130
20170815,12,170,20,20,50,190,168,0,31,10146
20170815,13,990,10,10,30,187,177,0,21,10140
20170815,14,330,30,30,70,191,172,0,57,10138
20170815,15,340,20,20,60,201,176,0,92,10141
20170815,16,310,20,20,50,216,168,8,147,10146
20170815,17,320,20,20,40,205,176,3,68,10147
20170815,18,290,20,10,50,203,166,2,25,10155
20170815,19,290,20,30,50,194,162,0,5,10163
20170815,20,290,20,20,40,186,166,0,0,10173
20170815,21,280,20,20,50,180,163,0,0,10179
20170815,22,290,20,20,40,173,157,0,0,10183
20170815,23,290,10,20,30,159,150,0,0,10189
20170815,24,270,20,20,30,154,147,0,0,10190
20170816,1,330,10,10,30,132,130,0,0,10191
20170816,2,110,10,10,20,123,123,0,0,10195
20170816,3,160,10,10,20,137,137,0,0,10198
20170816,4,0,10,0,20,140,140,0,0,10201
20170816,5,120,10,10,20,136,136,0,2,10206
20170816,6,130,10,10,20,147,147,0,24,10209
20170816,7,170,20,20,40,154,152,0,25,10213
20170816,8,140,20,20,30,174,156,7,116,10214
20170816,9,150,20,20,40,195,164,7,174,10215
20170816,10,170,30,30,50,206,157,6,200,10215
20170816,11,140,30,30,70,209,159,3,180,10212
20170816,12,200,30,20,50,220,153,2,169,10209
20170816,13,190,30,40,60,224,139,3,183,10205
20170816,14,190,30,30,60,228,135,3,172,10200
20170816,15,210,30,30,70,227,138,4,157,10198
20170816,16,210,30,20,60,226,135,0,81,10197
20170816,17,220,20,20,40,216,137,2,61,10196
20170816,18,260,20,10,40,211,132,2,30,10195
20170816,19,260,10,10,30,188,149,5,10,10194
20170816,20,260,10,10,10,164,152,0,0,10196
20170816,21,0,10,0,10,154,143,0,0,10191
20170816,22,300,0,10,10,144,140,0,0,10189
20170816,23,110,10,10,20,134,130,0,0,10184
20170816,24,160,20,10,40,128,125,0,0,10176
20170817,1,160,10,10,10,125,122,0,0,10171
20170817,2,130,10,10,20,127,122,0,0,10166
20170817,3,140,20,30,40,136,131,0,0,10157
20170817,4,150,30,30,40,157,138,0,0,10152
20170817,5,150,30,30,40,164,144,0,2,10147
20170817,6,160,30,30,50,171,146,0,12,10145
20170817,7,160,30,30,50,176,154,0,19,10140
20170817,8,180,40,40,70,186,150,0,47,10135
20170817,9,210,40,40,70,187,154,0,43,10138
20170817,10,200,40,30,80,183,161,0,62,10136
20170817,11,210,50,50,90,172,157,0,81,10138
20170817,12,210,40,40,90,175,161,0,57,10137
20170817,13,210,40,40,80,183,167,0,32,10136
20170817,14,210,40,40,80,180,172,0,21,10135
20170817,15,200,40,40,90,184,173,0,25,10133
20170817,16,210,50,50,80,191,175,0,23,10134
20170817,17,200,40,40,70,195,181,3,51,10131
20170817,18,190,30,30,70,196,181,3,38,10130
20170817,19,200,30,30,80,192,177,2,6,10131
20170817,20,210,30,30,50,186,174,0,0,10134
20170817,21,230,30,40,70,185,155,0,0,10131
20170817,22,220,40,40,60,174,141,0,0,10133
20170817,23,210,30,30,70,166,139,0,0,10132
20170817,24,210,30,30,60,164,139,0,0,10132
20170818,1,200,30,30,50,159,138,0,0,10125
20170818,2,190,30,20,60,156,137,0,0,10123
20170818,3,200,30,40,50,156,138,0,0,10122
20170818,4,210,30,20,50,155,141,0,0,10122
20170818,5,190,30,30,60,159,144,0,2,10117
20170818,6,200,30,30,60,164,148,0,11,10119
20170818,7,210,40,40,60,174,152,0,25,10120
20170818,8,200,30,40,70,180,155,0,41,10117
20170818,9,200,40,40,70,187,164,0,60,10115
20170818,10,190,40,40,80,190,164,0,88,10111
20170818,11,220,40,40,80,175,164,0,60,10109
20170818,12,230,40,40,70,178,161,0,71,10108
20170818,13,230,40,40,70,189,159,0,109,10108
20170818,14,230,40,40,80,194,140,0,115,10105
20170818,15,240,40,30,90,199,144,2,124,10103
20170818,16,250,30,30,70,198,147,3,59,10102
20170818,17,240,50,40,100,193,128,4,65,10102
20170818,18,260,40,50,100,188,118,7,45,10104
20170818,19,240,40,50,90,178,123,3,7,10109
20170818,20,300,50,30,130,155,107,0,0,10118
20170818,21,230,20,30,70,139,112,0,0,10122
20170818,22,210,30,30,50,132,107,0,0,10123
20170818,23,200,40,30,70,134,109,0,0,10124
20170818,24,210,30,30,60,130,112,0,0,10123
20170819,1,210,40,40,70,131,112,0,0,10121
20170819,2,200,40,50,70,134,113,0,0,10119
20170819,3,190,50,50,80,131,110,0,0,10115
20170819,4,190,50,50,90,130,113,0,0,10114
20170819,5,210,50,50,100,130,118,0,0,10120
20170819,6,220,40,30,90,133,125,0,5,10126
20170819,7,220,40,40,70,141,129,2,36,10131
20170819,8,240,40,40,80,148,136,3,53,10138
20170819,9,260,40,50,100,158,116,6,120,10143
20170819,10,270,50,50,120,172,108,6,150,10147
20170819,11,240,50,50,90,176,113,7,207,10150
20170819,12,270,50,60,110,179,120,6,196,10156
20170819,13,280,50,60,100,180,106,4,149,10162
20170819,14,260,50,50,100,188,96,4,164,10167
20170819,15,260,40,40,100,187,98,5,121,10169
20170819,16,250,40,40,90,179,100,7,105,10173
20170819,17,260,50,40,100,184,102,10,102,10171
20170819,18,240,40,30,90,170,107,5,31,10174
20170819,19,240,40,40,80,159,110,2,7,10176
20170819,20,220,30,20,70,150,127,0,0,10179
20170819,21,260,30,20,80,154,129,0,0,10180
20170819,22,260,30,30,80,128,117,0,0,10191
20170819,23,230,30,30,80,127,120,0,0,10189
20170819,24,210,20,30,50,132,121,0,0,10188
20170820,1,220,30,30,50,128,119,0,0,10188
20170820,2,220,30,30,40,133,124,0,0,10190
20170820,3,220,20,20,50,128,121,0,0,10193
20170820,4,220,20,20,40,118,114,0,0,10196
20170820,5,220,20,20,30,123,116,0,3,10199
20170820,6,220,20,30,50,141,122,7,30,10202
20170820,7,230,30,30,60,154,124,7,77,10208
20170820,8,250,30,30,70,173,131,9,134,10212
20170820,9,270,40,50,90,178,117,7,142,10218
20170820,10,260,40,50,100,186,110,7,191,10218
20170820,11,270,50,40,90,194,112,7,191,10221
20170820,12,270,50,40,110,190,110,4,170,10226
20170820,13,260,50,50,100,196,106,7,219,10229
20170820,14,260,50,50,100,192,99,8,212,10231
20170820,15,270,50,60,110,189,86,9,195,10235
20170820,16,280,50,50,110,183,93,8,135,10235
20170820,17,280,40,40,80,174,90,4,79,10232
20170820,18,280,40,20,70,167,99,7,33,10235
20170820,19,280,20,20,50,159,100,2,5,10236
20170820,20,260,20,10,40,157,104,0,0,10238
20170820,21,210,20,20,30,145,112,0,0,10238
20170820,22,220,20,20,30,138,114,0,0,10238
20170820,23,220,10,10,20,128,116,0,0,10236
20170820,24,220,10,10,20,124,117,0,0,10236
20170821,1,210,10,10,10,126,120,0,0,10234
20170821,2,180,10,10,10,121,116,0,0,10232
20170821,3,170,10,10,20,116,110,0,0,10232
20170821,4,160,10,10,20,127,119,0,0,10229
20170821,5,160,10,20,30,129,115,0,1,10230
20170821,6,140,20,20,30,134,118,0,14,10231
20170821,7,160,10,10,20,147,126,1,46,10236
20170821,8,210,10,20,40,179,149,7,120,10237
20170821,9,210,30,40,60,186,142,5,136,10236
20170821,10,200,30,30,60,182,126,0,75,10237
20170821,11,210,30,30,60,191,111,3,149,10233
20170821,12,200,40,30,70,204,114,2,112,10232
20170821,13,190,30,20,50,197,113,1,115,10230
20170821,14,200,20,20,40,200,113,0,69,10226
20170821,15,180,20,20,40,200,119,0,77,10226
20170821,16,200,20,20,30,202,112,0,49,10224
20170821,17,200,10,10,20,195,140,0,44,10221
20170821,18,100,10,10,20,175,145,0,22,10220
20170821,19,30,20,10,30,158,139,0,5,10223
20170821,20,40,10,20,30,138,133,0,0,10226
20170821,21,60,20,20,30,138,125,0,0,10224
20170821,22,50,20,20,30,133,118,0,0,10225
20170821,23,70,10,10,20,119,114,0,0,10224
20170821,24,80,20,20,30,130,116,0,0,10220
20170822,1,80,10,20,30,131,117,0,0,10220
20170822,2,90,20,10,20,135,118,0,0,10221
20170822,3,90,20,20,30,135,119,0,0,10217
20170822,4,100,10,10,30,132,121,0,0,10215
20170822,5,990,10,10,20,131,125,0,1,10215
20170822,6,60,10,10,20,138,121,0,13,10218
20170822,7,120,10,10,20,167,127,5,67,10216
20170822,8,120,20,10,30,186,131,10,124,10217
20170822,9,110,10,10,30,207,123,10,181,10217
20170822,10,170,10,10,30,220,125,9,225,10215
20170822,11,150,20,20,40,224,116,9,261,10211
20170822,12,100,20,30,40,219,128,8,254,10208
20170822,13,70,10,10,40,222,113,3,140,10206
20170822,14,50,20,30,50,229,121,7,218,10203
20170822,15,150,20,20,40,229,130,9,186,10198
20170822,16,170,20,30,40,231,126,10,150,10191
20170822,17,90,30,30,60,221,133,6,68,10187
20170822,18,90,30,20,50,211,134,10,48,10187
20170822,19,80,30,30,50,191,126,3,6,10189
20170822,20,80,30,30,50,179,130,0,0,10190
20170822,21,90,30,30,60,168,127,0,0,10190
20170822,22,90,40,30,60,162,120,0,0,10187
20170822,23,90,30,30,50,149,117,0,0,10186
20170822,24,90,30,30,50,146,113,0,0,10183
20170823,1,90,30,30,50,140,110,0,0,10181
20170823,2,90,20,20,40,136,107,0,0,10179
20170823,3,90,20,30,40,132,103,0,0,10171
20170823,4,100,30,30,50,131,101,0,0,10167
20170823,5,110,30,20,50,131,102,0,1,10168
20170823,6,110,30,30,50,150,110,7,31,10167
20170823,7,110,30,40,50,166,118,5,63,10163
20170823,8,120,40,30,70,188,133,10,132,10159
20170823,9,150,40,40,60,200,134,9,181,10158
20170823,10,140,40,40,60,216,142,10,223,10156
20170823,11,160,30,30,60,229,152,6,223,10153
20170823,12,140,30,30,60,241,148,8,239,10148
20170823,13,150,40,40,70,245,146,7,230,10144
20170823,14,130,40,40,90,247,153,7,196,10137
20170823,15,140,40,30,70,245,151,1,109,10135
20170823,16,140,30,30,50,245,152,1,73,10131
20170823,17,130,30,20,50,240,155,3,60,10127
20170823,18,130,20,20,40,232,156,0,22,10125
20170823,19,120,20,20,40,214,156,0,3,10123
20170823,20,270,30,30,70,208,175,0,0,10131
20170823,21,250,30,30,50,196,176,0,0,10131
20170823,22,250,30,40,70,197,172,0,0,10135
20170823,23,230,30,40,100,188,169,0,0,10134
20170823,24,240,40,30,80,183,167,0,0,10134
20170824,1,230,40,30,70,179,164,0,0,10134
20170824,2,230,30,30,60,175,163,0,0,10136
20170824,3,230,30,30,60,175,159,0,0,10136
20170824,4,230,30,30,60,176,157,0,0,10138
20170824,5,240,30,30,60,174,157,0,0,10142
20170824,6,230,30,30,60,175,155,0,6,10145
20170824,7,240,30,40,70,181,155,0,32,10148
20170824,8,240,30,20,50,187,161,1,53,10155
20170824,9,250,30,30,70,205,161,5,112,10157
20170824,10,260,30,30,70,200,151,3,122,10160
20170824,11,270,40,40,100,214,137,7,206,10161
20170824,12,270,40,30,80,213,128,6,192,10163
20170824,13,280,30,40,80,216,136,5,169,10166
20170824,14,250,40,40,80,216,124,5,150,10168
20170824,15,290,40,40,90,205,127,2,115,10170
20170824,16,290,40,40,70,199,128,3,94,10171
20170824,17,280,30,30,70,194,125,7,73,10173
20170824,18,280,30,20,70,186,120,10,32,10173
20170824,19,280,20,20,50,172,121,2,4,10174
20170824,20,270,20,20,40,160,118,0,0,10178
20170824,21,200,10,10,30,132,123,0,0,10180
20170824,22,180,10,10,10,124,120,0,0,10180
20170824,23,160,10,10,10,117,112,0,0,10179
20170824,24,180,10,10,20,111,106,0,0,10177
20170825,1,130,10,10,20,108,105,0,0,10180
20170825,2,170,10,10,20,106,103,0,0,10182
20170825,3,160,10,10,20,107,104,0,0,10179
20170825,4,160,10,10,10,103,100,0,0,10180
20170825,5,140,10,10,20,114,111,0,1,10182
20170825,6,140,10,10,20,125,122,0,16,10184
20170825,7,170,10,20,40,149,134,3,58,10188
20170825,8,140,10,10,30,172,135,5,93,10190
20170825,9,170,10,10,30,196,135,10,176,10189
20170825,10,150,20,10,40,207,138,10,205,10186
20170825,11,140,20,20,40,215,136,10,234,10183
20170825,12,210,20,20,50,223,144,10,254,10182
20170825,13,140,20,20,40,225,133,9,233,10180
20170825,14,190,20,20,40,227,125,7,200,10175
20170825,15,130,10,10,30,231,121,9,181,10172
20170825,16,160,20,20,30,226,127,7,117,10168
20170825,17,140,10,10,30,224,133,7,74,10165
20170825,18,100,10,10,20,214,146,10,43,10166
20170825,19,50,20,20,40,188,137,2,6,10169
20170825,20,30,10,20,30,156,140,0,0,10169
20170825,21,40,10,10,30,147,137,0,0,10169
20170825,22,40,10,20,20,136,131,0,0,10168
20170825,23,50,10,10,20,127,122,0,0,10167
20170825,24,40,10,10,20,122,118,0,0,10164
20170826,1,50,10,10,20,117,114,0,0,10161
20170826,2,40,10,10,20,113,111,0,0,10158
20170826,3,30,10,10,20,109,107,0,0,10155
20170826,4,50,10,10,10,103,100,0,0,10155
20170826,5,50,10,10,20,101,98,0,0,10154
20170826,6,30,10,10,10,127,122,0,20,10156
20170826,7,60,10,10,10,170,130,5,69,10155
20170826,8,240,10,10,10,194,130,8,113,10156
20170826,9,300,10,10,20,220,129,8,168,10155
20170826,10,0,10,0,20,231,126,4,169,10154
20170826,11,360,20,20,40,231,126,8,230,10154
20170826,12,340,20,20,50,233,134,7,221,10152
20170826,13,320,20,20,50,245,147,7,221,10151
20170826,14,40,20,10,40,240,144,5,174,10152
20170826,15,310,20,20,60,247,152,5,139,10152
20170826,16,290,20,30,70,237,152,6,102,10151
20170826,17,300,30,20,70,217,141,8,78,10155
20170826,18,310,20,20,50,203,157,8,32,10157
20170826,19,300,20,20,50,194,158,2,3,10161
20170826,20,310,20,20,40,182,155,0,0,10163
20170826,21,310,10,10,30,171,157,0,0,10164
20170826,22,320,10,10,20,158,152,0,0,10167
20170826,23,320,10,20,30,166,154,0,0,10168
20170826,24,320,10,10,30,154,149,0,0,10170
20170827,1,310,10,10,20,143,140,0,0,10173
20170827,2,330,10,10,10,133,131,0,0,10175
20170827,3,320,10,10,10,126,125,0,0,10174
20170827,4,330,10,10,10,118,117,0,0,10176
20170827,5,0,0,0,10,110,110,0,1,10178
20170827,6,0,10,0,10,134,131,7,23,10180
20170827,7,990,0,10,10,180,139,10,69,10185
20170827,8,100,10,10,10,199,141,10,128,10190
20170827,9,990,10,10,20,210,132,10,178,10191
20170827,10,220,10,10,30,223,130,10,220,10190
20170827,11,990,10,10,30,228,114,8,235,10190
20170827,12,340,20,20,40,229,98,5,210,10188
20170827,13,990,20,10,30,237,110,4,189,10188
20170827,14,320,20,30,60,238,103,9,245,10188
20170827,15,350,20,20,50,231,112,5,139,10186
20170827,16,330,20,20,50,231,117,7,110,10184
20170827,17,50,20,10,40,231,117,8,85,10183
20170827,18,60,20,20,30,214,127,10,36,10185
20170827,19,70,20,10,30,174,144,0,3,10188
20170827,20,20,10,10,20,150,136,0,0,10193
20170827,21,360,10,10,20,139,132,0,0,10194
20170827,22,330,10,10,20,137,131,0,0,10196
20170827,23,360,10,10,20,135,129,0,0,10195
20170827,24,350,10,10,10,123,118,0,0,10195
20170828,1,360,10,10,20,124,123,0,0,10193
20170828,2,40,10,10,20,115,112,0,0,10191
20170828,3,20,10,10,20,113,110,0,0,10190
20170828,4,60,10,10,20,109,107,0,0,10189
20170828,5,30,10,10,20,107,105,0,0,10190
20170828,6,10,10,10,20,132,129,0,19,10190
20170828,7,0,10,0,10,181,130,10,69,10190
20170828,8,110,10,10,20,203,131,10,121,10192
20170828,9,90,10,10,20,219,137,10,172,10194
20170828,10,990,10,10,20,238,143,9,216,10191
20170828,11,990,10,10,30,247,134,9,228,10188
20170828,12,170,20,20,40,252,143,10,241,10184
20170828,13,230,30,20,60,255,142,9,230,10183
20170828,14,150,30,30,60,254,154,9,228,10177
20170828,15,990,20,10,50,263,145,10,187,10175
20170828,16,210,20,20,50,258,138,10,146,10172
20170828,17,210,20,20,40,249,147,7,71,10169
20170828,18,0,0,0,30,224,166,8,27,10167
20170828,19,90,10,10,20,188,165,0,3,10169
20170828,20,0,0,0,10,163,155,0,0,10170
20170828,21,80,10,10,10,153,147,0,0,10167
20170828,22,90,10,10,10,148,146,0,0,10166
20170828,23,160,10,10,20,144,143,0,0,10162
20170828,24,130,10,10,20,139,136,0,0,10160
20170829,1,130,10,10,10,135,132,0,0,10157
20170829,2,130,10,10,10,134,133,0,0,10154
20170829,3,130,10,10,10,127,126,0,0,10151
20170829,4,0,10,0,10,125,125,0,0,10150
20170829,5,140,10,10,20,122,119,0,1,10150
20170829,6,150,20,20,30,156,154,3,19,10146
20170829,7,150,20,10,30,186,164,3,62,10145
20170829,8,210,10,10,20,216,165,10,116,10144
20170829,9,190,20,20,40,242,179,10,164,10141
20170829,10,190,20,20,50,259,182,10,208,10137
20170829,11,210,30,40,60,274,178,10,231,10135
20170829,12,230,40,40,70,276,178,8,221,10132
20170829,13,220,30,40,70,284,176,4,190,10127
20170829,14,240,40,30,70,288,175,7,196,10120
20170829,15,280,30,20,60,281,174,6,152,10118
20170829,16,330,20,20,50,268,185,2,84,10116
20170829,17,350,20,20,40,257,185,0,34,10113
20170829,18,990,20,10,30,222,204,2,8,10110
20170829,19,20,10,20,20,215,202,0,1,10111
20170829,20,60,20,10,30,201,186,0,0,10106
20170829,21,40,20,30,50,197,176,0,0,10106
20170829,22,40,20,20,40,193,176,0,0,10101
20170829,23,10,20,20,40,194,181,0,0,10106
20170829,24,330,20,30,40,189,181,0,0,10100
20170830,1,360,30,40,60,185,169,0,0,10099
20170830,2,40,40,40,80,178,167,0,0,10095
20170830,3,50,30,30,70,176,168,0,0,10080
20170830,4,290,20,20,40,177,171,0,0,10098
20170830,5,40,20,20,40,175,171,0,0,10088
20170830,6,310,20,20,50,176,172,0,2,10095
20170830,7,990,10,10,50,176,171,0,5,10085
20170830,8,90,20,20,50,178,173,0,13,10087
20170830,9,80,30,20,60,191,180,0,50,10079
20170830,10,120,20,20,50,208,183,2,120,10081
20170830,11,120,30,30,50,219,192,2,114,10075
20170830,12,190,20,20,40,225,196,0,79,10079
20170830,13,350,20,20,40,212,190,0,47,10075
20170830,14,310,20,10,40,208,190,0,40,10070
20170830,15,330,20,20,30,197,186,0,20,10069
20170830,16,320,20,30,40,196,185,0,29,10065
20170830,17,330,30,30,50,179,175,0,4,10065
20170830,18,340,50,40,110,170,164,0,7,10071
20170830,19,330,40,50,100,153,146,0,0,10084
20170830,20,330,50,40,100,144,139,0,0,10087
20170830,21,340,40,40,80,142,138,0,0,10093
20170830,22,330,40,40,80,138,133,0,0,10099
20170830,23,330,30,30,80,138,134,0,0,10103
20170830,24,330,30,20,70,135,131,0,0,10101
20170831,1,300,20,20,50,137,131,0,0,10105
20170831,2,300,20,20,50,136,131,0,0,10107
20170831,3,300,20,20,50,136,133,0,0,10111
20170831,4,340,30,40,80,133,127,0,0,10116
20170831,5,310,30,30,70,132,125,0,0,10125
20170831,6,310,20,20,50,133,126,0,5,10133
20170831,7,280,20,20,40,137,127,0,20,10141
20170831,8,300,20,20,40,151,128,0,65,10152
20170831,9,290,30,30,60,155,119,2,106,10159
20170831,10,260,30,20,80,144,122,2,90,10167
20170831,11,260,30,30,70,149,110,0,98,10173
20170831,12,270,20,20,50,172,119,3,144,10176
20170831,13,280,30,40,70,189,97,9,232,10180
20170831,14,290,30,40,80,188,97,7,178,10180
20170831,15,280,30,40,70,192,93,9,172,10182
20170831,16,260,40,40,70,187,93,8,109,10184
20170831,17,300,30,30,60,181,91,10,86,10187
20170831,18,320,20,10,50,168,104,10,29,10192
20170831,19,310,10,10,30,123,113,0,2,10200
20170831,20,0,0,0,10,108,103,0,0,10203
20170831,21,0,0,0,10,102,97,0,0,10205
20170831,22,120,0,10,20,97,92,0,0,10205
20170831,23,0,10,0,20,96,91,0,0,10206
20170831,24,160,0,10,10,108,103,0,0,10207
20170901,1,140,10,10,20,117,112,0,0,10205
20170901,2,140,10,10,10,111,106,0,0,10205
20170901,3,40,10,10,20,115,111,0,0,10204
20170901,4,150,10,10,20,115,112,0,0,10203
20170901,5,100,10,10,10,103,100,0,0,10204
20170901,6,0,10,0,10,109,104,0,14,10208
20170901,7,160,10,10,10,152,105,7,58,10210
20170901,8,130,10,20,30,158,110,8,109,10213
20170901,9,160,10,10,30,170,111,2,115,10213
20170901,10,110,10,10,20,173,104,8,190,10211
20170901,11,100,20,30,40,175,121,2,105,10210
20170901,12,100,30,20,40,189,117,10,287,10207
20170901,13,990,20,10,30,175,115,1,85,10204
20170901,14,70,10,30,40,170,108,0,70,10203
20170901,15,170,10,10,30,181,97,0,64,10201
20170901,16,320,20,20,40,170,115,3,70,10200
20170901,17,340,20,30,60,161,113,0,19,10202
20170901,18,340,30,20,50,153,117,0,7,10203
20170901,19,10,20,20,30,153,123,0,0,10207
20170901,20,90,20,10,40,143,130,0,0,10208
20170901,21,110,10,10,20,138,131,0,0,10212
20170901,22,0,10,0,20,134,126,0,0,10212
20170901,23,30,10,20,30,137,114,0,0,10211
20170901,24,20,10,10,20,127,122,0,0,10210
20170902,1,360,10,10,20,115,110,0,0,10209
20170902,2,360,10,10,20,102,97,0,0,10210
20170902,3,360,10,10,20,95,92,0,0,10208
20170902,4,20,10,10,20,82,79,0,0,10207
20170902,5,990,10,10,10,78,75,0,0,10209
20170902,6,990,10,10,20,101,96,0,12,10209
20170902,7,340,10,10,20,136,100,3,49,10211
20170902,8,340,10,20,30,162,105,10,123,10212
20170902,9,360,20,20,30,172,105,10,176,10212
20170902,10,320,20,20,40,176,101,7,160,10212
20170902,11,90,30,20,60,169,115,5,160,10209
20170902,12,990,20,10,50,184,103,4,150,10208
20170902,13,320,30,30,50,176,101,3,109,10206
20170902,14,330,30,40,60,185,96,10,236,10202
20170902,15,330,30,30,60,180,107,3,107,10202
20170902,16,330,30,30,60,182,90,9,125,10201
20170902,17,20,30,30,60,177,99,10,84,10199
20170902,18,360,20,10,50,160,114,7,27,10200
20170902,19,0,10,0,20,119,108,0,1,10203
20170902,20,0,0,0,10,104,99,0,0,10203
20170902,21,0,0,0,10,95,90,0,0,10203
20170902,22,0,0,0,10,87,84,0,0,10200
20170902,23,0,0,0,10,83,79,0,0,10199
20170902,24,0,0,0,10,80,77,0,0,10198
20170903,1,0,0,0,10,74,71,0,0,10195
20170903,2,10,0,10,10,73,71,0,0,10190
20170903,3,10,0,10,10,67,64,0,0,10187
20170903,4,0,10,0,20,64,60,0,0,10182
20170903,5,110,10,10,10,59,55,0,0,10179
20170903,6,120,10,10,20,87,83,7,18,10178
20170903,7,160,10,10,20,125,110,10,64,10177
20170903,8,160,10,20,30,150,115,10,123,10176
20170903,9,140,20,20,40,166,117,10,173,10174
20170903,10,160,30,30,50,175,110,10,214,10169
20170903,11,170,30,20,60,176,105,7,171,10166
20170903,12,200,30,30,60,185,95,7,198,10162
20170903,13,200,20,30,70,184,103,5,175,10156
20170903,14,180,10,20,50,188,109,3,105,10150
20170903,15,210,30,30,50,194,105,7,140,10145
20170903,16,150,20,20,40,187,116,1,70,10142
20170903,17,130,20,10,30,181,122,0,32,10140
20170903,18,110,10,10,20,155,126,0,10,10141
20170903,19,120,10,10,10,128,119,0,0,10142
20170903,20,110,10,10,10,112,110,0,0,10143
20170903,21,110,10,10,20,106,104,0,0,10145
20170903,22,120,10,10,20,99,97,0,0,10146
20170903,23,120,10,10,20,93,90,0,0,10143
20170903,24,110,10,10,20,88,85,0,0,10141
20170904,1,110,10,10,20,86,83,0,0,10140
20170904,2,120,10,10,20,89,86,0,0,10139
20170904,3,120,10,10,20,90,87,0,0,10136
20170904,4,130,10,20,20,90,87,0,0,10137
20170904,5,150,10,10,20,99,96,0,0,10136
20170904,6,140,10,10,20,112,109,0,12,10141
20170904,7,140,20,20,40,135,111,6,59,10145
20170904,8,160,20,20,40,161,122,8,110,10146
20170904,9,160,30,20,50,181,126,9,168,10148
20170904,10,170,30,30,50,193,132,10,220,10148
20170904,11,170,40,40,60,194,125,10,234,10147
20170904,12,170,40,40,70,202,119,9,246,10152
20170904,13,170,30,30,60,206,112,5,183,10151
20170904,14,180,40,30,70,205,114,6,172,10153
20170904,15,180,40,40,60,201,114,0,96,10152
20170904,16,160,30,30,60,198,121,0,52,10152
20170904,17,160,20,20,50,194,129,0,23,10155
20170904,18,200,30,30,50,190,131,0,9,10156
20170904,19,210,30,30,70,174,136,0,1,10164
20170904,20,200,20,20,50,165,138,0,0,10169
20170904,21,180,20,20,40,159,141,0,0,10168
20170904,22,180,20,20,40,155,144,0,0,10169
20170904,23,160,20,20,40,155,146,0,0,10169
20170904,24,160,20,20,40,158,149,0,0,10170
20170905,1,160,20,30,40,161,153,0,0,10165
20170905,2,160,20,20,40,163,155,0,0,10164
20170905,3,180,20,20,50,165,156,0,0,10164
20170905,4,160,30,20,50,163,156,0,0,10161
20170905,5,170,20,30,40,166,158,0,0,10162
20170905,6,180,20,30,50,172,161,0,6,10162
20170905,7,190,30,30,60,179,161,1,38,10161
20170905,8,210,40,40,70,193,164,5,90,10159
20170905,9,200,30,40,70,194,161,1,74,10160
20170905,10,220,40,30,80,199,169,0,61,10160
20170905,11,210,30,30,60,203,170,1,71,10160
20170905,12,190,40,40,60,208,171,0,104,10155
20170905,13,190,40,30,70,210,172,0,76,10150
20170905,14,260,40,20,90,194,171,0,37,10149
20170905,15,240,30,30,60,208,172,4,113,10144
20170905,16,250,30,30,60,212,171,5,91,10144
20170905,17,220,20,20,50,208,171,1,32,10142
20170905,18,270,30,30,60,191,168,0,2,10146
20170905,19,260,30,20,60,187,163,0,0,10148
20170905,20,230,20,20,50,183,161,0,0,10147
20170905,21,240,30,30,60,181,155,0,0,10144
20170905,22,230,30,30,50,176,151,0,0,10141
20170905,23,220,30,20,50,176,150,0,0,10136
20170905,24,160,20,20,40,167,149,0,0,10131
20170906,1,210,20,40,60,168,158,0,0,10128
20170906,2,190,30,20,60,168,162,0,0,10121
20170906,3,210,30,30,60,171,164,0,0,10117
20170906,4,230,30,30,60,171,165,0,0,10113
20170906,5,290,40,50,90,164,158,0,0,10121
20170906,6,280,50,60,120,150,141,0,2,10133
20170906,7,290,50,30,110,151,130,0,28,10140
20170906,8,270,40,60,120,165,117,4,70,10147
20170906,9,280,50,50,120,161,111,2,72,10151
20170906,10,280,60,60,130,177,111,4,147,10154
20170906,11,290,60,60,130,174,98,6,181,10157
20170906,12,280,60,60,110,175,100,3,158,10158
20170906,13,270,50,50,110,179,95,4,143,10159
20170906,14,310,50,40,120,150,120,3,87,10165
20170906,15,290,40,60,110,167,96,6,122,10163
20170906,16,280,40,50,100,166,98,1,59,10165
20170906,17,270,50,40,100,158,94,0,29,10167
20170906,18,270,30,40,80,156,100,0,9,10168
20170906,19,270,30,20,90,146,112,0,0,10172
20170906,20,250,20,20,30,143,112,0,0,10172
20170906,21,240,20,20,50,142,115,0,0,10171
20170906,22,240,20,20,40,143,116,0,0,10169
20170906,23,240,20,20,40,142,116,0,0,10167
20170906,24,230,20,20,70,137,126,0,0,10166
20170907,1,240,20,30,40,137,126,0,0,10163
20170907,2,260,30,30,70,138,126,0,0,10159
20170907,3,220,20,20,40,137,130,0,0,10157
20170907,4,210,20,10,40,133,125,0,0,10153
20170907,5,230,20,20,30,131,116,0,0,10153
20170907,6,220,20,20,40,136,114,0,10,10154
20170907,7,230,20,20,40,149,117,0,39,10155
20170907,8,240,30,30,50,164,122,2,70,10154
20170907,9,230,30,30,60,167,112,3,120,10152
20170907,10,260,30,40,70,169,107,2,114,10151
20170907,11,260,40,30,70,173,101,0,80,10148
20170907,12,260,30,30,60,174,105,3,114,10143
20170907,13,240,30,40,60,173,106,1,66,10139
20170907,14,230,40,50,90,170,111,0,44,10137
20170907,15,230,50,50,80,180,109,1,60,10130
20170907,16,230,50,50,80,176,113,6,92,10126
20170907,17,230,40,50,80,171,105,0,33,10123
20170907,18,230,30,30,70,164,103,0,8,10118
20170907,19,200,30,20,50,159,107,0,0,10114
20170907,20,220,20,40,60,147,125,0,0,10111
20170907,21,210,40,50,80,150,126,0,0,10099
20170907,22,200,40,50,80,151,132,0,0,10091
20170907,23,200,50,40,80,150,132,0,0,10082
20170907,24,200,50,40,80,153,127,0,0,10074
20170908,1,210,50,60,90,153,128,0,0,10066
20170908,2,200,50,50,80,153,127,0,0,10055
20170908,3,190,40,40,90,144,135,0,0,10044
20170908,4,200,50,60,90,145,136,0,0,10032
20170908,5,200,50,60,100,144,136,0,0,10024
20170908,6,200,60,60,120,144,135,0,1,10019
20170908,7,210,60,60,120,148,136,0,5,10013
20170908,8,210,60,60,120,149,140,0,12,10013
20170908,9,210,60,70,120,151,141,0,20,10011
20170908,10,220,60,60,120,154,144,0,38,10007
20170908,11,220,60,70,120,154,143,0,27,10005
20170908,12,210,60,60,130,155,148,0,24,10003
20170908,13,210,60,50,110,157,150,0,38,10000
20170908,14,210,50,50,100,157,147,0,38,9995
20170908,15,210,50,50,110,155,145,0,27,9986
20170908,16,220,50,40,90,152,146,0,21,9982
20170908,17,210,50,60,100,156,147,0,13,9974
20170908,18,220,60,50,120,155,143,0,4,9971
20170908,19,220,50,50,90,152,142,0,0,9970
20170908,20,220,40,40,80,152,143,0,0,9969
20170908,21,200,30,30,80,150,140,0,0,9965
20170908,22,200,30,40,70,147,137,0,0,9961
20170908,23,210,40,40,70,150,138,0,0,9958
20170908,24,210,40,40,70,146,132,0,0,9953
20170909,1,210,40,40,70,142,127,0,0,9947
20170909,2,200,40,30,60,140,127,0,0,9943
20170909,3,220,30,20,70,137,132,0,0,9941
20170909,4,230,20,20,50,133,125,0,0,9936
20170909,5,230,20,10,40,128,124,0,0,9933
20170909,6,230,20,20,40,131,127,0,3,9936
20170909,7,250,20,30,40,132,127,0,9,9939
20170909,8,240,30,40,60,136,128,0,35,9946
20170909,9,230,40,40,80,139,124,0,60,9952
20170909,10,220,30,30,70,136,126,0,53,9960
20170909,11,210,30,30,60,160,136,2,110,9961
20170909,12,230,30,40,60,174,129,6,197,9963
20170909,13,270,40,30,110,125,106,2,64,9972
20170909,14,240,20,20,40,157,132,4,130,9974
20170909,15,250,30,20,60,147,129,4,100,9977
20170909,16,240,20,10,40,173,118,9,127,9979
20170909,17,270,30,30,60,164,103,10,72,9984
20170909,18,260,20,20,50,138,117,7,19,9988
20170909,19,220,10,10,20,114,110,0,0,9996
20170909,20,170,10,10,20,100,98,0,0,10003
20170909,21,190,10,10,10,89,89,0,0,10006
20170909,22,180,10,10,20,85,84,0,0,10009
20170909,23,190,20,20,40,96,91,0,0,10011
20170909,24,170,20,20,40,88,85,0,0,10013
20170910,1,200,20,10,40,87,84,0,0,10016
20170910,2,180,10,10,30,87,84,0,0,10019
20170910,3,190,20,20,40,84,81,0,0,10019
20170910,4,200,20,30,50,99,95,0,0,10019
20170910,5,200,30,30,40,100,95,0,0,10022
20170910,6,180,30,20,50,104,98,3,11,10025
20170910,7,180,30,30,60,116,105,10,55,10025
20170910,8,190,40,40,70,135,116,10,108,10027
20170910,9,200,40,40,80,143,118,8,139,10028
20170910,10,210,50,60,100,155,124,4,120,10027
20170910,11,200,50,50,100,164,122,6,174,10024
20170910,12,210,60,70,110,161,110,5,142,10021
20170910,13,200,60,70,120,170,112,3,136,10017
20170910,14,200,60,60,130,173,116,8,152,10012
20170910,15,200,60,60,110,172,113,8,135,10005
20170910,16,190,50,50,100,164,110,3,63,9999
20170910,17,180,60,60,110,161,110,0,18,9991
20170910,18,180,60,60,110,157,111,0,1,9980
20170910,19,180,60,70,120,154,111,0,0,9973
20170910,20,180,70,80,130,153,111,0,0,9965
20170910,21,180,80,80,140,153,110,0,0,9955
20170910,22,190,80,80,140,150,118,0,0,9947
20170910,23,190,80,80,150,150,120,0,0,9937
20170910,24,200,70,60,130,142,131,0,0,9931
20170911,1,210,60,60,120,143,128,0,0,9929
20170911,2,210,70,60,150,137,125,0,0,9927
20170911,3,210,60,60,110,139,118,0,0,9925
20170911,4,210,60,50,100,132,112,0,0,9927
20170911,5,210,50,50,90,129,108,0,0,9928
20170911,6,210,50,50,90,131,107,3,10,9931
20170911,7,210,60,70,110,137,107,10,53,9933
20170911,8,220,70,70,130,148,109,10,108,9935
20170911,9,220,80,90,140,155,99,9,151,9937
20170911,10,220,80,70,150,155,102,6,138,9938
20170911,11,210,80,80,150,163,108,4,120,9936
20170911,12,210,90,90,160,169,99,6,158,9937
20170911,13,210,80,50,160,147,113,1,60,9941
20170911,14,210,60,70,130,145,116,0,35,9943
20170911,15,210,70,70,120,145,115,1,51,9944
20170911,16,210,60,60,120,149,119,0,18,9944
20170911,17,210,70,70,120,149,121,0,14,9947
20170911,18,210,60,70,120,143,120,0,5,9949
20170911,19,210,70,70,130,135,124,0,0,9958
20170911,20,210,60,50,120,118,105,0,0,9962
20170911,21,210,50,50,90,121,105,0,0,9967
20170911,22,210,50,60,110,126,110,0,0,9972
20170911,23,210,50,50,100,129,118,0,0,9973
20170911,24,220,50,60,100,131,121,0,0,9977
20170912,1,220,50,40,90,127,118,0,0,9983
20170912,2,220,40,40,80,125,117,0,0,9985
20170912,3,220,40,40,70,128,118,0,0,9991
20170912,4,220,40,40,60,123,110,0,0,9997
20170912,5,220,40,30,60,124,109,0,0,10003
20170912,6,220,40,40,70,126,110,2,7,10013
20170912,7,220,40,40,70,139,117,2,43,10019
20170912,8,230,40,50,70,152,116,9,101,10027
20170912,9,230,60,60,110,153,111,6,101,10033
20170912,10,260,60,70,120,164,101,7,160,10039
20170912,11,270,50,60,120,160,93,7,160,10047
20170912,12,270,60,70,140,174,87,9,220,10051
20170912,13,260,60,50,130,178,84,10,227,10056
20170912,14,250,70,60,120,176,96,10,198,10062
20170912,15,250,60,60,110,173,99,9,125,10067
20170912,16,260,60,60,120,170,89,10,105,10070
20170912,17,240,50,40,100,162,93,10,62,10068
20170912,18,220,40,30,90,147,93,5,13,10067
20170912,19,210,30,30,60,138,100,0,0,10068
20170912,20,200,30,30,60,138,101,0,0,10066
20170912,21,200,30,40,80,134,93,0,0,10059
20170912,22,190,50,50,100,135,91,0,0,10047
20170912,23,190,60,60,90,135,94,0,0,10031
20170912,24,180,60,60,110,133,105,0,0,10015
20170913,1,180,60,60,100,125,110,0,0,9992
20170913,2,180,60,70,130,119,113,0,0,9969
20170913,3,190,80,90,150,121,112,0,0,9946
20170913,4,210,80,80,130,132,123,0,0,9933
20170913,5,210,90,100,180,143,123,0,0,9922
20170913,6,230,80,70,160,143,128,0,2,9920
20170913,7,240,90,80,180,150,104,0,14,9925
20170913,8,250,90,80,190,155,93,1,36,9939
20170913,9,260,90,100,190,146,95,5,74,9955
20170913,10,250,90,80,180,164,92,7,147,9964
20170913,11,240,90,90,200,164,90,9,209,9977
20170913,12,250,90,90,170,162,85,5,143,9988
20170913,13,250,90,80,160,171,86,8,194,9993
20170913,14,250,80,80,180,172,79,9,203,9995
20170913,15,250,80,80,150,165,75,9,153,9996
20170913,16,240,60,40,140,163,80,0,39,9992
20170913,17,230,60,50,140,133,107,5,24,9990
20170913,18,240,60,60,110,134,97,0,5,9988
20170913,19,230,50,60,100,131,99,0,0,9987
20170913,20,230,50,40,90,127,109,0,0,9989
20170913,21,230,50,40,90,121,106,0,0,9991
20170913,22,220,40,40,70,117,105,0,0,9992
20170913,23,220,40,30,70,110,100,0,0,9991
20170913,24,220,30,30,50,116,106,0,0,9990
20170914,1,220,30,20,60,110,100,0,0,9988
20170914,2,220,30,30,60,107,94,0,0,9985
20170914,3,220,30,30,70,106,92,0,0,9985
20170914,4,210,30,30,60,109,100,0,0,9983
20170914,5,220,40,40,70,110,97,0,0,9979
20170914,6,210,40,40,70,109,97,0,3,9983
20170914,7,220,50,60,100,113,95,0,21,9983
20170914,8,220,60,50,90,117,91,5,60,9989
20170914,9,230,60,60,100,136,94,10,158,9991
20170914,10,230,70,70,120,139,91,8,162,9993
20170914,11,260,70,70,150,117,95,0,76,10002
20170914,12,250,60,70,140,119,105,0,60,10002
20170914,13,250,70,60,140,114,107,0,37,10005
20170914,14,290,40,40,110,125,121,0,20,10016
20170914,15,270,40,40,90,130,120,0,29,10027
20170914,16,280,40,40,100,128,118,0,15,10041
20170914,17,310,40,50,100,120,104,0,5,10056
20170914,18,260,30,20,90,120,110,0,1,10068
20170914,19,280,30,30,90,126,110,0,0,10084
20170914,20,260,20,20,50,123,108,0,0,10093
20170914,21,250,20,20,50,118,103,0,0,10100
20170914,22,230,20,30,50,109,100,0,0,10105
20170914,23,230,30,20,40,106,98,0,0,10107
20170914,24,230,20,20,40,104,95,0,0,10107
20170915,1,220,20,20,30,104,97,0,0,10110
20170915,2,220,30,30,60,105,98,0,0,10110
20170915,3,240,20,20,50,105,99,0,0,10110
20170915,4,220,20,20,50,105,97,0,0,10107
20170915,5,220,30,30,70,102,89,0,0,10103
20170915,6,210,30,30,40,98,88,0,5,10102
20170915,7,210,20,20,50,113,99,5,45,10103
20170915,8,220,30,40,70,127,99,10,107,10105
20170915,9,220,30,30,70,143,102,9,148,10105
20170915,10,210,40,40,70,147,103,9,188,10103
20170915,11,250,40,30,70,154,95,6,144,10103
20170915,12,280,30,30,70,131,90,3,107,10106
20170915,13,240,20,10,50,150,95,1,89,10102
20170915,14,280,30,30,70,149,88,1,68,10098
20170915,15,280,50,40,90,151,86,7,89,10096
20170915,16,260,40,50,90,151,75,10,112,10097
20170915,17,270,40,30,90,142,80,10,54,10097
20170915,18,240,30,30,70,128,82,3,9,10098
20170915,19,240,30,30,60,124,84,0,0,10099
20170915,20,230,30,30,50,116,92,0,0,10099
20170915,21,240,30,30,50,113,100,0,0,10100
20170915,22,250,20,30,50,113,107,0,0,10100
20170915,23,240,20,20,50,112,107,0,0,10098
20170915,24,240,20,20,40,110,106,0,0,10098
20170916,1,250,20,10,40,108,104,0,0,10096
20170916,2,260,20,20,40,108,104,0,0,10096
20170916,3,250,20,20,40,107,102,0,0,10091
20170916,4,230,20,20,30,104,101,0,0,10090
20170916,5,230,20,20,40,101,96,0,0,10090
20170916,6,220,20,20,40,103,98,0,1,10092
20170916,7,210,20,30,50,107,100,0,13,10093
20170916,8,240,20,20,50,115,109,0,37,10099
20170916,9,240,30,20,50,119,107,0,59,10101
20170916,10,240,30,20,50,121,109,0,54,10102
20170916,11,250,20,20,40,117,98,0,46,10104
20170916,12,240,20,10,40,121,104,0,59,10105
20170916,13,230,20,20,40,119,100,0,66,10105
20170916,14,210,20,20,30,125,106,0,74,10103
20170916,15,230,20,20,50,129,107,0,61,10103
20170916,16,240,20,20,40,124,96,0,46,10104
20170916,17,120,10,10,30,124,105,0,25,10107
20170916,18,90,10,10,20,113,107,2,5,10110
20170916,19,130,10,10,20,104,101,0,0,10114
20170916,20,150,10,10,20,88,85,0,0,10118
20170916,21,160,20,10,20,86,83,0,0,10119
20170916,22,160,10,10,20,79,78,0,0,10120
20170916,23,170,10,20,20,66,66,0,0,10123
20170916,24,160,20,20,20,62,62,0,0,10123
20170917,1,150,10,10,30,57,57,0,0,10121
20170917,2,140,10,10,10,54,52,0,0,10120
20170917,3,150,10,10,20,52,52,0,0,10117
20170917,4,150,10,10,20,52,52,0,0,10118
20170917,5,150,10,10,20,55,54,0,0,10121
20170917,6,160,10,10,20,67,67,0,5,10125
20170917,7,160,10,20,30,77,77,0,26,10128
20170917,8,160,10,20,20,91,91,2,62,10131
20170917,9,140,20,20,30,99,96,2,90,10133
20170917,10,170,20,20,30,118,100,4,137,10133
20170917,11,180,20,30,40,140,97,10,217,10131
20170917,12,180,20,20,50,156,94,7,189,10127
20170917,13,210,20,20,40,152,90,0,97,10124
20170917,14,260,20,30,50,168,85,5,145,10121
20170917,15,240,30,30,60,160,80,9,146,10118
20170917,16,260,20,20,50,164,75,10,122,10118
20170917,17,320,20,20,40,146,101,8,33,10122
20170917,18,330,10,10,30,123,108,2,5,10124
20170917,19,330,10,10,20,106,102,0,0,10129
20170917,20,130,10,10,20,110,106,0,0,10130
20170917,21,130,10,10,20,111,106,0,0,10130
20170917,22,170,10,20,20,113,99,0,0,10130
20170917,23,190,10,10,30,106,100,0,0,10128
20170917,24,0,10,0,10,105,102,0,0,10126
20170918,1,220,10,20,30,111,104,0,0,10122
20170918,2,230,20,20,30,109,103,0,0,10122
20170918,3,240,20,20,40,107,105,0,0,10120
20170918,4,230,20,20,30,104,101,0,0,10119
20170918,5,200,10,10,20,91,90,0,0,10119
20170918,6,990,10,10,20,97,94,0,6,10122
20170918,7,200,20,20,30,115,112,8,45,10124
20170918,8,210,30,30,50,131,112,8,89,10126
20170918,9,240,30,30,50,141,107,8,139,10127
20170918,10,240,30,30,70,149,107,7,160,10127
20170918,11,230,30,40,70,144,98,0,103,10129
20170918,12,270,30,20,60,150,103,1,119,10128
20170918,13,270,20,30,50,150,97,1,76,10127
20170918,14,250,30,30,60,151,96,5,115,10128
20170918,15,240,20,20,60,156,106,7,117,10127
20170918,16,990,20,10,40,146,104,7,89,10129
20170918,17,260,20,20,40,144,104,2,20,10132
20170918,18,250,10,20,40,135,103,0,3,10135
20170918,19,230,20,20,30,114,98,0,0,10138
20170918,20,230,20,20,30,98,90,0,0,10140
20170918,21,200,20,10,20,85,82,0,0,10141
20170918,22,230,20,10,20,87,84,0,0,10142
20170918,23,240,10,10,20,75,74,0,0,10143
20170918,24,0,0,0,10,87,84,0,0,10145
20170919,1,330,10,10,30,105,105,0,0,10147
20170919,2,340,10,10,30,101,101,0,0,10148
20170919,3,350,20,20,40,89,89,0,0,10151
20170919,4,20,20,10,30,83,83,0,0,10156
20170919,5,340,10,10,30,83,83,0,0,10160
20170919,6,120,10,10,30,91,91,0,2,10164
20170919,7,10,10,20,40,101,98,0,16,10172
20170919,8,360,20,20,40,105,103,0,41,10176
20170919,9,20,20,20,30,121,106,2,82,10182
20170919,10,340,20,20,40,145,115,8,157,10184
20170919,11,20,20,20,40,160,104,10,203,10185
20170919,12,300,20,20,40,168,98,7,176,10185
20170919,13,310,20,20,40,163,90,3,121,10187
20170919,14,270,20,20,70,162,104,1,75,10189
20170919,15,320,20,20,40,162,99,2,82,10189
20170919,16,300,20,20,40,161,101,1,57,10191
20170919,17,310,20,20,40,153,107,7,34,10194
20170919,18,310,20,20,30,138,103,2,6,10200
20170919,19,310,10,10,40,115,102,0,0,10205
20170919,20,290,10,20,20,96,91,0,0,10207
20170919,21,270,10,20,30,91,86,0,0,10208
20170919,22,240,20,10,30,105,98,0,0,10206
20170919,23,240,10,20,20,91,88,0,0,10205
20170919,24,230,20,10,30,80,76,0,0,10204
20170920,1,220,10,10,30,88,83,0,0,10204
20170920,2,220,10,10,30,93,88,0,0,10200
20170920,3,230,20,20,40,116,105,0,0,10199
20170920,4,220,20,20,40,119,107,0,0,10198
20170920,5,220,30,30,60,121,109,0,0,10194
20170920,6,230,30,30,70,122,106,0,1,10197
20170920,7,230,30,30,60,117,109,0,2,10199
20170920,8,230,20,20,40,123,108,0,15,10201
20170920,9,210,20,20,40,134,109,0,34,10203
20170920,10,220,30,30,50,148,111,2,86,10203
20170920,11,210,30,40,60,164,111,7,184,10200
20170920,12,230,40,40,60,169,101,7,153,10199
20170920,13,220,40,40,70,162,105,3,116,10197
20170920,14,230,40,30,70,173,104,6,146,10196
20170920,15,220,30,30,60,158,107,0,21,10194
20170920,16,250,20,30,50,166,94,3,52,10192
20170920,17,220,20,20,50,155,105,5,24,10192
20170920,18,220,20,20,30,134,108,2,7,10194
20170920,19,200,10,10,20,118,107,0,0,10197
20170920,20,190,10,20,30,119,108,0,0,10197
20170920,21,180,20,20,40,136,110,0,0,10197
20170920,22,190,20,30,50,140,109,0,0,10197
20170920,23,180,20,20,40,134,109,0,0,10196
20170920,24,170,20,20,40,129,110,0,0,10197
20170921,1,180,20,20,40,128,108,0,0,10197
20170921,2,170,20,20,40,126,106,0,0,10197
20170921,3,160,20,20,40,120,103,0,0,10196
20170921,4,170,20,20,40,113,97,0,0,10194
20170921,5,150,20,20,40,103,93,0,0,10195
20170921,6,160,20,20,40,104,92,2,5,10197
20170921,7,160,20,30,40,115,91,10,40,10197
20170921,8,170,30,30,40,135,100,7,81,10200
20170921,9,180,30,30,60,148,103,9,122,10202
20170921,10,170,30,40,60,162,111,10,175,10198
20170921,11,180,40,40,60,172,111,8,170,10197
20170921,12,190,40,40,70,175,104,7,157,10193
20170921,13,180,40,40,70,176,103,6,139,10191
20170921,14,170,40,30,70,176,100,7,141,10188
20170921,15,180,30,40,70,183,103,10,137,10185
20170921,16,170,30,30,60,176,98,8,86,10186
20170921,17,140,20,20,40,157,106,0,21,10187
20170921,18,130,10,10,30,128,110,2,3,10189
20170921,19,130,10,20,20,115,107,0,0,10193
20170921,20,130,20,10,20,102,97,0,0,10194
20170921,21,130,10,10,20,103,98,0,0,10194
20170921,22,120,10,10,20,105,102,0,0,10193
20170921,23,120,10,10,20,92,90,0,0,10193
20170921,24,0,10,0,20,96,93,0,0,10194
20170922,1,140,10,10,10,87,86,0,0,10192
20170922,2,160,10,10,20,77,74,0,0,10190
20170922,3,110,10,10,20,75,75,0,0,10191
20170922,4,140,10,10,10,75,72,0,0,10189
20170922,5,150,10,10,20,81,78,0,0,10191
20170922,6,160,10,10,20,84,81,0,3,10193
20170922,7,220,10,10,20,115,106,7,39,10196
20170922,8,220,10,10,30,131,112,0,45,10199
20170922,9,210,10,10,20,147,124,0,52,10201
20170922,10,990,10,10,30,164,130,1,97,10201
20170922,11,300,10,10,30,168,132,0,74,10202
20170922,12,250,10,20,30,170,137,0,61,10203
20170922,13,990,10,10,40,184,129,7,176,10201
20170922,14,290,20,30,70,154,135,1,39,10205
20170922,15,320,20,30,50,174,137,8,114,10206
20170922,16,310,20,10,50,165,138,5,63,10209
20170922,17,300,20,20,40,158,133,3,17,10214
20170922,18,990,20,10,40,143,123,2,4,10220
20170922,19,290,20,20,30,122,109,0,0,10226
20170922,20,300,10,10,30,97,94,0,0,10228
20170922,21,300,10,10,20,83,82,0,0,10232
20170922,22,320,10,10,20,71,69,0,0,10232
20170922,23,0,10,0,10,66,66,0,0,10235
20170922,24,230,10,10,10,58,58,0,0,10239
20170923,1,120,10,10,10,55,55,0,0,10240
20170923,2,0,10,0,10,48,48,0,0,10241
20170923,3,0,0,0,10,45,45,0,0,10242
20170923,4,0,0,0,10,43,43,0,0,10240
20170923,5,140,10,10,10,41,38,0,0,10241
20170923,6,140,10,10,10,47,47,2,4,10245
20170923,7,120,10,10,10,74,70,5,29,10246
20170923,8,120,10,10,10,123,95,10,89,10248
20170923,9,150,10,10,20,147,95,10,142,10252
20170923,10,990,10,10,30,158,99,10,185,10250
20170923,11,100,10,10,30,165,95,10,212,10248
20170923,12,130,10,10,20,172,86,8,167,10245
20170923,13,990,10,10,30,176,88,10,226,10243
20170923,14,990,10,10,40,181,80,10,151,10237
20170923,15,60,20,10,30,176,88,7,84,10231
20170923,16,80,20,20,40,172,79,10,92,10232
20170923,17,40,20,20,30,159,84,10,38,10234
20170923,18,30,20,20,40,125,96,0,3,10234
20170923,19,20,20,20,40,119,101,0,0,10237
20170923,20,50,20,20,40,101,90,0,0,10236
20170923,21,50,10,10,20,80,76,0,0,10236
20170923,22,60,10,10,20,72,72,0,0,10235
20170923,23,70,10,10,20,67,64,0,0,10233
20170923,24,70,10,10,20,64,62,0,0,10231
20170924,1,40,10,10,20,58,55,0,0,10230
20170924,2,30,10,10,20,55,52,0,0,10231
20170924,3,40,10,10,20,52,49,0,0,10229
20170924,4,70,10,10,20,49,48,0,0,10227
20170924,5,50,10,10,10,47,44,0,0,10228
20170924,6,40,10,10,20,48,45,0,2,10231
20170924,7,40,10,10,20,80,77,0,23,10232
20170924,8,40,10,10,20,100,97,5,71,10235
20170924,9,80,10,20,30,146,123,10,131,10234
20170924,10,100,20,20,40,173,128,10,171,10232
20170924,11,120,30,30,60,183,121,10,198,10230
20170924,12,140,30,20,60,191,130,9,203,10231
20170924,13,110,20,40,50,197,128,8,193,10230
20170924,14,100,30,30,60,197,123,8,151,10226
20170924,15,70,30,40,60,189,128,10,143,10225
20170924,16,80,30,40,60,185,117,10,88,10223
20170924,17,90,30,20,60,171,121,10,32,10224
20170924,18,80,10,10,30,130,118,0,2,10228
20170924,19,60,20,20,30,115,112,0,0,10229
20170924,20,70,20,20,30,101,98,0,0,10229
20170924,21,70,20,10,40,102,99,0,0,10230
20170924,22,80,20,30,40,108,103,0,0,10232
20170924,23,90,30,40,50,116,106,0,0,10229
20170924,24,90,30,30,40,112,106,0,0,10225
20170925,1,90,30,20,50,108,105,0,0,10224
20170925,2,70,20,30,40,111,108,0,0,10223
20170925,3,90,30,20,60,124,119,0,0,10219
20170925,4,60,20,20,40,113,110,0,0,10214
20170925,5,40,10,10,30,97,94,0,0,10215
20170925,6,50,20,20,30,115,112,0,2,10216
20170925,7,30,10,20,20,127,122,0,21,10219
20170925,8,90,30,30,50,140,131,0,49,10217
20170925,9,100,40,40,80,142,126,0,36,10220
20170925,10,100,40,50,70,158,131,3,97,10217
20170925,11,110,40,30,70,172,132,6,161,10214
20170925,12,120,30,30,50,174,130,3,124,10211
20170925,13,80,40,30,60,173,128,0,77,10211
20170925,14,80,30,40,60,174,128,1,87,10208
20170925,15,70,40,20,60,173,131,0,52,10209
20170925,16,40,30,20,50,172,132,0,42,10210
20170925,17,60,30,30,50,164,131,0,17,10212
20170925,18,40,20,20,50,147,130,0,1,10215
20170925,19,40,10,10,20,121,117,0,0,10216
20170925,20,40,20,20,30,141,130,0,0,10216
20170925,21,60,30,30,50,145,131,0,0,10217
20170925,22,50,20,10,50,143,131,0,0,10218
20170925,23,50,10,10,30,143,131,0,0,10217
20170925,24,60,10,10,20,138,131,0,0,10214
20170926,1,50,10,20,20,132,128,0,0,10216
20170926,2,40,10,10,20,126,124,0,0,10213
20170926,3,30,10,10,20,130,127,0,0,10212
20170926,4,60,20,20,40,128,126,0,0,10215
20170926,5,70,20,20,40,124,124,0,0,10215
20170926,6,50,20,20,40,119,119,0,1,10222
20170926,7,0,10,0,30,123,123,0,10,10224
20170926,8,40,10,20,30,129,126,0,22,10225
20170926,9,90,30,30,50,135,126,0,45,10226
20170926,10,70,30,30,50,141,126,0,56,10231
20170926,11,60,30,30,50,164,133,1,106,10231
20170926,12,40,30,20,50,160,128,2,131,10231
20170926,13,30,30,20,50,161,130,1,98,10229
20170926,14,50,30,30,50,166,131,2,107,10226
20170926,15,60,30,30,50,167,125,9,116,10224
20170926,16,60,20,20,40,166,129,10,71,10224
20170926,17,60,20,20,40,155,124,10,27,10229
20170926,18,30,20,20,30,132,120,0,2,10233
20170926,19,50,20,20,30,114,109,0,0,10235
20170926,20,40,10,20,30,108,104,0,0,10235
20170926,21,360,10,10,20,102,99,0,0,10236
20170926,22,30,10,10,20,89,88,0,0,10235
20170926,23,50,20,20,30,101,98,0,0,10232
20170926,24,70,20,10,30,95,92,0,0,10230
20170927,1,50,10,10,10,78,75,0,0,10232
20170927,2,20,10,10,20,73,73,0,0,10232
20170927,3,50,10,20,30,70,70,0,0,10229
20170927,4,80,30,20,50,101,101,0,0,10227
20170927,5,70,20,20,40,98,98,0,0,10227
20170927,6,70,10,20,30,98,98,0,1,10232
20170927,7,60,20,20,30,102,102,0,16,10232
20170927,8,70,20,20,30,113,110,0,39,10235
20170927,9,70,20,30,40,122,120,1,58,10235
20170927,10,90,30,30,50,132,124,1,91,10233
20170927,11,70,30,30,50,158,131,8,157,10228
20170927,12,100,30,20,50,186,139,10,198,10224
20170927,13,150,30,30,60,197,141,10,192,10220
20170927,14,140,40,40,60,196,137,7,131,10218
20170927,15,140,30,30,60,201,132,10,125,10215
20170927,16,130,30,30,50,194,125,10,76,10214
20170927,17,110,30,20,40,177,129,7,24,10216
20170927,18,100,20,20,30,142,127,0,0,10218
20170927,19,110,20,20,30,132,120,0,0,10219
20170927,20,110,20,20,30,131,121,0,0,10220
20170927,21,110,20,20,30,141,123,0,0,10217
20170927,22,110,20,20,30,132,123,0,0,10215
20170927,23,110,20,20,30,139,124,0,0,10214
20170927,24,120,20,20,30,141,125,0,0,10212
20170928,1,120,20,30,40,143,124,0,0,10210
20170928,2,140,30,30,40,143,124,0,0,10208
20170928,3,150,20,20,40,143,123,0,0,10208
20170928,4,160,20,20,40,145,123,0,0,10207
20170928,5,150,20,30,40,139,126,0,0,10208
20170928,6,140,20,20,40,139,127,0,0,10210
20170928,7,110,20,20,30,137,130,0,4,10214
20170928,8,150,20,30,50,141,132,0,9,10217
20170928,9,120,20,20,40,146,139,0,24,10216
20170928,10,140,30,30,60,155,146,0,63,10214
20170928,11,160,40,40,60,171,150,7,173,10212
20170928,12,140,30,30,50,182,156,1,105,10212
20170928,13,130,30,30,50,188,161,3,125,10211
20170928,14,180,30,30,60,196,155,4,85,10212
20170928,15,150,20,20,50,194,160,0,28,10209
20170928,16,130,30,20,40,193,163,0,25,10207
20170928,17,140,30,30,50,185,163,2,11,10210
20170928,18,160,20,20,40,176,164,0,0,10215
20170928,19,170,20,10,40,165,158,0,0,10218
20170928,20,150,10,10,20,139,136,0,0,10219
20170928,21,990,10,10,30,152,151,0,0,10219
20170928,22,170,10,20,30,137,137,0,0,10218
20170928,23,160,20,20,30,141,141,0,0,10217
20170928,24,150,20,20,30,132,132,0,0,10213
20170929,1,150,10,20,20,131,131,0,0,10212
20170929,2,140,10,10,20,138,138,0,0,10210
20170929,3,150,10,20,30,141,138,0,0,10207
20170929,4,160,20,20,40,143,140,0,0,10208
20170929,5,180,20,20,40,143,140,0,0,10207
20170929,6,160,10,20,40,138,135,0,1,10206
20170929,7,150,30,30,40,147,145,3,25,10204
20170929,8,160,30,30,60,164,153,7,70,10204
20170929,9,150,40,40,70,181,163,7,110,10199
20170929,10,160,40,40,70,184,160,1,101,10193
20170929,11,150,40,50,80,193,162,2,127,10187
20170929,12,150,40,40,80,206,165,5,143,10182
20170929,13,160,50,50,80,214,169,8,173,10175
20170929,14,140,50,50,90,227,177,8,143,10168
20170929,15,150,50,40,80,218,171,7,93,10165
20170929,16,140,40,40,70,210,176,0,27,10158
20170929,17,160,40,40,80,198,178,0,4,10157
20170929,18,240,30,20,100,180,176,0,1,10163
20170929,19,260,30,30,70,173,162,0,0,10167
20170929,20,250,30,20,60,168,157,0,0,10172
20170929,21,240,20,20,50,160,152,0,0,10170
20170929,22,240,10,10,30,151,149,0,0,10166
20170929,23,210,20,20,40,156,146,0,0,10165
20170929,24,990,10,10,30,151,148,0,0,10161
20170930,1,210,20,30,40,157,146,0,0,10169
20170930,2,220,20,20,40,155,148,0,0,10165
20170930,3,210,10,10,30,144,141,0,0,10163
20170930,4,220,10,10,20,148,145,0,0,10162
20170930,5,230,10,10,20,146,143,0,0,10157
20170930,6,30,10,10,20,145,141,0,0,10161
20170930,7,290,10,10,20,149,143,0,9,10162
20170930,8,310,10,10,20,151,145,0,13,10163
20170930,9,300,10,10,20,155,147,0,23,10166
20170930,10,280,10,20,50,155,144,0,27,10165
20170930,11,290,20,20,60,148,131,0,32,10165
20170930,12,260,20,20,60,142,111,0,33,10163
20170930,13,290,20,30,50,139,119,0,26,10166
20170930,14,280,10,10,40,136,119,0,28,10168
20170930,15,220,20,20,30,147,124,1,42,10168
20170930,16,250,20,10,30,150,122,5,48,10171
20170930,17,260,10,10,30,128,112,3,14,10176
20170930,18,230,20,10,40,106,100,0,1,10180
20170930,19,230,20,20,20,101,97,0,0,10183
20170930,20,220,20,20,30,83,80,0,0,10184
20170930,21,200,20,10,30,83,80,0,0,10182
20170930,22,200,10,10,20,79,78,0,0,10182
20170930,23,160,20,20,40,93,90,0,0,10181
20170930,24,150,20,20,40,101,98,0,0,10183
20171001,1,150,20,20,30,99,97,0,0,10184
20171001,2,170,20,30,40,102,96,0,0,10182
20171001,3,160,20,20,40,97,93,0,0,10184
20171001,4,160,20,30,40,99,93,0,0,10183
20171001,5,160,30,30,50,102,93,0,0,10181
20171001,6,150,30,30,40,98,89,0,1,10182
20171001,7,160,30,30,50,115,98,7,29,10182
20171001,8,180,30,50,70,132,104,4,63,10181
20171001,9,180,40,50,70,141,108,5,89,10181
20171001,10,180,40,40,90,156,118,2,103,10178
20171001,11,180,60,70,110,168,112,8,171,10176
20171001,12,190,60,70,120,171,102,2,113,10172
20171001,13,190,70,70,130,168,103,1,80,10168
20171001,14,180,60,60,110,165,105,0,31,10167
20171001,15,180,60,50,110,163,109,0,22,10161
20171001,16,180,50,50,100,161,108,0,18,10158
20171001,17,180,40,50,90,158,109,0,7,10154
20171001,18,180,50,50,80,158,109,0,0,10154
20171001,19,190,50,50,100,158,110,0,0,10153
20171001,20,190,60,60,110,156,112,0,0,10145
20171001,21,180,60,60,100,154,114,0,0,10140
20171001,22,190,60,70,130,153,116,0,0,10136
20171001,23,180,70,70,130,150,122,0,0,10121
20171001,24,180,70,70,130,150,126,0,0,10111
20171002,1,180,70,70,150,147,132,0,0,10107
20171002,2,190,60,60,120,148,136,0,0,10105
20171002,3,210,50,60,100,149,143,0,0,10101
20171002,4,220,60,50,100,158,148,0,0,10097
20171002,5,230,60,60,130,165,137,0,0,10096
20171002,6,230,60,50,120,162,135,0,0,10098
20171002,7,240,60,50,110,159,137,0,6,10098
20171002,8,240,40,40,80,158,127,0,19,10104
20171002,9,250,50,60,100,170,123,7,85,10105
20171002,10,250,60,50,130,167,113,5,95,10109
20171002,11,260,50,40,100,178,110,3,93,10112
20171002,12,260,60,50,130,170,111,2,101,10114
20171002,13,250,60,50,110,173,104,2,93,10110
20171002,14,240,60,50,120,168,107,4,89,10111
20171002,15,250,60,60,130,161,105,0,46,10115
20171002,16,250,60,50,120,156,97,0,14,10119
20171002,17,250,40,40,110,153,97,0,7,10116
20171002,18,230,40,40,80,148,98,0,0,10115
20171002,19,240,40,40,80,147,100,0,0,10113
20171002,20,240,40,40,80,146,96,0,0,10115
20171002,21,250,40,40,80,146,98,0,0,10117
20171002,22,240,40,30,80,141,111,0,0,10117
20171002,23,230,20,20,60,135,111,0,0,10119
20171002,24,270,30,30,70,137,92,0,0,10119
20171003,1,270,30,30,60,137,94,0,0,10121
20171003,2,270,30,30,70,135,96,0,0,10122
20171003,3,270,30,30,60,130,96,0,0,10125
20171003,4,260,30,30,60,126,98,0,0,10129
20171003,5,260,30,30,70,119,105,0,0,10135
20171003,6,270,30,30,60,120,103,0,0,10142
20171003,7,270,30,20,60,125,105,3,15,10153
20171003,8,270,30,30,60,138,107,5,57,10161
20171003,9,270,30,30,70,145,99,8,92,10170
20171003,10,300,40,40,90,147,96,4,100,10181
20171003,11,280,50,50,100,155,89,8,155,10188
20171003,12,290,50,40,110,153,96,8,149,10196
20171003,13,300,40,30,100,149,91,4,104,10201
20171003,14,280,50,50,90,145,95,7,95,10206
20171003,15,290,40,40,90,152,89,4,66,10210
20171003,16,280,40,40,120,144,86,8,66,10214
20171003,17,280,40,40,90,139,87,0,7,10222
20171003,18,270,30,30,60,134,86,0,0,10225
20171003,19,240,30,20,50,132,88,0,0,10227
20171003,20,240,20,30,60,131,88,0,0,10227
20171003,21,230,30,20,50,127,90,0,0,10226
20171003,22,230,20,20,40,128,91,0,0,10227
20171003,23,230,30,30,50,128,83,0,0,10224
20171003,24,230,30,30,50,128,84,0,0,10223
20171004,1,230,30,30,50,127,83,0,0,10220
20171004,2,230,30,30,50,124,84,0,0,10218
20171004,3,260,30,40,60,127,65,0,0,10216
20171004,4,240,30,30,70,124,64,0,0,10209
20171004,5,240,30,30,70,115,69,0,0,10210
20171004,6,240,30,40,60,118,69,0,0,10206
20171004,7,220,30,30,60,115,73,0,12,10203
20171004,8,230,30,40,60,124,79,0,37,10204
20171004,9,240,50,50,80,134,72,0,55,10205
20171004,10,240,50,50,110,139,77,0,66,10200
20171004,11,260,60,50,120,147,73,1,92,10199
20171004,12,260,60,60,120,148,76,2,113,10198
20171004,13,250,50,40,120,142,81,0,59,10193
20171004,14,250,60,60,110,141,78,0,40,10189
20171004,15,260,60,60,120,139,77,0,38,10188
20171004,16,250,50,40,110,136,82,0,20,10182
20171004,17,240,50,50,100,131,83,0,10,10177
20171004,18,240,40,40,90,129,86,0,0,10176
20171004,19,230,30,40,70,130,85,0,0,10169
20171004,20,230,40,40,70,134,89,0,0,10169
20171004,21,230,40,40,60,130,96,0,0,10164
20171004,22,240,40,40,70,123,109,0,0,10158
20171004,23,230,40,30,80,121,113,0,0,10148
20171004,24,230,40,40,80,120,117,0,0,10134
20171005,1,230,50,60,100,120,115,0,0,10118
20171005,2,220,50,50,100,121,115,0,0,10101
20171005,3,230,50,60,110,122,118,0,0,10085
20171005,4,230,60,60,110,127,123,0,0,10071
20171005,5,240,70,70,120,137,130,0,0,10058
20171005,6,250,70,70,150,139,133,0,0,10048
20171005,7,250,70,70,160,146,139,0,3,10042
20171005,8,260,80,90,170,157,133,0,10,10042
20171005,9,300,90,70,180,144,107,1,49,10063
20171005,10,310,80,80,180,141,94,6,85,10082
20171005,11,310,70,80,160,142,79,7,133,10101
20171005,12,320,60,50,160,147,87,7,124,10114
20171005,13,310,60,70,140,143,79,8,137,10122
20171005,14,310,60,50,120,126,98,8,131,10131
20171005,15,300,40,50,110,130,93,5,55,10137
20171005,16,290,50,50,130,134,86,10,60,10142
20171005,17,290,50,40,110,128,78,5,15,10149
20171005,18,290,40,30,90,118,79,0,0,10156
20171005,19,290,30,20,80,114,64,0,0,10158
20171005,20,280,30,30,60,113,62,0,0,10162
20171005,21,280,30,30,50,108,62,0,0,10161
20171005,22,280,30,30,60,110,62,0,0,10163
20171005,23,280,30,30,70,109,59,0,0,10162
20171005,24,260,20,20,50,109,60,0,0,10162
20171006,1,300,30,30,70,116,70,0,0,10165
20171006,2,300,30,30,80,106,79,0,0,10165
20171006,3,280,30,20,70,102,81,0,0,10162
20171006,4,280,20,20,50,98,76,0,0,10162
20171006,5,270,30,30,50,98,71,0,0,10162
20171006,6,300,30,40,80,103,73,0,0,10166
20171006,7,290,30,40,80,103,82,2,15,10171
20171006,8,290,30,40,70,104,87,0,31,10179
20171006,9,320,30,20,70,120,101,6,68,10187
20171006,10,310,30,30,70,118,98,5,99,10194
20171006,11,320,40,60,100,141,87,9,143,10198
20171006,12,310,50,40,110,124,96,7,111,10205
20171006,13,310,50,50,120,147,95,9,178,10203
20171006,14,320,50,50,110,145,84,8,121,10210
20171006,15,330,50,50,100,130,90,6,84,10215
20171006,16,350,50,60,100,121,98,7,53,10220
20171006,17,320,30,30,70,119,88,3,9,10224
20171006,18,290,20,20,50,117,90,0,0,10230
20171006,19,280,20,20,60,114,96,0,0,10229
20171006,20,270,20,20,40,111,96,0,0,10232
20171006,21,290,20,20,40,110,95,0,0,10239
20171006,22,250,10,10,30,103,94,0,0,10236
20171006,23,260,20,10,40,109,90,0,0,10232
20171006,24,250,20,20,50,114,78,0,0,10226
20171007,1,240,30,30,60,111,65,0,0,10223
20171007,2,230,30,30,60,108,63,0,0,10213
20171007,3,210,30,30,60,108,70,0,0,10207
20171007,4,220,40,50,80,108,76,0,0,10200
20171007,5,220,50,50,90,109,72,0,0,10194
20171007,6,220,40,50,80,110,76,0,0,10185
20171007,7,220,50,50,100,113,79,0,6,10175
20171007,8,220,60,60,100,116,83,0,22,10169
20171007,9,230,60,60,120,117,89,0,17,10162
20171007,10,230,60,70,120,120,100,0,33,10153
20171007,11,230,70,70,130,122,111,0,31,10146
20171007,12,230,70,70,120,123,117,0,29,10136
20171007,13,230,60,60,110,126,122,0,24,10126
20171007,14,240,50,40,100,132,130,0,14,10121
20171007,15,250,40,40,70,141,132,0,16,10114
20171007,16,260,40,40,80,141,131,0,8,10109
20171007,17,250,40,40,80,141,126,0,4,10103
20171007,18,270,40,40,80,129,122,0,0,10107
20171007,19,300,30,20,70,130,124,0,0,10108
20171007,20,280,30,30,50,129,123,0,0,10111
20171007,21,280,30,20,70,128,122,0,0,10112
20171007,22,280,20,20,60,125,120,0,0,10116
20171007,23,270,20,20,40,123,118,0,0,10118
20171007,24,270,20,20,40,122,114,0,0,10121
20171008,1,270,20,20,40,119,112,0,0,10124
20171008,2,260,20,20,50,118,110,0,0,10127
20171008,3,260,20,30,50,118,110,0,0,10129
20171008,4,310,30,30,50,122,111,0,0,10137
20171008,5,280,20,10,40,109,106,0,0,10140
20171008,6,280,20,20,40,116,109,0,0,10148
20171008,7,300,10,10,30,123,114,3,16,10155
20171008,8,290,20,20,40,124,113,0,21,10162
20171008,9,320,20,20,40,132,113,0,55,10170
20171008,10,10,30,30,60,138,102,8,119,10175
20171008,11,340,30,30,60,140,89,4,102,10178
20171008,12,350,20,20,60,137,89,0,76,10183
20171008,13,340,20,10,60,130,93,0,34,10185
20171008,14,340,20,20,50,142,89,4,62,10186
20171008,15,340,20,20,40,141,79,10,100,10185
20171008,16,330,20,20,40,133,86,0,14,10190
20171008,17,350,20,20,30,128,87,0,5,10196
20171008,18,350,20,20,40,122,82,0,0,10201
20171008,19,0,10,0,30,102,90,0,0,10205
20171008,20,0,10,0,30,100,90,0,0,10207
20171008,21,260,10,20,20,101,91,0,0,10209
20171008,22,240,10,10,20,101,96,0,0,10207
20171008,23,240,0,10,10,99,96,0,0,10207
20171008,24,100,10,10,10,101,95,0,0,10207
20171009,1,150,10,10,10,102,96,0,0,10206
20171009,2,220,10,20,30,107,94,0,0,10204
20171009,3,200,20,20,40,109,93,0,0,10200
20171009,4,190,20,20,40,107,92,0,0,10198
20171009,5,190,30,20,50,107,93,0,0,10196
20171009,6,190,20,20,40,106,95,0,0,10195
20171009,7,190,20,20,30,110,101,0,5,10193
20171009,8,190,10,10,30,116,105,0,13,10195
20171009,9,150,10,10,30,120,109,0,19,10196
20171009,10,160,10,20,20,126,115,0,25,10194
20171009,11,210,20,20,50,134,124,0,24,10191
20171009,12,330,20,20,50,127,120,0,7,10186
20171009,13,990,20,10,40,123,119,0,11,10182
20171009,14,260,20,20,80,126,122,0,5,10179
20171009,15,230,30,30,50,132,125,0,18,10177
20171009,16,250,30,20,60,129,121,0,8,10175
20171009,17,230,20,10,40,128,125,0,3,10175
20171009,18,200,20,20,30,129,126,0,0,10171
20171009,19,210,20,20,50,129,127,0,0,10168
20171009,20,210,20,20,40,129,125,0,0,10166
20171009,21,200,30,30,50,131,124,0,0,10163
20171009,22,210,30,30,60,128,119,0,0,10158
20171009,23,210,30,30,60,126,116,0,0,10154
20171009,24,210,30,30,50,127,117,0,0,10149
20171010,1,220,30,30,50,128,119,0,0,10145
20171010,2,230,30,30,60,128,123,0,0,10141
20171010,3,230,30,30,50,130,124,0,0,10139
20171010,4,230,30,40,60,130,125,0,0,10137
20171010,5,240,30,30,60,131,126,0,0,10137
20171010,6,240,30,20,50,125,121,0,0,10141
20171010,7,230,30,30,50,131,119,5,18,10143
20171010,8,230,30,30,50,139,119,3,42,10145
20171010,9,220,30,40,70,142,123,0,37,10147
20171010,10,230,50,50,90,147,118,0,56,10148
20171010,11,230,50,50,90,148,125,0,41,10147
20171010,12,230,50,50,90,148,128,0,47,10147
20171010,13,230,50,50,100,149,130,0,38,10146
20171010,14,240,50,50,90,157,128,1,49,10145
20171010,15,250,40,40,100,154,121,0,19,10147
20171010,16,250,40,30,80,152,122,0,11,10145
20171010,17,250,30,20,70,149,123,0,2,10149
20171010,18,230,30,40,80,150,122,0,0,10149
20171010,19,230,50,50,100,150,122,0,0,10150
20171010,20,230,50,50,100,150,123,0,0,10149
20171010,21,230,50,60,100,148,124,0,0,10149
20171010,22,230,50,50,100,147,122,0,0,10147
20171010,23,230,50,50,100,147,123,0,0,10145
20171010,24,220,60,50,110,146,123,0,0,10144
20171011,1,220,60,50,100,147,124,0,0,10142
20171011,2,220,60,60,110,144,126,0,0,10140
20171011,3,220,60,60,110,144,124,0,0,10138
20171011,4,220,60,60,110,143,122,0,0,10137
20171011,5,220,60,60,100,144,121,0,0,10135
20171011,6,220,60,50,100,143,122,0,0,10138
20171011,7,220,60,50,130,144,122,0,1,10140
20171011,8,220,50,50,100,147,121,0,18,10141
20171011,9,210,50,60,100,150,121,0,40,10142
20171011,10,220,60,60,120,156,115,1,70,10139
20171011,11,220,70,70,140,159,113,0,67,10138
20171011,12,220,70,70,120,157,116,0,76,10134
20171011,13,220,60,70,120,155,114,0,66,10132
20171011,14,220,60,50,110,153,115,0,37,10130
20171011,15,210,50,50,100,153,108,0,18,10125
20171011,16,210,60,60,90,152,102,0,17,10122
20171011,17,200,60,60,110,149,96,0,3,10121
20171011,18,210,60,50,120,145,93,0,0,10122
20171011,19,200,50,50,90,143,99,0,0,10120
20171011,20,200,60,60,110,146,99,0,0,10117
20171011,21,210,70,60,120,148,101,0,0,10114
20171011,22,210,60,70,130,147,109,0,0,10111
20171011,23,220,70,70,130,149,116,0,0,10106
20171011,24,230,70,60,140,144,127,0,0,10108
20171012,1,240,60,50,120,143,130,0,0,10113
20171012,2,250,50,40,90,145,117,0,0,10120
20171012,3,260,40,50,100,138,103,0,0,10128
20171012,4,260,40,40,80,131,95,0,0,10140
20171012,5,260,40,40,80,131,91,0,0,10151
20171012,6,260,30,30,70,126,90,0,0,10161
20171012,7,240,30,30,60,125,91,0,6,10174
20171012,8,240,30,40,60,131,92,0,32,10183
20171012,9,260,40,40,80,142,90,9,92,10191
20171012,10,270,50,50,100,145,81,3,72,10202
20171012,11,270,50,50,100,154,74,7,136,10206
20171012,12,250,50,60,120,152,68,6,136,10210
20171012,13,260,50,60,120,154,74,4,120,10215
20171012,14,260,50,50,110,155,78,5,101,10217
20171012,15,250,50,40,100,156,83,6,67,10219
20171012,16,240,40,30,90,148,94,10,38,10221
20171012,17,230,30,30,60,140,94,3,9,10223
20171012,18,230,20,10,50,119,92,0,0,10224
20171012,19,230,20,30,40,120,88,0,0,10226
20171012,20,210,20,20,40,113,91,0,0,10227
20171012,21,210,20,30,40,110,95,0,0,10228
20171012,22,210,20,30,40,114,99,0,0,10226
20171012,23,210,30,20,40,112,101,0,0,10224
20171012,24,210,30,30,50,110,97,0,0,10227
20171013,1,200,30,20,50,119,101,0,0,10227
20171013,2,210,30,20,60,120,103,0,0,10227
20171013,3,220,30,20,60,115,101,0,0,10226
20171013,4,210,30,40,50,120,104,0,0,10227
20171013,5,210,30,30,50,111,99,0,0,10228
20171013,6,220,30,30,60,116,112,0,0,10230
20171013,7,210,30,30,70,124,119,0,4,10232
20171013,8,220,40,40,70,127,121,0,31,10235
20171013,9,230,30,20,60,142,133,0,25,10238
20171013,10,220,30,40,80,172,141,6,106,10237
20171013,11,240,50,50,100,174,140,5,111,10239
20171013,12,230,60,60,100,180,138,1,74,10238
20171013,13,230,60,60,110,181,140,2,65,10236
20171013,14,230,40,50,90,178,143,0,28,10237
20171013,15,220,40,40,90,179,145,0,27,10235
20171013,16,220,50,50,90,179,145,8,36,10235
20171013,17,210,40,40,80,175,144,2,5,10235
20171013,18,210,40,40,70,173,141,0,0,10237
20171013,19,210,40,50,70,174,139,0,0,10238
20171013,20,210,40,40,80,172,139,0,0,10238
20171013,21,220,40,40,80,166,139,0,0,10239
20171013,22,220,30,30,70,158,139,0,0,10240
20171013,23,230,30,30,70,155,139,0,0,10242
20171013,24,230,40,40,80,153,139,0,0,10245
20171014,1,220,40,30,70,147,137,0,0,10244
20171014,2,210,30,30,60,141,132,0,0,10243
20171014,3,220,30,30,50,139,129,0,0,10244
20171014,4,220,30,30,50,136,127,0,0,10246
20171014,5,220,30,30,50,134,126,0,0,10245
20171014,6,230,40,40,80,143,131,0,0,10248
20171014,7,220,40,30,80,145,135,0,9,10251
20171014,8,210,30,40,60,151,136,5,36,10256
20171014,9,220,40,40,90,168,141,10,99,10257
20171014,10,220,40,40,70,180,144,10,134,10257
20171014,11,220,50,50,90,188,144,10,158,10257
20171014,12,230,50,70,100,186,141,9,156,10255
20171014,13,220,50,50,90,191,142,10,145,10251
20171014,14,250,50,40,100,189,143,9,120,10251
20171014,15,240,50,50,90,191,142,10,89,10252
20171014,16,240,40,30,80,184,145,10,43,10254
20171014,17,240,20,10,50,162,141,2,6,10255
20171014,18,250,10,10,20,134,126,0,0,10258
20171014,19,210,10,10,20,123,123,0,0,10258
20171014,20,160,10,20,20,113,111,0,0,10255
20171014,21,140,10,10,20,111,110,0,0,10252
20171014,22,120,10,10,20,101,101,0,0,10251
20171014,23,140,10,10,10,99,99,0,0,10251
20171014,24,140,10,10,10,99,99,0,0,10248
20171015,1,140,10,20,20,94,94,0,0,10244
20171015,2,140,10,10,20,94,92,0,0,10240
20171015,3,150,20,20,30,107,107,0,0,10237
20171015,4,140,10,10,20,106,106,0,0,10235
20171015,5,160,20,20,30,119,116,0,0,10232
20171015,6,150,20,20,30,114,111,0,0,10230
20171015,7,160,30,30,50,118,115,0,10,10230
20171015,8,160,30,30,50,131,124,7,48,10228
20171015,9,170,30,40,60,154,132,10,91,10225
20171015,10,170,40,40,60,174,138,10,131,10220
20171015,11,170,40,40,60,189,141,10,155,10216
20171015,12,170,40,30,60,205,147,10,162,10208
20171015,13,180,40,40,60,217,150,10,151,10204
20171015,14,170,40,40,80,220,147,10,125,10200
20171015,15,160,40,40,70,218,146,10,86,10193
20171015,16,160,30,30,60,206,143,10,39,10193
20171015,17,160,20,20,40,183,136,2,6,10193
20171015,18,160,30,30,40,175,135,0,0,10194
20171015,19,170,20,20,40,168,132,0,0,10197
20171015,20,180,30,30,50,155,126,0,0,10199
20171015,21,180,30,30,50,157,124,0,0,10202
20171015,22,190,30,40,60,165,127,0,0,10202
20171015,23,200,30,30,60,161,129,0,0,10202
20171015,24,190,30,30,50,156,130,0,0,10202
20171016,1,170,20,20,40,146,129,0,0,10201
20171016,2,180,30,20,50,145,130,0,0,10199
20171016,3,170,20,20,40,138,128,0,0,10200
20171016,4,160,20,20,40,141,130,0,0,10195
20171016,5,160,20,20,30,138,130,0,0,10195
20171016,6,170,20,20,40,143,132,0,0,10195
20171016,7,180,20,30,40,148,135,0,8,10200
20171016,8,170,20,20,40,167,144,0,41,10202
20171016,9,190,30,30,50,192,154,8,83,10204
20171016,10,190,30,40,60,206,159,10,115,10204
20171016,11,190,40,50,70,216,162,10,137,10204
20171016,12,180,40,40,70,228,169,10,144,10199
20171016,13,170,40,30,70,238,172,10,137,10194
20171016,14,170,30,40,60,242,177,10,111,10188
20171016,15,160,40,30,70,235,171,10,73,10186
20171016,16,160,30,30,60,223,167,8,30,10182
20171016,17,160,30,30,60,207,164,0,2,10181
20171016,18,160,30,30,60,202,156,0,0,10183
20171016,19,180,30,40,60,199,151,0,0,10186
20171016,20,190,40,40,70,200,146,0,0,10188
20171016,21,200,30,30,60,194,143,0,0,10191
20171016,22,240,30,30,60,183,142,0,0,10195
20171016,23,240,30,30,50,176,146,0,0,10198
20171016,24,240,30,30,70,165,126,0,0,10201
20171017,1,230,30,40,70,157,112,0,0,10204
20171017,2,230,40,30,90,155,109,0,0,10203
20171017,3,220,30,30,60,146,109,0,0,10204
20171017,4,220,30,30,50,140,110,0,0,10206
20171017,5,210,30,20,60,131,110,0,0,10208
20171017,6,210,30,30,60,129,109,0,0,10208
20171017,7,210,30,30,60,130,109,0,6,10212
20171017,8,210,30,30,60,137,113,0,27,10214
20171017,9,210,30,40,60,140,114,0,43,10214
20171017,10,210,30,30,60,142,115,0,46,10214
20171017,11,210,30,30,60,148,118,0,55,10214
20171017,12,220,30,40,70,149,116,0,53,10209
20171017,13,220,40,30,70,148,113,0,47,10203
20171017,14,230,30,30,60,150,113,0,44,10200
20171017,15,230,30,30,60,146,104,0,37,10194
20171017,16,220,20,20,50,141,103,3,20,10189
20171017,17,220,20,20,40,119,104,2,4,10189
20171017,18,200,20,10,30,113,102,0,0,10189
20171017,19,160,10,10,20,100,95,0,0,10186
20171017,20,150,10,10,20,90,86,0,0,10183
20171017,21,140,10,10,20,86,82,0,0,10179
20171017,22,0,10,0,20,88,85,0,0,10175
20171017,23,160,10,10,10,98,95,0,0,10173
20171017,24,50,10,10,10,107,102,0,0,10169
20171018,1,30,10,10,20,111,104,0,0,10166
20171018,2,60,10,10,20,113,104,0,0,10161
20171018,3,80,20,20,30,119,108,0,0,10156
20171018,4,80,20,30,40,121,107,0,0,10149
20171018,5,80,20,20,30,111,101,0,0,10144
20171018,6,60,20,20,40,106,100,0,0,10141
20171018,7,50,20,20,30,108,99,0,8,10140
20171018,8,40,20,20,30,122,107,2,38,10139
20171018,9,80,20,30,40,137,113,5,69,10137
20171018,10,100,20,20,40,153,122,8,98,10135
20171018,11,110,20,20,40,166,130,10,128,10132
20171018,12,100,10,20,30,179,132,10,140,10129
20171018,13,150,20,20,30,186,137,10,134,10124
20171018,14,110,20,30,40,179,141,10,110,10121
20171018,15,140,30,30,50,170,137,10,71,10121
20171018,16,100,20,20,40,158,133,10,27,10121
20171018,17,90,20,10,30,136,124,0,4,10122
20171018,18,90,20,20,20,122,118,0,0,10121
20171018,19,120,10,10,30,123,121,0,0,10123
20171018,20,130,10,10,20,134,128,0,0,10121
20171018,21,140,10,20,30,135,130,0,0,10121
20171018,22,140,10,10,20,137,129,0,0,10118
20171018,23,150,10,10,20,137,126,0,0,10118
20171018,24,160,20,20,30,131,123,0,0,10119
20171019,1,160,10,20,20,114,114,0,0,10120
20171019,2,160,20,20,30,114,114,0,0,10116
20171019,3,150,20,20,40,117,117,0,0,10115
20171019,4,150,10,10,20,105,105,0,0,10111
20171019,5,140,10,10,20,107,107,0,0,10109
20171019,6,130,10,20,30,108,105,0,0,10106
20171019,7,130,20,20,30,123,120,2,9,10106
20171019,8,150,30,20,50,131,119,0,26,10109
20171019,9,160,30,30,60,148,121,7,76,10111
20171019,10,150,40,30,60,169,127,9,111,10105
20171019,11,160,40,40,80,185,128,10,130,10100
20171019,12,140,40,40,80,194,136,10,136,10090
20171019,13,130,40,40,70,199,142,8,122,10083
20171019,14,140,40,30,70,197,139,4,81,10078
20171019,15,130,30,30,60,198,147,5,63,10076
20171019,16,130,40,40,70,190,139,10,39,10072
20171019,17,140,40,30,70,175,138,0,5,10077
20171019,18,140,30,30,50,169,139,0,0,10075
20171019,19,150,30,40,60,170,139,0,0,10072
20171019,20,150,30,30,60,171,140,0,0,10068
20171019,21,160,30,30,60,176,139,0,0,10070
20171019,22,160,30,30,60,174,136,0,0,10068
20171019,23,150,30,20,60,168,138,0,0,10066
20171019,24,150,30,30,60,164,135,0,0,10065
20171020,1,160,40,40,70,167,126,0,0,10061
20171020,2,160,40,40,80,158,124,0,0,10058
20171020,3,160,40,40,70,153,120,0,0,10054
20171020,4,160,40,40,80,151,116,0,0,10049
20171020,5,170,40,50,90,155,118,0,0,10042
20171020,6,170,50,50,100,155,126,0,0,10040
20171020,7,220,50,40,110,133,121,0,1,10051
20171020,8,200,50,50,100,142,123,2,30,10058
20171020,9,210,60,70,120,149,109,9,77,10060
20171020,10,210,70,80,140,146,100,6,86,10063
20171020,11,200,70,80,130,141,99,0,45,10065
20171020,12,200,80,70,140,134,101,0,29,10068
20171020,13,210,80,80,140,134,105,0,29,10070
20171020,14,220,70,70,140,131,112,0,23,10074
20171020,15,210,70,60,110,123,117,0,7,10081
20171020,16,220,60,70,110,124,116,0,3,10087
20171020,17,220,60,70,120,131,103,0,0,10093
20171020,18,230,70,60,130,134,92,0,0,10099
20171020,19,220,70,70,140,135,89,0,0,10104
20171020,20,230,60,60,120,134,85,0,0,10110
20171020,21,220,60,50,120,124,83,0,0,10113
20171020,22,210,50,40,90,116,84,0,0,10114
20171020,23,190,30,30,70,114,83,0,0,10115
20171020,24,180,30,30,50,105,81,0,0,10112
20171021,1,180,30,40,60,112,83,0,0,10108
20171021,2,180,40,40,70,115,81,0,0,10104
20171021,3,160,30,30,60,109,80,0,0,10095
20171021,4,160,30,30,60,107,82,0,0,10092
20171021,5,160,40,40,70,113,84,0,0,10084
20171021,6,170,40,40,80,119,88,0,0,10081
20171021,7,170,40,50,90,118,101,0,0,10081
20171021,8,180,50,50,90,125,115,0,10,10082
20171021,9,200,50,60,100,139,124,2,30,10085
20171021,10,210,60,60,110,150,128,4,52,10083
20171021,11,220,60,60,110,158,125,5,77,10085
20171021,12,220,60,60,120,170,113,8,107,10083
20171021,13,220,70,70,120,169,97,9,116,10081
20171021,14,220,70,70,120,172,87,10,103,10082
20171021,15,210,60,60,110,161,84,7,64,10082
20171021,16,200,50,50,90,155,81,5,20,10080
20171021,17,190,40,40,80,147,83,0,2,10080
20171021,18,230,50,60,140,142,86,0,0,10085
20171021,19,200,50,50,90,127,76,0,0,10082
20171021,20,200,50,50,90,120,79,0,0,10080
20171021,21,190,50,50,90,114,80,0,0,10079
20171021,22,180,50,50,80,111,77,0,0,10077
20171021,23,190,60,60,100,113,70,0,0,10073
20171021,24,190,60,60,100,110,68,0,0,10066
20171022,1,190,60,60,140,112,70,0,0,10064
20171022,2,190,60,60,110,99,84,0,0,10059
20171022,3,190,60,60,120,96,88,0,0,10056
20171022,4,210,60,70,110,100,92,0,0,10056
20171022,5,210,60,50,100,103,96,0,0,10059
20171022,6,210,60,60,110,106,99,0,0,10062
20171022,7,220,60,60,100,107,103,0,1,10068
20171022,8,220,50,40,110,111,105,0,9,10076
20171022,9,260,40,40,90,112,100,0,27,10083
20171022,10,240,40,40,90,122,90,4,68,10086
20171022,11,250,40,40,110,125,85,3,75,10090
20171022,12,250,50,50,110,122,86,6,103,10094
20171022,13,250,50,50,100,126,85,7,78,10097
20171022,14,250,40,50,110,119,89,6,61,10102
20171022,15,240,50,50,90,111,91,0,29,10109
20171022,16,240,40,30,80,104,93,0,10,10115
20171022,17,260,30,40,80,104,84,0,0,10121
20171022,18,240,40,40,80,100,86,0,0,10125
20171022,19,240,40,50,70,99,87,0,0,10129
20171022,20,240,40,40,80,99,94,0,0,10130
20171022,21,230,40,50,80,101,94,0,0,10134
20171022,22,230,40,40,80,101,96,0,0,10138
20171022,23,260,40,30,70,104,98,0,0,10141
20171022,24,240,40,30,80,106,96,0,0,10143
20171023,1,250,30,30,70,109,93,0,0,10144
20171023,2,240,30,30,70,112,87,0,0,10145
20171023,3,250,30,40,70,113,82,0,0,10147
20171023,4,250,40,30,80,114,79,0,0,10153
20171023,5,230,40,40,60,110,82,0,0,10154
20171023,6,250,30,30,70,114,78,0,0,10157
20171023,7,260,40,40,100,117,76,0,2,10161
20171023,8,260,30,30,70,116,79,0,20,10165
20171023,9,270,40,40,80,134,83,10,84,10169
20171023,10,280,50,40,100,137,80,8,97,10173
20171023,11,290,50,50,100,141,86,3,71,10179
20171023,12,290,40,30,100,144,85,4,66,10180
20171023,13,290,50,40,90,146,82,7,87,10182
20171023,14,280,40,30,80,144,89,5,80,10186
20171023,15,280,30,30,60,145,95,2,40,10187
20171023,16,250,20,20,50,143,103,8,29,10187
20171023,17,220,20,20,40,114,100,0,4,10192
20171023,18,210,20,20,30,105,99,0,0,10196
20171023,19,210,30,30,50,129,120,0,0,10197
20171023,20,190,30,30,60,127,122,0,0,10196
20171023,21,190,30,40,60,127,123,0,0,10197
20171023,22,190,30,40,60,129,125,0,0,10197
20171023,23,200,30,30,70,129,125,0,0,10195
20171023,24,190,40,40,70,130,125,0,0,10194
20171024,1,210,40,40,70,131,127,0,0,10196
20171024,2,190,40,40,80,132,128,0,0,10190
20171024,3,190,30,30,60,132,129,0,0,10188
20171024,4,200,30,30,60,135,132,0,0,10190
20171024,5,200,30,40,60,139,137,0,0,10191
20171024,6,200,40,30,70,141,137,0,0,10190
20171024,7,200,40,40,70,143,138,0,1,10189
20171024,8,200,30,40,60,146,138,0,5,10191
20171024,9,200,40,30,70,145,141,0,16,10192
20171024,10,200,40,40,60,147,144,0,17,10192
20171024,11,210,50,60,80,151,148,0,19,10190
20171024,12,230,50,60,100,158,150,0,23,10187
20171024,13,230,50,50,100,162,153,0,34,10186
20171024,14,230,50,50,100,163,156,0,12,10184
20171024,15,230,60,50,110,167,155,0,13,10183
20171024,16,220,60,50,110,169,156,0,11,10183
20171024,17,230,50,40,80,170,156,0,1,10187
20171024,18,240,50,50,120,169,149,0,0,10192
20171024,19,240,60,50,120,164,144,0,0,10193
20171024,20,230,50,60,110,164,144,0,0,10189
20171024,21,230,60,60,110,161,142,0,0,10190
20171024,22,230,60,60,100,163,143,0,0,10189
20171024,23,230,50,50,90,163,145,0,0,10186
20171024,24,230,50,40,120,162,143,0,0,10187
20171025,1,230,50,50,90,160,140,0,0,10184
20171025,2,220,50,40,80,160,141,0,0,10180
20171025,3,240,50,50,100,157,136,0,0,10178
20171025,4,230,50,60,100,154,123,0,0,10176
20171025,5,220,50,50,90,153,132,0,0,10171
20171025,6,230,60,60,110,152,126,0,0,10174
20171025,7,230,50,60,110,151,125,0,2,10178
20171025,8,230,60,60,110,151,121,0,16,10180
20171025,9,240,60,60,120,152,125,0,24,10188
20171025,10,240,50,50,120,150,130,0,21,10194
20171025,11,240,40,40,90,155,134,0,24,10197
20171025,12,260,40,50,90,165,129,1,41,10199
20171025,13,280,50,40,90,163,128,3,52,10203
20171025,14,270,40,40,70,163,124,2,53,10209
20171025,15,290,30,40,70,159,119,5,47,10213
20171025,16,280,20,10,60,147,113,7,21,10219
20171025,17,270,20,10,30,127,111,0,1,10225
20171025,18,260,10,20,30,115,109,0,0,10230
20171025,19,200,10,10,20,100,95,0,0,10232
20171025,20,160,10,10,20,94,89,0,0,10236
20171025,21,180,10,10,20,102,97,0,0,10237
20171025,22,220,20,20,40,120,120,0,0,10242
20171025,23,230,20,30,60,132,129,0,0,10240
20171025,24,230,20,30,50,135,132,0,0,10239
20171026,1,210,20,20,40,132,128,0,0,10239
20171026,2,220,20,20,40,128,125,0,0,10237
20171026,3,230,30,40,60,134,127,0,0,10235
20171026,4,210,30,30,50,127,124,0,0,10234
20171026,5,220,20,20,40,134,130,0,0,10233
20171026,6,240,30,30,50,134,129,0,0,10236
20171026,7,220,30,30,50,136,128,0,2,10237
20171026,8,230,30,30,60,141,128,0,16,10239
20171026,9,240,30,30,60,143,127,0,33,10242
20171026,10,230,30,30,60,151,126,4,68,10240
20171026,11,240,30,40,70,154,122,5,88,10235
20171026,12,240,30,40,70,169,125,7,116,10235
20171026,13,280,40,40,70,166,111,7,109,10233
20171026,14,290,30,30,70,160,115,0,47,10231
20171026,15,290,30,30,60,149,108,0,31,10232
20171026,16,280,20,30,50,144,112,0,12,10231
20171026,17,290,20,20,50,140,113,0,0,10230
20171026,18,280,20,20,40,133,114,0,0,10233
20171026,19,270,20,20,40,134,112,0,0,10234
20171026,20,260,20,20,40,133,112,0,0,10233
20171026,21,280,20,20,50,132,111,0,0,10234
20171026,22,280,20,20,50,129,108,0,0,10230
20171026,23,280,20,20,50,129,108,0,0,10230
20171026,24,300,20,20,60,129,104,0,0,10233
20171027,1,300,20,20,50,127,96,0,0,10231
20171027,2,320,20,20,50,126,96,0,0,10231
20171027,3,300,30,30,50,119,84,0,0,10231
20171027,4,300,30,20,60,111,76,0,0,10235
20171027,5,310,30,30,70,113,81,0,0,10243
20171027,6,300,20,20,50,100,85,0,0,10248
20171027,7,310,20,20,50,105,79,0,3,10258
20171027,8,320,30,40,70,120,81,10,36,10269
20171027,9,320,40,40,90,125,87,5,61,10277
20171027,10,340,40,50,90,120,93,6,69,10289
20171027,11,340,40,50,90,137,81,8,124,10291
20171027,12,340,40,30,130,131,87,8,93,10294
20171027,13,340,50,50,100,140,68,10,121,10295
20171027,14,350,50,60,100,140,60,10,116,10300
20171027,15,340,40,30,90,127,75,5,46,10306
20171027,16,330,20,20,60,125,81,3,15,10304
20171027,17,290,20,10,50,112,83,0,1,10309
20171027,18,290,20,10,60,110,76,0,0,10308
20171027,19,280,20,20,50,113,76,0,0,10308
20171027,20,290,30,20,60,109,84,0,0,10307
20171027,21,270,20,20,50,105,77,0,0,10303
20171027,22,260,20,30,40,100,75,0,0,10299
20171027,23,260,30,20,50,105,68,0,0,10293
20171027,24,260,30,30,60,104,65,0,0,10289
20171028,1,250,30,30,50,100,67,0,0,10276
20171028,2,240,30,30,50,99,67,0,0,10262
20171028,3,250,30,30,60,97,66,0,0,10247
20171028,4,270,40,40,70,105,69,0,0,10242
20171028,5,260,40,40,80,105,68,0,0,10231
20171028,6,270,40,40,90,107,68,0,0,10225
20171028,7,260,50,50,110,108,67,0,1,10220
20171028,8,260,50,40,110,108,69,0,12,10217
20171028,9,270,50,50,100,113,72,0,34,10216
20171028,10,270,50,50,110,116,76,0,41,10211
20171028,11,270,50,50,110,120,80,0,46,10198
20171028,12,260,60,60,120,123,82,0,62,10188
20171028,13,260,50,50,110,121,90,0,19,10178
20171028,14,270,50,50,100,123,106,0,7,10167
20171028,15,260,50,40,90,125,111,0,4,10162
20171028,16,260,50,50,90,127,117,0,1,10157
20171028,17,260,50,50,110,134,119,0,0,10146
20171028,18,270,60,60,130,143,121,0,0,10141
20171028,19,260,60,60,110,147,121,0,0,10130
20171028,20,280,60,60,130,149,124,0,0,10120
20171028,21,280,70,70,130,150,124,0,0,10113
20171028,22,280,70,70,150,151,122,0,0,10102
20171028,23,280,70,80,150,152,122,0,0,10092
20171028,24,290,80,80,160,151,120,0,0,10086
20171029,1,290,80,80,160,140,127,0,0,10081
20171029,2,300,80,90,180,146,114,0,0,10076
20171029,3,300,80,80,180,144,109,0,0,10076
20171029,4,320,80,70,180,124,90,0,0,10089
20171029,5,330,60,60,140,124,66,0,0,10103
20171029,6,330,70,70,150,114,22,0,0,10110
20171029,7,340,60,60,160,107,25,0,3,10124
20171029,8,330,50,50,120,111,40,2,24,10137
20171029,9,320,50,40,110,119,54,3,62,10148
20171029,10,330,50,50,120,115,41,4,59,10158
20171029,11,330,60,60,120,125,36,7,101,10166
20171029,12,340,70,70,150,117,45,7,103,10173
20171029,13,350,50,60,140,113,49,6,92,10179
20171029,14,350,60,50,140,110,48,8,86,10179
20171029,15,330,40,30,110,111,44,7,49,10187
20171029,16,320,40,30,90,98,41,3,13,10194
20171029,17,310,40,20,120,86,49,0,1,10202
20171029,18,290,20,10,60,73,51,0,0,10209
20171029,19,330,30,20,70,83,49,0,0,10214
20171029,20,300,20,20,50,79,46,0,0,10220
20171029,21,320,20,20,50,83,44,0,0,10227
20171029,22,320,30,30,70,87,47,0,0,10228
20171029,23,320,30,20,80,76,47,0,0,10230
20171029,24,300,20,20,70,72,43,0,0,10233
20171030,1,330,20,20,60,71,38,0,0,10236
20171030,2,330,20,20,60,72,42,0,0,10237
20171030,3,330,20,30,60,79,31,0,0,10241
20171030,4,310,30,20,60,72,41,0,0,10247
20171030,5,320,20,20,50,68,38,0,0,10251
20171030,6,300,20,20,40,61,36,0,0,10254
20171030,7,300,20,10,40,46,32,0,2,10262
20171030,8,300,20,20,30,75,44,5,24,10268
20171030,9,340,20,30,60,98,42,10,73,10271
20171030,10,320,30,40,60,106,43,10,106,10275
20171030,11,350,40,50,80,109,39,9,119,10278
20171030,12,340,40,40,70,116,30,10,146,10278
20171030,13,340,30,40,70,115,38,9,111,10280
20171030,14,330,30,20,60,107,35,0,38,10280
20171030,15,320,20,30,60,106,41,3,34,10280
20171030,16,320,20,20,40,95,44,5,12,10281
20171030,17,280,10,20,40,86,51,0,0,10282
20171030,18,290,10,10,30,64,49,0,0,10285
20171030,19,270,10,20,20,53,47,0,0,10288
20171030,20,250,10,20,30,72,57,0,0,10286
20171030,21,240,20,20,20,82,60,0,0,10287
20171030,22,230,20,20,40,84,59,0,0,10286
20171030,23,230,20,20,40,81,61,0,0,10283
20171030,24,240,20,20,30,82,60,0,0,10284
20171031,1,220,20,10,50,83,64,0,0,10279
20171031,2,220,10,20,20,83,63,0,0,10274
20171031,3,210,20,30,50,84,63,0,0,10271
20171031,4,220,20,20,40,86,63,0,0,10269
20171031,5,220,20,20,40,84,65,0,0,10263
20171031,6,210,20,30,40,87,67,0,0,10259
20171031,7,210,30,30,50,91,71,0,0,10260
20171031,8,220,30,40,60,96,70,0,10,10261
20171031,9,220,40,40,70,102,71,0,25,10258
20171031,10,220,50,60,90,105,69,2,46,10255
20171031,11,220,50,50,100,106,69,0,32,10252
20171031,12,240,50,60,100,110,73,0,36,10245
20171031,13,230,50,50,100,108,77,0,21,10244
20171031,14,230,50,50,90,111,80,0,17,10239
20171031,15,220,40,40,80,111,83,0,15,10235
20171031,16,220,40,40,80,111,85,0,6,10231
20171031,17,220,40,40,70,108,89,0,0,10229
20171031,18,220,40,40,70,108,90,0,0,10230
20171031,19,220,40,50,80,110,89,0,0,10227
20171031,20,230,40,40,80,111,91,0,0,10224
20171031,21,220,40,40,70,110,95,0,0,10220
20171031,22,220,40,40,70,111,97,0,0,10216
20171031,23,230,40,40,70,110,97,0,0,10216
20171031,24,230,40,40,70,108,98,0,0,10213
20171101,1,220,30,30,60,108,98,0,0,10211
20171101,2,230,30,20,60,106,98,0,0,10213
20171101,3,210,20,30,50,100,96,0,0,10210
20171101,4,210,30,30,50,98,94,0,0,10207
20171101,5,220,30,30,60,103,98,0,0,10208
20171101,6,230,30,30,60,105,100,0,0,10209
20171101,7,230,30,30,60,109,100,0,1,10215
20171101,8,210,40,40,70,106,97,0,13,10214
20171101,9,210,40,30,60,105,96,0,20,10216
20171101,10,210,40,40,60,107,101,0,25,10215
20171101,11,230,40,40,70,120,104,0,35,10211
20171101,12,240,50,50,90,125,103,1,61,10206
20171101,13,240,40,40,70,128,103,1,49,10201
20171101,14,240,30,30,70,134,104,0,42,10196
20171101,15,220,40,30,70,128,80,5,36,10193
20171101,16,210,30,30,60,119,68,2,8,10186
20171101,17,210,30,20,50,115,72,0,0,10182
20171101,18,200,30,30,50,114,70,0,0,10179
20171101,19,200,30,30,50,115,64,0,0,10172
20171101,20,200,30,30,70,116,63,0,0,10165
20171101,21,190,30,30,60,114,65,0,0,10159
20171101,22,200,30,30,60,111,59,0,0,10151
20171101,23,210,30,30,50,102,56,0,0,10147
20171101,24,220,40,30,70,103,51,0,0,10140
20171102,1,220,40,30,60,96,50,0,0,10133
20171102,2,220,30,30,60,90,50,0,0,10126
20171102,3,230,30,30,60,89,56,0,0,10118
20171102,4,240,30,30,60,86,61,0,0,10116
20171102,5,240,30,30,50,86,65,0,0,10116
20171102,6,240,30,30,50,82,68,0,0,10115
20171102,7,230,30,30,40,79,70,0,1,10119
20171102,8,220,20,20,40,89,76,2,15,10126
20171102,9,210,20,30,50,96,81,0,25,10128
20171102,10,240,30,30,50,111,86,3,64,10132
20171102,11,240,30,30,50,124,95,6,89,10131
20171102,12,240,30,40,60,126,99,7,89,10133
20171102,13,240,40,40,70,131,103,8,90,10131
20171102,14,240,30,30,60,129,105,0,19,10134
20171102,15,290,30,30,50,133,96,0,20,10137
20171102,16,300,20,20,50,128,99,0,7,10141
20171102,17,320,20,20,40,122,94,0,0,10146
20171102,18,360,20,20,40,117,94,0,0,10152
20171102,19,310,10,10,40,106,90,0,0,10156
20171102,20,320,10,10,20,97,88,0,0,10158
20171102,21,260,10,10,20,74,68,0,0,10163
20171102,22,280,10,10,20,60,58,0,0,10164
20171102,23,210,10,10,20,53,50,0,0,10166
20171102,24,220,10,10,30,38,38,0,0,10167
20171103,1,0,10,0,20,39,36,0,0,10167
20171103,2,0,0,0,10,51,47,0,0,10166
20171103,3,180,10,10,10,60,56,0,0,10165
20171103,4,120,10,10,20,67,63,0,0,10163
20171103,5,180,10,10,30,70,66,0,0,10161
20171103,6,140,10,10,20,74,70,0,0,10159
20171103,7,150,20,20,30,83,80,0,0,10160
20171103,8,150,20,20,30,90,87,0,4,10160
20171103,9,170,10,10,30,95,92,0,3,10158
20171103,10,230,20,30,50,105,100,0,25,10160
20171103,11,220,30,20,50,114,101,0,43,10158
20171103,12,210,20,20,50,121,99,0,59,10155
20171103,13,200,20,30,40,122,96,0,55,10151
20171103,14,200,20,20,40,122,96,0,38,10147
20171103,15,190,20,30,40,120,91,0,22,10146
20171103,16,150,20,10,30,115,95,0,6,10142
20171103,17,140,20,20,20,97,88,0,0,10140
20171103,18,150,20,20,30,91,83,0,0,10138
20171103,19,160,20,20,30,86,81,0,0,10137
20171103,20,150,20,20,30,79,76,0,0,10134
20171103,21,150,20,20,30,73,70,0,0,10130
20171103,22,160,20,20,30,77,75,0,0,10125
20171103,23,150,20,20,30,75,71,0,0,10121
20171103,24,150,20,20,30,74,70,0,0,10115
20171104,1,160,20,30,40,78,71,0,0,10111
20171104,2,160,20,20,40,78,69,0,0,10102
20171104,3,170,30,30,60,80,70,0,0,10097
20171104,4,160,20,30,50,80,70,0,0,10093
20171104,5,160,30,30,50,81,70,0,0,10087
20171104,6,150,30,20,50,79,70,0,0,10080
20171104,7,160,30,30,50,79,68,0,1,10078
20171104,8,160,30,30,50,87,73,5,21,10075
20171104,9,150,30,40,50,98,78,3,50,10067
20171104,10,160,40,40,70,109,81,9,89,10060
20171104,11,160,40,50,70,120,82,10,110,10050
20171104,12,160,50,50,90,124,87,6,87,10040
20171104,13,170,40,40,80,130,95,1,46,10032
20171104,14,180,40,50,80,128,103,0,20,10026
20171104,15,190,40,40,80,120,113,0,5,10023
20171104,16,190,40,50,100,121,115,0,1,10020
20171104,17,210,50,50,90,123,117,0,0,10020
20171104,18,210,50,50,80,127,121,0,0,10021
20171104,19,210,50,40,90,130,121,0,0,10022
20171104,20,290,50,60,120,124,115,0,0,10032
20171104,21,260,30,30,100,117,106,0,0,10040
20171104,22,250,20,20,50,115,100,0,0,10045
20171104,23,230,20,20,50,112,101,0,0,10048
20171104,24,230,20,20,40,109,99,0,0,10047
20171105,1,280,20,10,50,105,86,0,0,10050
20171105,2,260,10,20,30,101,86,0,0,10050
20171105,3,260,20,20,40,97,81,0,0,10052
20171105,4,270,10,10,30,91,78,0,0,10054
20171105,5,260,20,20,40,94,66,0,0,10057
20171105,6,260,20,20,40,92,59,0,0,10062
20171105,7,250,20,20,40,86,53,0,0,10070
20171105,8,230,20,20,40,72,53,0,7,10077
20171105,9,270,20,30,60,97,51,7,54,10081
20171105,10,310,30,30,70,106,57,7,78,10087
20171105,11,300,30,30,60,95,44,5,49,10094
20171105,12,310,30,60,120,83,37,8,88,10103
20171105,13,320,30,30,110,92,44,9,83,10106
20171105,14,270,40,20,110,70,41,2,30,10112
20171105,15,270,20,20,50,76,47,2,22,10122
20171105,16,250,30,30,100,63,43,0,2,10128
20171105,17,220,20,30,50,56,45,0,0,10136
20171105,18,220,30,20,50,60,48,0,0,10143
20171105,19,230,20,20,40,53,40,0,0,10146
20171105,20,260,20,20,50,51,39,0,0,10152
20171105,21,250,30,20,50,61,51,0,0,10160
20171105,22,230,20,20,40,61,50,0,0,10162
20171105,23,250,20,20,40,56,47,0,0,10169
20171105,24,280,20,20,70,57,49,0,0,10176
20171106,1,340,20,10,40,59,50,0,0,10181
20171106,2,300,20,10,50,52,46,0,0,10188
20171106,3,300,20,20,30,46,39,0,0,10194
20171106,4,260,20,20,30,31,27,0,0,10199
20171106,5,280,20,20,40,33,29,0,0,10208
20171106,6,290,20,20,30,27,23,0,0,10215
20171106,7,270,20,20,30,24,23,0,1,10223
20171106,8,290,20,20,30,51,44,7,21,10231
20171106,9,320,10,10,40,79,47,10,62,10236
20171106,10,300,20,20,30,93,49,10,94,10242
20171106,11,290,20,20,40,101,49,10,117,10243
20171106,12,320,20,20,40,105,38,10,127,10245
20171106,13,290,20,20,40,105,33,9,101,10244
20171106,14,330,20,20,40,88,38,2,41,10247
20171106,15,300,10,10,20,83,52,5,21,10250
20171106,16,290,20,20,30,64,47,5,11,10254
20171106,17,10,10,10,20,39,33,0,0,10258
20171106,18,0,0,0,10,26,22,0,0,10258
20171106,19,360,10,10,10,18,14,0,0,10260
20171106,20,0,0,0,10,10,7,0,0,10263
20171106,21,360,0,10,10,6,3,0,0,10266
20171106,22,120,10,10,20,3,0,0,0,10264
20171106,23,140,10,10,20,1,-2,0,0,10263
20171106,24,110,10,10,20,-4,-7,0,0,10261
20171107,1,130,10,10,20,-7,-10,0,0,10257
20171107,2,150,10,10,20,-9,-11,0,0,10252
20171107,3,110,10,10,20,-12,-12,0,0,10249
20171107,4,130,10,10,20,-8,-8,0,0,10247
20171107,5,140,10,10,20,-9,-9,0,0,10245
20171107,6,130,10,10,20,-5,-5,0,0,10244
20171107,7,130,10,10,20,-6,-6,0,0,10243
20171107,8,130,10,10,30,6,3,3,17,10242
20171107,9,140,10,10,20,38,28,10,56,10239
20171107,10,150,10,10,20,66,43,10,94,10235
20171107,11,160,10,20,30,78,39,10,116,10226
20171107,12,160,20,20,30,89,47,10,123,10219
20171107,13,990,20,10,30,94,36,10,113,10213
20171107,14,170,20,20,30,94,20,10,89,10206
20171107,15,120,20,20,30,83,34,10,46,10201
20171107,16,110,10,10,30,53,32,3,9,10196
20171107,17,140,10,20,40,39,30,0,0,10199
20171107,18,140,20,20,30,43,37,0,0,10197
20171107,19,130,10,10,30,23,17,0,0,10197
20171107,20,100,20,20,30,24,23,0,0,10192
20171107,21,140,20,20,30,26,26,0,0,10192
20171107,22,90,10,10,30,28,28,0,0,10188
20171107,23,990,10,10,20,27,26,0,0,10184
20171107,24,330,10,10,20,26,26,0,0,10184
20171108,1,10,10,10,20,25,24,0,0,10183
20171108,2,30,20,20,40,28,28,0,0,10180
20171108,3,20,10,10,40,33,33,0,0,10179
20171108,4,70,10,10,20,36,36,0,0,10182
20171108,5,320,10,10,20,40,37,0,0,10178
20171108,6,10,20,20,30,42,41,0,0,10183
20171108,7,20,20,20,30,46,43,0,0,10190
20171108,8,30,20,20,30,50,47,0,8,10192
20171108,9,30,20,30,50,54,51,0,16,10199
20171108,10,10,20,20,40,60,55,0,24,10203
20171108,11,360,20,20,40,66,58,0,23,10202
20171108,12,20,20,30,40,73,59,0,29,10202
20171108,13,30,30,30,60,75,56,0,30,10202
20171108,14,40,30,30,50,74,59,0,12,10203
20171108,15,30,20,20,40,75,59,0,7,10204
20171108,16,40,30,20,50,72,58,0,2,10213
20171108,17,30,20,20,40,71,57,0,0,10218
20171108,18,360,20,20,30,71,57,0,0,10219
20171108,19,360,10,10,30,72,58,0,0,10222
20171108,20,10,10,20,30,72,60,0,0,10223
20171108,21,10,20,20,30,71,66,0,0,10224
20171108,22,20,10,10,20,70,68,0,0,10224
20171108,23,50,10,10,20,70,67,0,0,10221
20171108,24,50,0,10,10,71,69,0,0,10223
20171109,1,0,10,0,10,71,69,0,0,10224
20171109,2,210,10,20,20,72,64,0,0,10226
20171109,3,210,20,20,30,71,59,0,0,10226
20171109,4,210,20,20,40,68,56,0,0,10223
20171109,5,190,20,10,40,70,54,0,0,10222
20171109,6,190,20,20,30,66,51,0,0,10223
20171109,7,190,20,20,40,65,51,0,0,10225
20171109,8,200,30,30,50,72,60,3,15,10227
20171109,9,200,30,30,40,76,63,2,30,10225
20171109,10,200,30,40,60,85,67,0,45,10223
20171109,11,210,40,40,70,92,70,3,51,10222
20171109,12,220,40,40,70,105,77,8,81,10216
20171109,13,230,40,50,80,110,75,5,73,10217
20171109,14,230,50,40,100,110,63,0,41,10212
20171109,15,230,50,40,90,103,58,2,17,10208
20171109,16,220,50,40,90,95,60,0,4,10209
20171109,17,220,50,50,90,92,64,0,0,10208
20171109,18,230,50,40,80,92,68,0,0,10213
20171109,19,230,50,40,90,90,76,0,0,10211
20171109,20,230,40,40,80,89,84,0,0,10208
20171109,21,210,40,40,70,91,88,0,0,10203
20171109,22,230,40,40,70,95,93,0,0,10205
20171109,23,230,40,40,70,98,96,0,0,10197
20171109,24,220,30,30,60,99,96,0,0,10192
20171110,1,230,30,30,50,99,97,0,0,10188
20171110,2,220,30,30,50,98,94,0,0,10178
20171110,3,220,40,40,70,99,96,0,0,10169
20171110,4,220,40,40,80,99,92,0,0,10159
20171110,5,230,50,50,90,101,93,0,0,10152
20171110,6,240,50,40,90,102,92,0,0,10148
20171110,7,230,40,40,80,100,89,0,0,10141
20171110,8,230,40,50,80,102,84,0,6,10135
20171110,9,240,50,40,90,100,89,0,19,10130
20171110,10,240,40,40,100,94,86,0,10,10125
20171110,11,260,50,50,120,108,95,1,31,10118
20171110,12,280,50,70,140,114,80,9,71,10116
20171110,13,310,70,70,150,106,54,7,75,10121
20171110,14,290,60,60,130,104,47,3,45,10128
20171110,15,290,60,60,130,103,39,10,53,10134
20171110,16,290,50,40,110,90,31,2,6,10142
20171110,17,280,50,50,90,84,27,0,0,10145
20171110,18,280,40,40,80,84,25,0,0,10148
20171110,19,280,40,40,100,81,29,0,0,10148
20171110,20,270,30,20,80,78,27,0,0,10148
20171110,21,320,50,40,140,64,43,0,0,10148
20171110,22,240,20,30,80,67,36,0,0,10144
20171110,23,260,30,20,110,62,41,0,0,10142
20171110,24,270,30,60,120,78,28,0,0,10141
20171111,1,260,40,30,120,71,36,0,0,10135
20171111,2,250,30,30,60,70,40,0,0,10129
20171111,3,230,30,30,60,66,41,0,0,10119
20171111,4,240,30,30,50,74,46,0,0,10114
20171111,5,240,30,40,70,75,44,0,0,10105
20171111,6,240,40,40,70,77,46,0,0,10101
20171111,7,210,30,30,60,72,58,0,0,10096
20171111,8,220,40,40,80,73,64,0,4,10092
20171111,9,230,50,50,80,72,66,0,8,10088
20171111,10,230,40,40,80,75,69,0,20,10082
20171111,11,230,40,30,70,79,70,0,33,10077
20171111,12,230,30,30,70,84,76,0,34,10075
20171111,13,260,30,30,70,81,60,0,39,10072
20171111,14,270,20,20,40,90,71,2,40,10074
20171111,15,290,30,20,80,73,47,3,20,10076
20171111,16,270,20,10,50,57,46,0,4,10079
20171111,17,280,20,10,50,54,43,0,0,10082
20171111,18,270,20,10,60,49,40,0,0,10087
20171111,19,270,20,20,40,60,38,0,0,10092
20171111,20,280,10,10,40,46,41,0,0,10095
20171111,21,0,10,0,20,48,44,0,0,10097
20171111,22,230,10,10,30,44,40,0,0,10098
20171111,23,220,20,20,30,45,40,0,0,10093
20171111,24,230,20,20,30,44,38,0,0,10090
20171112,1,190,10,10,20,35,31,0,0,10083
20171112,2,240,20,20,40,51,42,0,0,10078
20171112,3,210,20,30,40,54,42,0,0,10069
20171112,4,210,30,20,40,52,45,0,0,10062
20171112,5,210,30,30,50,57,43,0,0,10051
20171112,6,230,40,30,90,58,36,0,0,10037
20171112,7,240,30,20,100,54,35,0,0,10030
20171112,8,200,30,30,100,52,37,0,2,10021
20171112,9,270,30,10,80,47,33,0,13,10017
20171112,10,270,30,50,90,58,32,0,29,10010
20171112,11,310,30,30,90,52,35,3,27,10007
20171112,12,240,20,20,50,45,35,0,17,10005
20171112,13,280,10,20,40,55,38,3,53,10004
20171112,14,280,20,20,60,49,35,0,19,10006
20171112,15,300,20,20,50,54,36,8,27,10012
20171112,16,290,20,10,30,40,32,0,4,10020
20171112,17,310,20,20,40,46,36,0,0,10035
20171112,18,340,30,40,90,52,40,0,0,10048
20171112,19,310,30,20,60,46,35,0,0,10061
20171112,20,320,30,40,80,56,41,0,0,10073
20171112,21,320,40,30,110,59,47,0,0,10086
20171112,22,330,30,40,100,60,45,0,0,10095
20171112,23,320,20,30,60,61,46,0,0,10103
20171112,24,350,20,30,50,59,45,0,0,10112
20171113,1,320,10,20,50,51,41,0,0,10123
20171113,2,330,40,30,110,62,46,0,0,10125
20171113,3,320,30,30,60,58,40,0,0,10134
20171113,4,340,30,40,80,63,31,0,0,10143
20171113,5,310,30,20,70,55,29,0,0,10150
20171113,6,330,20,30,50,63,33,0,0,10159
20171113,7,340,30,40,110,63,37,0,0,10167
20171113,8,320,30,20,80,64,34,3,12,10176
20171113,9,320,20,30,50,76,41,7,38,10182
20171113,10,340,40,40,90,87,43,6,66,10189
20171113,11,340,40,50,90,97,43,8,100,10194
20171113,12,350,50,70,100,101,39,10,102,10196
20171113,13,340,50,50,90,98,33,8,98,10198
20171113,14,330,40,40,100,92,34,8,68,10201
20171113,15,340,30,40,80,91,39,10,39,10208
20171113,16,330,30,30,70,76,32,2,6,10212
20171113,17,320,20,20,50,57,28,0,0,10218
20171113,18,310,20,20,30,44,28,0,0,10222
20171113,19,310,20,20,30,58,33,0,0,10225
20171113,20,280,20,10,30,34,26,0,0,10229
20171113,21,270,10,10,20,15,13,0,0,10232
20171113,22,240,20,20,50,33,26,0,0,10234
20171113,23,230,20,20,30,21,16,0,0,10233
20171113,24,990,10,10,30,34,31,0,0,10233
20171114,1,230,10,10,20,29,25,0,0,10231
20171114,2,220,20,20,30,46,35,0,0,10229
20171114,3,250,20,30,50,56,38,0,0,10228
20171114,4,210,30,30,50,56,41,0,0,10224
20171114,5,220,30,30,50,60,44,0,0,10224
20171114,6,230,30,40,60,68,42,0,0,10222
20171114,7,210,40,40,70,67,44,0,0,10223
20171114,8,220,50,50,80,66,45,0,6,10225
20171114,9,230,50,50,90,77,46,5,41,10228
20171114,10,220,50,50,90,83,44,3,68,10226
20171114,11,210,50,50,100,83,44,0,24,10225
20171114,12,220,50,50,90,88,54,0,27,10222
20171114,13,220,60,50,120,87,59,0,21,10223
20171114,14,230,50,50,100,87,68,0,19,10223
20171114,15,230,40,40,90,86,74,0,10,10224
20171114,16,220,40,30,70,84,81,0,1,10224
20171114,17,220,40,40,70,86,83,0,0,10228
20171114,18,230,40,30,60,90,87,0,0,10231
20171114,19,220,30,40,60,91,88,0,0,10235
20171114,20,220,40,40,60,91,87,0,0,10237
20171114,21,230,40,40,70,90,88,0,0,10238
20171114,22,220,40,40,70,90,87,0,0,10239
20171114,23,220,40,40,60,91,87,0,0,10241
20171114,24,210,40,40,60,89,85,0,0,10242
20171115,1,210,40,30,60,88,85,0,0,10243
20171115,2,210,30,40,60,87,83,0,0,10241
20171115,3,210,40,30,60,86,84,0,0,10239
20171115,4,210,30,30,60,86,83,0,0,10239
20171115,5,220,30,30,50,86,84,0,0,10241
20171115,6,210,30,30,60,85,83,0,0,10243
20171115,7,200,30,30,50,86,83,0,0,10245
20171115,8,190,20,20,50,87,85,0,2,10249
20171115,9,190,30,30,40,88,86,0,7,10250
20171115,10,200,30,30,40,90,87,0,15,10254
20171115,11,200,20,30,40,94,91,0,20,10252
20171115,12,180,20,20,40,98,93,0,21,10249
20171115,13,200,20,20,40,100,95,0,21,10247
20171115,14,180,20,20,40,101,96,0,15,10246
20171115,15,180,20,20,40,102,96,0,5,10247
20171115,16,190,20,30,50,101,97,0,1,10248
20171115,17,190,30,20,40,101,98,0,0,10247
20171115,18,190,30,30,50,99,96,0,0,10248
20171115,19,180,30,20,50,97,94,0,0,10245
20171115,20,180,30,20,50,97,94,0,0,10246
20171115,21,200,30,20,40,97,94,0,0,10247
20171115,22,190,20,20,40,98,96,0,0,10243
20171115,23,190,30,30,50,97,95,0,0,10241
20171115,24,200,30,20,50,95,92,0,0,10238
20171116,1,210,30,30,50,94,92,0,0,10235
20171116,2,200,30,20,50,93,91,0,0,10233
20171116,3,180,20,30,50,93,90,0,0,10229
20171116,4,200,20,30,50,92,90,0,0,10227
20171116,5,190,30,30,60,90,88,0,0,10222
20171116,6,190,30,40,60,90,88,0,0,10221
20171116,7,200,30,30,60,90,87,0,0,10223
20171116,8,200,30,30,50,90,85,0,1,10227
20171116,9,190,30,40,50,89,85,0,8,10227
20171116,10,210,30,30,50,91,85,0,11,10228
20171116,11,200,30,40,60,92,88,0,12,10225
20171116,12,210,40,40,70,93,90,0,17,10221
20171116,13,220,30,40,60,95,92,0,10,10220
20171116,14,210,30,30,50,97,95,0,11,10216
20171116,15,220,30,30,60,99,95,0,7,10215
20171116,16,220,30,30,60,102,98,0,1,10215
20171116,17,230,30,30,60,105,98,0,0,10218
20171116,18,220,30,30,50,105,98,0,0,10219
20171116,19,230,30,30,50,105,98,0,0,10223
20171116,20,270,30,20,50,105,99,0,0,10227
20171116,21,350,30,30,90,94,88,0,0,10237
20171116,22,320,20,10,60,87,82,0,0,10242
20171116,23,340,10,20,30,80,76,0,0,10244
20171116,24,310,20,10,30,63,57,0,0,10249
20171117,1,310,20,20,30,44,41,0,0,10253
20171117,2,320,20,10,30,34,31,0,0,10258
20171117,3,330,10,10,20,31,31,0,0,10260
20171117,4,0,10,0,20,19,19,0,0,10263
20171117,5,280,10,10,20,11,11,0,0,10267
20171117,6,290,10,10,20,12,9,0,0,10271
20171117,7,110,0,10,10,8,5,0,0,10274
20171117,8,220,10,10,10,27,24,3,11,10279
20171117,9,0,10,0,10,47,25,5,34,10279
20171117,10,240,10,10,10,94,25,8,82,10281
20171117,11,240,10,10,30,101,25,6,74,10277
20171117,12,280,10,20,30,104,23,7,83,10275
20171117,13,240,20,20,40,100,31,3,66,10273
20171117,14,280,20,40,60,97,33,2,39,10269
20171117,15,270,20,20,50,93,30,8,29,10264
20171117,16,280,20,20,40,73,25,2,5,10265
20171117,17,260,20,20,30,54,29,0,0,10264
20171117,18,230,20,20,30,45,27,0,0,10260
20171117,19,230,20,20,30,50,26,0,0,10258
20171117,20,230,20,20,30,50,20,0,0,10256
20171117,21,230,20,30,40,50,20,0,0,10253
20171117,22,220,20,20,30,60,26,0,0,10248
20171117,23,230,20,30,50,66,26,0,0,10244
20171117,24,230,30,30,50,68,28,0,0,10240
20171118,1,220,30,20,60,66,31,0,0,10233
20171118,2,230,30,30,50,71,28,0,0,10228
20171118,3,240,30,40,70,74,25,0,0,10218
20171118,4,240,30,30,70,71,26,0,0,10211
20171118,5,250,30,30,50,72,24,0,0,10205
20171118,6,240,40,40,90,75,20,0,0,10199
20171118,7,240,40,30,80,72,20,0,0,10196
20171118,8,240,40,40,70,74,20,0,4,10192
20171118,9,240,50,50,80,79,31,0,17,10186
20171118,10,240,40,40,90,85,39,0,19,10183
20171118,11,260,50,70,120,91,47,2,34,10176
20171118,12,270,60,50,130,80,57,0,25,10173
20171118,13,270,50,50,90,89,55,1,48,10167
20171118,14,280,50,60,120,94,50,7,60,10164
20171118,15,290,50,40,110,63,52,0,9,10168
20171118,16,300,40,40,80,70,50,0,1,10166
20171118,17,310,20,20,70,62,52,0,0,10168
20171118,18,250,10,10,30,58,50,0,0,10163
20171118,19,280,20,30,50,60,45,0,0,10163
20171118,20,260,20,20,50,58,43,0,0,10159
20171118,21,280,20,10,70,48,40,0,0,10157
20171118,22,350,20,40,80,53,37,0,0,10158
20171118,23,300,20,20,70,53,33,0,0,10153
20171118,24,290,20,10,40,49,28,0,0,10153
20171119,1,280,20,20,30,45,23,0,0,10152
20171119,2,280,20,20,60,50,21,0,0,10152
20171119,3,270,30,30,50,49,18,0,0,10153
20171119,4,270,20,20,50,53,26,0,0,10155
20171119,5,280,30,30,110,52,33,0,0,10155
20171119,6,270,20,20,50,52,34,0,0,10157
20171119,7,300,30,40,120,56,28,0,0,10162
20171119,8,330,30,40,80,58,35,2,6,10169
20171119,9,300,30,40,100,74,25,5,34,10170
20171119,10,290,40,40,120,89,40,8,73,10174
20171119,11,300,50,40,110,82,40,7,68,10177
20171119,12,310,50,50,110,96,42,10,101,10179
20171119,13,310,50,40,140,88,42,5,73,10183
20171119,14,290,40,40,90,88,40,3,44,10184
20171119,15,290,40,30,90,79,46,5,18,10187
20171119,16,290,40,30,80,70,36,0,2,10191
20171119,17,280,30,30,70,68,37,0,0,10195
20171119,18,290,30,30,60,67,37,0,0,10199
20171119,19,280,30,40,70,70,32,0,0,10201
20171119,20,270,30,30,80,65,36,0,0,10207
20171119,21,270,20,20,50,66,44,0,0,10213
20171119,22,240,20,20,40,58,41,0,0,10211
20171119,23,270,30,30,60,71,39,0,0,10208
20171119,24,240,30,30,50,65,38,0,0,10208
20171120,1,240,30,30,70,64,38,0,0,10203
20171120,2,240,30,40,60,63,33,0,0,10199
20171120,3,240,30,30,70,62,29,0,0,10195
20171120,4,230,30,20,50,60,32,0,0,10192
20171120,5,230,30,40,60,61,35,0,0,10192
20171120,6,230,40,40,70,58,42,0,0,10190
20171120,7,220,40,40,60,54,44,0,0,10186
20171120,8,200,40,40,70,52,41,0,2,10176
20171120,9,200,40,50,80,50,36,0,9,10173
20171120,10,190,50,40,80,47,35,0,11,10165
20171120,11,180,50,60,80,48,42,0,14,10151
20171120,12,190,50,50,90,55,48,0,9,10139
20171120,13,200,50,50,90,62,57,0,7,10127
20171120,14,210,50,50,90,70,67,0,7,10114
20171120,15,220,40,50,80,83,80,0,4,10106
20171120,16,230,50,50,100,92,89,0,0,10098
20171120,17,240,50,50,90,101,98,0,0,10093
20171120,18,240,40,40,90,108,102,0,0,10094
20171120,19,260,40,50,90,114,105,0,0,10095
20171120,20,260,40,40,80,115,107,0,0,10095
20171120,21,270,40,40,100,116,108,0,0,10097
20171120,22,280,40,40,90,115,110,0,0,10099
20171120,23,280,30,30,70,115,109,0,0,10101
20171120,24,270,30,30,60,117,110,0,0,10104
20171121,1,270,30,30,60,116,108,0,0,10105
20171121,2,260,30,30,70,117,106,0,0,10105
20171121,3,260,30,30,60,115,106,0,0,10106
20171121,4,250,30,30,50,114,109,0,0,10105
20171121,5,240,30,30,50,114,110,0,0,10103
20171121,6,220,30,30,50,114,110,0,0,10100
20171121,7,230,30,30,60,116,112,0,0,10103
20171121,8,230,30,30,60,115,112,0,1,10103
20171121,9,240,30,30,70,116,114,0,8,10103
20171121,10,250,40,40,70,120,117,0,11,10103
20171121,11,250,40,40,90,121,117,0,7,10102
20171121,12,250,50,50,100,121,112,0,8,10097
20171121,13,240,50,50,110,119,111,0,7,10094
20171121,14,250,50,50,100,122,106,0,5,10093
20171121,15,240,50,60,100,124,103,0,3,10092
20171121,16,230,50,60,100,119,101,0,1,10090
20171121,17,220,50,50,110,116,97,0,0,10090
20171121,18,220,50,60,110,113,92,0,0,10089
20171121,19,210,50,50,100,108,89,0,0,10082
20171121,20,210,60,60,100,106,88,0,0,10078
20171121,21,220,50,50,110,108,88,0,0,10076
20171121,22,220,60,60,110,111,87,0,0,10071
20171121,23,220,60,60,110,111,86,0,0,10068
20171121,24,220,60,70,120,113,84,0,0,10066
20171122,1,220,60,60,110,113,84,0,0,10060
20171122,2,210,70,80,130,111,87,0,0,10056
20171122,3,220,70,70,120,106,91,0,0,10052
20171122,4,220,60,80,120,113,87,0,0,10047
20171122,5,220,70,70,120,115,85,0,0,10048
20171122,6,210,70,70,120,114,83,0,0,10047
20171122,7,210,60,60,110,112,83,0,0,10049
20171122,8,220,60,70,110,113,83,0,3,10050
20171122,9,210,60,70,130,113,84,0,17,10055
20171122,10,220,70,70,140,115,83,0,24,10058
20171122,11,210,70,60,110,115,84,0,38,10055
20171122,12,200,60,60,110,124,81,7,77,10049
20171122,13,190,60,50,100,130,81,10,86,10038
20171122,14,190,60,60,100,132,77,10,61,10033
20171122,15,180,60,60,110,128,75,10,30,10026
20171122,16,170,50,50,110,113,74,0,4,10019
20171122,17,180,60,60,100,111,66,0,0,10017
20171122,18,180,60,70,110,110,55,0,0,10013
20171122,19,180,60,60,110,108,47,0,0,10007
20171122,20,190,60,70,120,110,44,0,0,9999
20171122,21,190,70,60,130,111,42,0,0,9997
20171122,22,180,70,70,140,108,38,0,0,9993
20171122,23,180,60,60,110,108,38,0,0,9988
20171122,24,180,60,60,100,109,40,0,0,9983
20171123,1,170,50,50,90,110,42,0,0,9975
20171123,2,170,50,60,100,113,42,0,0,9968
20171123,3,180,70,80,120,113,42,0,0,9964
20171123,4,180,70,70,120,117,43,0,0,9959
20171123,5,180,70,70,120,121,47,0,0,9949
20171123,6,180,70,70,130,121,51,0,0,9947
20171123,7,180,80,80,130,126,55,0,0,9946
20171123,8,200,80,80,140,137,70,0,3,9948
20171123,9,210,80,100,170,140,82,0,5,9956
20171123,10,230,100,90,190,137,100,0,8,9973
20171123,11,210,90,70,160,130,111,0,17,9978
20171123,12,230,80,90,160,137,111,0,24,9985
20171123,13,240,80,100,180,129,106,0,20,9998
20171123,14,250,80,70,180,117,71,5,37,10013
20171123,15,250,60,60,120,109,49,8,24,10028
20171123,16,230,50,40,110,95,42,0,4,10042
20171123,17,230,50,50,110,95,47,0,0,10048
20171123,18,230,60,50,100,92,47,0,0,10058
20171123,19,220,50,50,80,88,47,0,0,10063
20171123,20,220,50,50,80,89,50,0,0,10069
20171123,21,220,40,40,70,89,51,0,0,10075
20171123,22,210,40,40,70,87,54,0,0,10074
20171123,23,210,40,40,70,83,53,0,0,10075
20171123,24,210,40,40,70,83,55,0,0,10076
20171124,1,190,30,20,70,82,58,0,0,10070
20171124,2,210,20,30,40,83,58,0,0,10068
20171124,3,240,30,20,60,79,67,0,0,10065
20171124,4,310,10,10,30,73,68,0,0,10063
20171124,5,210,10,10,20,72,68,0,0,10062
20171124,6,240,10,10,20,69,67,0,0,10065
20171124,7,270,20,20,40,74,66,0,0,10072
20171124,8,300,20,20,40,72,61,0,1,10080
20171124,9,260,20,20,40,73,56,2,20,10086
20171124,10,240,20,20,30,79,58,0,21,10098
20171124,11,220,20,30,40,87,63,2,44,10101
20171124,12,220,30,40,60,89,49,2,55,10101
20171124,13,240,40,30,70,85,42,2,46,10106
20171124,14,240,30,30,60,86,44,0,29,10109
20171124,15,240,30,30,50,82,48,10,23,10114
20171124,16,260,20,20,50,75,48,0,2,10114
20171124,17,230,20,20,30,65,50,0,0,10116
20171124,18,260,10,10,20,50,45,0,0,10118
20171124,19,0,10,0,20,51,47,0,0,10121
20171124,20,150,10,10,20,48,44,0,0,10121
20171124,21,160,10,10,20,46,42,0,0,10122
20171124,22,0,0,0,10,48,45,0,0,10118
20171124,23,160,10,10,10,46,43,0,0,10119
20171124,24,160,10,10,10,43,41,0,0,10112
20171125,1,190,10,10,30,45,42,0,0,10111
20171125,2,0,10,0,20,37,35,0,0,10111
20171125,3,320,10,10,20,16,16,0,0,10105
20171125,4,260,10,10,20,6,5,0,0,10103
20171125,5,260,20,20,40,13,8,0,0,10101
20171125,6,240,20,20,30,9,5,0,0,10101
20171125,7,220,10,10,30,-1,-4,0,0,10103
20171125,8,230,20,20,40,34,20,0,4,10107
20171125,9,240,30,40,60,46,26,7,29,10113
20171125,10,240,30,30,50,50,30,0,28,10116
20171125,11,230,30,30,60,64,32,3,57,10116
20171125,12,240,30,30,50,74,26,3,66,10117
20171125,13,240,40,40,60,67,30,0,33,10120
20171125,14,240,40,30,80,57,20,0,11,10125
20171125,15,240,40,40,60,59,15,8,24,10130
20171125,16,230,40,40,70,46,16,0,4,10135
20171125,17,230,30,30,70,42,0,0,0,10138
20171125,18,240,40,30,70,43,17,0,0,10143
20171125,19,270,30,30,60,46,12,0,0,10150
20171125,20,230,20,10,100,23,14,0,0,10154
20171125,21,210,20,30,40,20,8,0,0,10155
20171125,22,220,30,30,50,31,4,0,0,10157
20171125,23,220,30,20,50,30,4,0,0,10158
20171125,24,230,30,40,60,38,11,0,0,10160
20171126,1,230,40,40,80,43,12,0,0,10162
20171126,2,230,30,30,60,43,13,0,0,10162
20171126,3,230,40,40,80,43,13,0,0,10164
20171126,4,230,40,40,70,49,16,0,0,10163
20171126,5,230,40,40,70,50,20,0,0,10164
20171126,6,240,40,30,70,50,21,0,0,10167
20171126,7,240,30,40,60,52,23,0,0,10171
20171126,8,250,40,50,90,60,20,0,1,10178
20171126,9,250,40,40,80,60,25,0,13,10181
20171126,10,240,40,50,90,68,29,5,52,10185
20171126,11,250,50,60,100,74,35,3,65,10187
20171126,12,270,50,40,120,72,41,2,37,10193
20171126,13,270,50,60,120,80,26,10,86,10194
20171126,14,290,50,40,120,56,17,2,30,10199
20171126,15,260,30,50,80,71,26,10,47,10203
20171126,16,240,40,30,70,61,25,0,3,10205
20171126,17,290,40,50,130,48,23,0,0,10211
20171126,18,230,30,20,110,41,24,0,0,10212
20171126,19,260,20,20,40,41,23,0,0,10215
20171126,20,330,20,20,50,43,18,0,0,10217
20171126,21,190,20,20,40,33,15,0,0,10214
20171126,22,210,30,30,50,33,14,0,0,10209
20171126,23,210,30,40,60,40,18,0,0,10208
20171126,24,210,40,50,70,49,28,0,0,10203
20171127,1,220,50,40,80,53,35,0,0,10199
20171127,2,220,50,50,90,54,37,0,0,10196
20171127,3,210,50,50,90,55,39,0,0,10189
20171127,4,210,50,60,100,49,32,0,0,10177
20171127,5,210,60,60,110,48,29,0,0,10165
20171127,6,210,70,70,120,50,36,0,0,10152
20171127,7,210,80,80,130,57,46,0,0,10138
20171127,8,210,70,70,130,62,53,0,0,10126
20171127,9,210,70,70,130,70,61,0,3,10113
20171127,10,230,80,80,140,78,67,0,5,10103
20171127,11,220,70,60,140,79,68,0,10,10096
20171127,12,220,50,40,120,82,72,0,18,10086
20171127,13,240,40,40,90,84,73,0,15,10081
20171127,14,230,30,30,70,88,74,0,17,10076
20171127,15,260,40,30,80,82,68,0,7,10074
20171127,16,240,40,30,70,78,67,0,0,10067
20171127,17,260,40,40,90,72,53,0,0,10064
20171127,18,260,40,30,80,71,58,0,0,10061
20171127,19,250,40,60,100,72,45,0,0,10059
20171127,20,240,50,40,110,64,48,0,0,10057
20171127,21,270,50,60,110,66,41,0,0,10056
20171127,22,220,40,30,110,59,44,0,0,10052
20171127,23,260,40,30,70,64,36,0,0,10049
20171127,24,250,40,40,80,64,26,0,0,10047
20171128,1,240,30,40,70,57,24,0,0,10047
20171128,2,240,30,30,70,51,22,0,0,10044
20171128,3,240,30,30,60,47,21,0,0,10037
20171128,4,240,30,30,60,53,27,0,0,10039
20171128,5,250,30,40,60,58,25,0,0,10039
20171128,6,250,40,40,80,63,25,0,0,10040
20171128,7,240,40,40,70,59,25,0,0,10042
20171128,8,280,30,40,70,59,31,0,2,10048
20171128,9,250,30,30,70,61,37,5,21,10050
20171128,10,290,30,40,80,63,34,2,36,10049
20171128,11,260,30,50,80,77,32,0,33,10046
20171128,12,250,40,40,80,75,37,0,32,10044
20171128,13,260,40,40,80,77,34,0,41,10040
20171128,14,250,40,40,90,72,25,0,29,10039
20171128,15,250,40,30,80,70,16,7,23,10039
20171128,16,230,30,20,80,55,24,0,3,10040
20171128,17,240,30,30,50,53,14,0,0,10040
20171128,18,240,30,30,60,50,14,0,0,10038
20171128,19,240,20,30,50,43,15,0,0,10040
20171128,20,260,30,30,50,43,16,0,0,10039
20171128,21,240,30,30,50,38,19,0,0,10038
20171128,22,230,20,20,40,31,13,0,0,10037
20171128,23,230,20,20,30,20,12,0,0,10037
20171128,24,210,20,30,40,18,6,0,0,10035
20171129,1,210,30,30,40,24,11,0,0,10032
20171129,2,210,20,20,40,24,14,0,0,10032
20171129,3,200,30,30,50,31,21,0,0,10029
20171129,4,220,20,20,50,27,19,0,0,10028
20171129,5,210,30,30,50,27,21,0,0,10027
20171129,6,220,30,30,50,27,20,0,0,10030
20171129,7,210,30,30,50,28,21,0,0,10031
20171129,8,200,30,30,60,30,24,0,1,10035
20171129,9,240,20,20,50,30,23,0,9,10040
20171129,10,170,20,20,30,32,27,0,12,10044
20171129,11,190,20,20,40,31,27,0,17,10045
20171129,12,170,20,20,30,34,25,0,23,10045
20171129,13,160,20,20,40,37,28,0,20,10046
20171129,14,160,20,20,30,39,28,0,18,10048
20171129,15,130,20,10,30,38,30,0,7,10053
20171129,16,150,10,10,20,37,28,0,0,10056
20171129,17,150,10,20,20,35,28,0,0,10060
20171129,18,150,10,10,20,35,28,0,0,10062
20171129,19,210,10,10,20,35,28,0,0,10065
20171129,20,270,10,10,20,29,24,0,0,10064
20171129,21,260,10,20,20,24,20,0,0,10065
20171129,22,270,10,20,30,15,13,0,0,10064
20171129,23,280,20,20,40,20,16,0,0,10062
20171129,24,260,10,20,30,6,3,0,0,10059
20171130,1,280,10,10,30,-6,-7,0,0,10055
20171130,2,290,20,20,30,-3,-5,0,0,10055
20171130,3,280,30,30,50,29,17,0,0,10050
20171130,4,270,20,20,40,31,19,0,0,10047
20171130,5,260,20,20,40,31,20,0,0,10043
20171130,6,260,20,20,40,27,22,0,0,10042
20171130,7,270,20,20,30,25,18,0,0,10039
20171130,8,240,20,30,40,27,18,0,2,10041
20171130,9,230,20,20,50,25,17,0,12,10040
20171130,10,260,20,20,50,39,20,2,43,10038
20171130,11,240,20,30,50,40,22,0,35,10034
20171130,12,260,30,30,60,40,17,2,45,10030
20171130,13,260,20,20,60,40,20,0,36,10028
20171130,14,310,20,30,50,33,18,0,15,10029
20171130,15,250,20,10,50,24,17,5,13,10029
20171130,16,320,20,20,30,21,12,0,1,10034
20171130,17,280,10,20,20,7,3,0,0,10036
20171130,18,280,20,20,30,8,4,0,0,10041
20171130,19,290,10,10,30,-12,-13,0,0,10044
20171130,20,250,10,10,20,-15,-16,0,0,10046
20171130,21,0,10,0,20,-19,-22,0,0,10052
20171130,22,130,10,10,20,-22,-26,0,0,10057
20171130,23,140,10,10,20,-14,-14,0,0,10062
20171130,24,150,10,10,30,-8,-10,0,0,10070
20171201,1,0,10,0,30,-2,-5,0,0,10077
20171201,2,90,10,10,20,-1,-4,0,0,10085
20171201,3,40,10,20,30,1,1,0,0,10096
20171201,4,50,10,10,20,2,-1,0,0,10105
20171201,5,20,20,20,40,4,3,0,0,10116
20171201,6,20,20,20,40,2,-3,0,0,10128
20171201,7,30,20,30,50,2,0,0,0,10138
20171201,8,30,30,40,60,-1,-1,0,1,10151
20171201,9,40,30,20,60,2,2,0,5,10161
20171201,10,30,20,20,50,7,4,0,18,10169
20171201,11,360,20,30,50,9,6,0,31,10176
20171201,12,20,20,20,50,16,8,0,33,10178
20171201,13,20,20,20,40,22,10,0,35,10183
20171201,14,10,10,20,30,30,14,2,30,10186
20171201,15,30,10,10,30,25,11,5,17,10190
20171201,16,0,10,0,20,0,-4,0,1,10196
20171201,17,240,0,10,10,-11,-14,0,0,10203
20171201,18,280,10,10,10,-11,-14,0,0,10207
20171201,19,0,10,0,20,-20,-22,0,0,10212
20171201,20,80,0,10,10,-28,-31,0,0,10223
20171201,21,150,10,10,20,-24,-27,0,0,10227
20171201,22,240,10,10,20,-19,-20,0,0,10230
20171201,23,0,10,0,10,-9,-9,0,0,10234
20171201,24,0,0,0,10,-7,-8,0,0,10238
20171202,1,990,0,10,10,-5,-5,0,0,10242
20171202,2,0,10,0,20,-3,-3,0,0,10249
20171202,3,990,0,10,10,-1,-1,0,0,10250
20171202,4,190,10,10,20,5,4,0,0,10250
20171202,5,990,10,10,20,1,1,0,0,10254
20171202,6,240,20,10,20,-1,-1,0,0,10260
20171202,7,200,20,20,40,-9,-9,0,0,10264
20171202,8,180,20,20,30,-12,-12,0,1,10267
20171202,9,200,20,20,30,-10,-10,0,8,10270
20171202,10,220,20,20,40,-8,-8,0,17,10277
20171202,11,200,20,30,40,-6,-6,0,24,10273
20171202,12,200,30,30,50,-7,-7,0,25,10271
20171202,13,200,30,30,50,-6,-9,0,24,10268
20171202,14,190,30,30,50,-6,-7,0,18,10267
20171202,15,180,30,40,50,-6,-9,0,9,10266
20171202,16,190,30,30,60,-6,-9,0,1,10266
20171202,17,190,30,30,60,-5,-8,0,0,10266
20171202,18,180,30,30,60,-5,-8,0,0,10267
20171202,19,190,30,40,60,-5,-8,0,0,10268
20171202,20,190,40,40,60,-4,-8,0,0,10265
20171202,21,190,30,40,50,-3,-8,0,0,10263
20171202,22,200,30,30,60,-2,-8,0,0,10261
20171202,23,200,30,40,60,0,-6,0,0,10254
20171202,24,200,30,40,60,3,-4,0,0,10251
20171203,1,210,40,30,60,5,-1,0,0,10246
20171203,2,220,30,30,60,7,2,0,0,10243
20171203,3,210,30,30,60,10,4,0,0,10238
20171203,4,200,30,40,50,12,6,0,0,10235
20171203,5,190,30,30,60,13,8,0,0,10232
20171203,6,200,30,30,50,16,11,0,0,10229
20171203,7,210,30,30,60,19,14,0,0,10230
20171203,8,230,30,40,60,21,17,0,0,10231
20171203,9,230,30,30,60,23,19,0,4,10233
20171203,10,220,30,30,60,27,23,0,9,10234
20171203,11,230,30,30,60,31,28,0,13,10231
20171203,12,230,30,30,70,37,34,0,14,10229
20171203,13,240,30,30,60,44,41,0,15,10225
20171203,14,230,30,30,50,51,47,0,22,10228
20171203,15,240,20,30,50,54,52,0,9,10231
20171203,16,240,20,20,40,55,52,0,1,10235
20171203,17,240,20,20,30,52,49,0,0,10239
20171203,18,260,20,20,30,49,46,0,0,10242
20171203,19,300,20,20,40,52,49,0,0,10248
20171203,20,280,20,20,30,53,46,0,0,10247
20171203,21,310,20,20,50,60,48,0,0,10256
20171203,22,270,20,20,50,62,49,0,0,10256
20171203,23,270,20,20,40,61,51,0,0,10261
20171203,24,270,20,20,40,65,55,0,0,10261
20171204,1,260,20,20,90,65,57,0,0,10264
20171204,2,320,30,20,60,69,55,0,0,10266
20171204,3,280,20,20,40,68,53,0,0,10265
20171204,4,260,30,20,70,69,57,0,0,10267
20171204,5,290,20,20,40,67,55,0,0,10270
20171204,6,260,20,20,30,63,60,0,0,10274
20171204,7,260,20,20,60,68,57,0,0,10276
20171204,8,270,30,30,50,71,62,0,2,10284
20171204,9,290,30,20,50,73,63,0,6,10290
20171204,10,280,20,20,40,75,62,0,10,10294
20171204,11,300,30,30,60,79,60,0,16,10299
20171204,12,280,30,30,50,86,65,0,34,10297
20171204,13,290,30,30,60,90,63,0,42,10298
20171204,14,290,30,40,70,89,63,7,39,10300
20171204,15,290,30,20,70,85,63,2,8,10303
20171204,16,280,20,30,50,79,60,0,2,10307
20171204,17,280,20,20,50,72,55,0,0,10314
20171204,18,280,30,20,50,68,52,0,0,10319
20171204,19,280,20,20,40,60,47,0,0,10323
20171204,20,240,20,20,40,53,44,0,0,10325
20171204,21,240,30,30,50,58,44,0,0,10327
20171204,22,240,30,40,60,57,45,0,0,10327
20171204,23,250,30,30,70,58,47,0,0,10331
20171204,24,230,30,30,60,54,45,0,0,10327
20171205,1,240,20,30,40,60,50,0,0,10325
20171205,2,240,30,30,50,63,52,0,0,10324
20171205,3,220,20,20,50,63,57,0,0,10324
20171205,4,250,30,30,60,65,56,0,0,10322
20171205,5,240,30,30,50,67,58,0,0,10324
20171205,6,240,30,30,50,70,59,0,0,10326
20171205,7,240,30,30,50,74,50,0,0,10328
20171205,8,240,30,30,40,76,47,0,0,10331
20171205,9,250,30,30,60,81,40,0,3,10332
20171205,10,250,30,30,50,80,42,0,8,10334
20171205,11,240,30,30,60,83,43,0,14,10330
20171205,12,240,30,30,60,83,48,0,17,10329
20171205,13,240,40,40,70,83,53,0,14,10326
20171205,14,240,30,30,50,86,57,0,16,10324
20171205,15,260,30,30,60,89,43,0,5,10324
20171205,16,260,30,30,70,87,43,0,1,10326
20171205,17,280,40,40,100,84,38,0,0,10327
20171205,18,240,30,30,70,79,42,0,0,10326
20171205,19,240,30,30,60,78,41,0,0,10323
20171205,20,240,30,40,60,76,43,0,0,10322
20171205,21,230,40,40,70,75,40,0,0,10319
20171205,22,240,50,40,100,73,43,0,0,10317
20171205,23,240,40,40,80,74,37,0,0,10316
20171205,24,250,40,40,80,77,37,0,0,10314
20171206,1,240,30,30,70,73,40,0,0,10312
20171206,2,240,30,40,50,74,41,0,0,10310
20171206,3,220,30,30,70,71,43,0,0,10304
20171206,4,230,30,30,70,72,44,0,0,10301
20171206,5,240,30,30,60,75,45,0,0,10297
20171206,6,250,40,40,80,83,41,0,0,10297
20171206,7,260,50,50,90,85,37,0,0,10296
20171206,8,260,40,40,100,85,35,0,0,10297
20171206,9,250,40,40,80,86,39,0,4,10295
20171206,10,240,40,40,70,89,36,0,16,10293
20171206,11,230,50,50,90,81,48,0,15,10292
20171206,12,230,50,50,90,86,48,0,23,10287
20171206,13,230,50,50,90,87,49,0,21,10282
20171206,14,230,50,50,90,88,49,0,12,10276
20171206,15,230,40,50,80,91,44,0,5,10270
20171206,16,230,50,50,80,87,44,0,1,10268
20171206,17,220,50,40,80,83,50,0,0,10264
20171206,18,210,50,60,90,81,53,0,0,10259
20171206,19,210,50,60,90,80,49,0,0,10253
20171206,20,200,60,60,100,78,42,0,0,10244
20171206,21,200,60,60,100,75,41,0,0,10239
20171206,22,210,60,50,100,75,33,0,0,10233
20171206,23,210,70,70,130,73,27,0,0,10227
20171206,24,210,70,70,100,69,25,0,0,10218
20171207,1,220,60,60,110,68,20,0,0,10210
20171207,2,210,80,80,150,64,17,0,0,10200
20171207,3,200,70,70,140,61,13,0,0,10190
20171207,4,200,60,60,110,55,10,0,0,10179
20171207,5,200,60,60,120,50,12,0,0,10170
20171207,6,190,70,70,130,48,13,0,0,10160
20171207,7,190,70,80,120,43,17,0,0,10148
20171207,8,190,80,90,130,45,13,0,1,10142
20171207,9,200,70,70,130,46,13,0,4,10136
20171207,10,200,80,70,150,49,16,0,5,10126
20171207,11,200,80,70,130,53,25,0,10,10107
20171207,12,200,70,70,140,54,37,0,9,10093
20171207,13,210,80,90,150,61,42,0,6,10078
20171207,14,210,80,80,130,63,47,0,4,10065
20171207,15,210,80,80,140,64,53,0,2,10055
20171207,16,210,70,80,140,67,56,0,0,10052
20171207,17,220,70,70,130,70,59,0,0,10047
20171207,18,270,60,40,120,67,57,0,0,10056
20171207,19,240,30,30,80,63,52,0,0,10054
20171207,20,250,30,30,60,62,47,0,0,10055
20171207,21,260,30,30,60,68,39,0,0,10059
20171207,22,280,30,40,70,66,28,0,0,10061
20171207,23,280,40,40,80,66,17,0,0,10065
20171207,24,270,40,40,90,61,15,0,0,10063
20171208,1,270,40,40,80,58,16,0,0,10064
20171208,2,260,40,50,90,53,13,0,0,10067
20171208,3,260,50,40,90,49,4,0,0,10067
20171208,4,260,50,50,90,45,-13,0,0,10065
20171208,5,250,50,50,100,45,-13,0,0,10065
20171208,6,250,40,50,120,38,-6,0,0,10061
20171208,7,240,50,70,110,20,4,0,0,10062
20171208,8,230,40,40,80,23,7,0,1,10060
20171208,9,280,40,40,80,9,1,0,2,10071
20171208,10,290,40,30,80,9,2,0,3,10080
20171208,11,210,30,20,70,9,2,0,6,10077
20171208,12,230,30,30,50,17,5,0,14,10077
20171208,13,260,40,40,70,37,0,5,48,10078
20171208,14,280,30,30,90,39,-12,2,22,10080
20171208,15,270,40,50,90,40,-30,2,13,10085
20171208,16,270,50,50,100,38,-28,0,2,10089
20171208,17,290,60,60,140,29,-16,0,0,10090
20171208,18,260,60,50,130,4,-1,0,0,10091
20171208,19,300,50,60,120,8,-1,0,0,10102
20171208,20,270,40,20,90,6,1,0,0,10102
20171208,21,990,20,10,60,9,0,0,0,10109
20171208,22,240,30,30,90,10,1,0,0,10109
20171208,23,250,20,40,60,18,-1,0,0,10110
20171208,24,270,40,40,70,14,-7,0,0,10109
20171209,1,250,40,40,100,15,-8,0,0,10109
20171209,2,250,40,50,80,17,-4,0,0,10108
20171209,3,240,50,40,90,16,-2,0,0,10104
20171209,4,260,50,60,140,21,2,0,0,10103
20171209,5,270,60,40,110,20,-3,0,0,10103
20171209,6,240,50,50,90,10,2,0,0,10101
20171209,7,280,30,20,80,26,14,0,0,10105
20171209,8,280,10,20,50,33,19,0,0,10109
20171209,9,280,50,40,80,32,16,0,4,10114
20171209,10,240,30,30,70,36,26,0,23,10115
20171209,11,250,40,50,80,43,19,2,38,10112
20171209,12,280,50,40,110,15,5,0,22,10116
20171209,13,300,20,20,80,33,17,5,36,10115
20171209,14,250,20,20,80,13,4,0,7,10109
20171209,15,240,30,30,70,28,13,5,11,10102
20171209,16,240,30,30,70,30,3,0,1,10100
20171209,17,230,30,30,60,26,-2,0,0,10095
20171209,18,220,40,40,60,25,-1,0,0,10090
20171209,19,220,50,50,90,22,-1,0,0,10085
20171209,20,220,60,70,130,8,-1,0,0,10081
20171209,21,210,50,50,90,9,1,0,0,10071
20171209,22,230,60,40,100,6,-1,0,0,10064
20171209,23,220,50,50,110,4,-1,0,0,10056
20171209,24,210,60,60,90,5,-1,0,0,10044
20171210,1,210,50,50,90,10,0,0,0,10032
20171210,2,220,50,50,100,11,-1,0,0,10019
20171210,3,220,40,40,80,11,-2,0,0,10004
20171210,4,210,40,40,80,7,-6,0,0,9990
20171210,5,180,40,40,70,10,-2,0,0,9968
20171210,6,180,40,50,80,13,2,0,0,9946
20171210,7,160,40,30,80,11,4,0,0,9926
20171210,8,140,40,40,70,11,3,0,0,9901
20171210,9,140,40,50,80,14,2,0,2,9872
20171210,10,130,50,50,80,8,0,0,5,9842
20171210,11,120,60,60,100,4,-2,0,5,9809
20171210,12,110,70,70,110,0,-3,0,4,9781
20171210,13,120,80,80,130,0,-5,0,12,9757
20171210,14,110,70,70,130,0,-1,0,4,9733
20171210,15,110,60,50,120,0,-3,0,3,9718
20171210,16,110,40,40,80,4,1,0,1,9698
20171210,17,180,30,30,60,27,23,0,0,9692
20171210,18,220,60,70,120,39,22,0,0,9698
20171210,19,220,60,60,120,36,18,0,0,9697
20171210,20,300,50,60,120,14,5,0,0,9725
20171210,21,290,60,50,120,8,-2,0,0,9771
20171210,22,310,40,40,90,9,-8,0,0,9789
20171210,23,260,30,30,80,13,-10,0,0,9817
20171210,24,280,30,20,60,8,-14,0,0,9828
20171211,1,290,10,10,40,0,-14,0,0,9838
20171211,2,990,10,10,20,-11,-17,0,0,9838
20171211,3,150,10,10,20,-23,-26,0,0,9850
20171211,4,90,10,20,20,-26,-30,0,0,9841
20171211,5,120,20,20,40,-17,-21,0,0,9839
20171211,6,70,30,40,50,3,-17,0,0,9827
20171211,7,100,40,40,70,7,-16,0,0,9833
20171211,8,90,40,40,60,5,-16,0,0,9837
20171211,9,80,50,60,110,9,-21,0,2,9834
20171211,10,90,60,70,110,7,-22,0,3,9832
20171211,11,70,60,50,100,-2,-13,0,6,9824
20171211,12,60,50,60,100,-3,-10,0,7,9799
20171211,13,40,60,60,100,-1,-6,0,18,9790
20171211,14,50,60,60,100,0,-8,0,7,9785
20171211,15,40,70,70,110,-3,-8,0,6,9780
20171211,16,20,60,60,120,-3,-11,0,1,9790
20171211,17,20,60,60,120,-4,-11,0,0,9797
20171211,18,20,70,70,130,-1,-7,0,0,9805
20171211,19,20,70,70,130,0,-2,0,0,9814
20171211,20,10,60,70,120,3,-1,0,0,9828
20171211,21,360,60,60,110,5,-2,0,0,9838
20171211,22,10,60,60,110,11,-1,0,0,9857
20171211,23,350,60,60,120,15,-1,0,0,9877
20171211,24,330,40,30,90,14,2,0,0,9897
20171212,1,310,40,30,70,15,1,0,0,9913
20171212,2,280,30,30,60,15,-1,0,0,9928
20171212,3,280,30,30,60,18,-2,0,0,9945
20171212,4,260,40,30,90,16,-2,0,0,9962
20171212,5,270,30,30,60,21,-1,0,0,9977
20171212,6,290,20,20,50,22,-3,0,0,9995
20171212,7,250,20,10,40,18,-5,0,0,10012
20171212,8,270,30,20,70,20,-1,0,1,10027
20171212,9,250,20,30,40,24,-4,2,12,10041
20171212,10,230,20,20,50,32,3,8,44,10054
20171212,11,240,40,30,70,36,2,7,60,10060
20171212,12,250,40,30,80,39,5,8,92,10073
20171212,13,240,40,30,80,32,8,3,47,10079
20171212,14,270,40,40,80,23,4,7,48,10091
20171212,15,260,30,40,80,23,8,0,5,10098
20171212,16,240,30,30,70,18,7,0,1,10107
20171212,17,200,20,20,60,11,3,0,0,10109
20171212,18,200,20,30,50,7,0,0,0,10114
20171212,19,190,30,40,70,9,2,0,0,10115
20171212,20,200,40,40,70,8,-1,0,0,10119
20171212,21,200,40,30,70,5,-3,0,0,10122
20171212,22,200,40,30,70,6,-5,0,0,10118
20171212,23,180,40,40,60,4,-9,0,0,10113
20171212,24,190,40,50,70,11,-7,0,0,10105
20171213,1,180,50,50,80,11,-5,0,0,10097
20171213,2,190,60,60,110,18,0,0,0,10089
20171213,3,180,60,60,100,22,2,0,0,10077
20171213,4,190,70,70,130,25,4,0,0,10063
20171213,5,190,70,70,130,28,5,0,0,10053
20171213,6,180,70,70,110,27,7,0,0,10044
20171213,7,180,60,60,110,25,11,0,0,10032
20171213,8,180,60,60,100,27,18,0,0,10018
20171213,9,190,50,60,100,33,24,0,2,10004
20171213,10,190,60,50,100,35,28,0,4,9991
20171213,11,200,60,50,110,36,30,0,8,9978
20171213,12,210,50,60,100,38,32,0,6,9965
20171213,13,240,50,50,90,47,41,0,8,9958
20171213,14,230,50,60,100,55,47,0,17,9955
20171213,15,210,50,50,80,51,41,2,10,9948
20171213,16,190,50,50,100,49,39,0,1,9934
20171213,17,190,50,50,90,49,42,0,0,9915
20171213,18,180,60,60,100,52,45,0,0,9889
20171213,19,190,60,60,120,58,48,0,0,9869
20171213,20,230,70,70,180,63,50,0,0,9853
20171213,21,260,50,60,130,63,45,0,0,9858
20171213,22,270,50,50,120,58,30,0,0,9868
20171213,23,260,50,50,110,53,19,0,0,9878
20171213,24,240,40,40,90,47,17,0,0,9877
20171214,1,230,40,40,70,45,14,0,0,9871
20171214,2,210,40,40,60,44,17,0,0,9868
20171214,3,250,50,50,100,26,12,0,0,9876
20171214,4,230,30,20,90,4,1,0,0,9876
20171214,5,260,40,30,80,12,5,0,0,9890
20171214,6,240,40,40,60,24,14,0,0,9898
20171214,7,230,40,50,90,35,10,0,0,9903
20171214,8,220,50,50,110,34,20,0,0,9904
20171214,9,280,40,30,120,35,26,0,2,9909
20171214,10,240,40,30,90,39,26,0,12,9913
20171214,11,240,40,40,110,40,20,0,9,9909
20171214,12,300,30,20,90,35,29,0,4,9908
20171214,13,290,20,30,90,49,32,3,30,9905
20171214,14,230,50,60,100,47,23,2,23,9901
20171214,15,220,50,60,100,47,27,3,13,9900
20171214,16,210,50,50,80,44,25,0,0,9899
20171214,17,210,50,50,90,39,21,0,0,9897
20171214,18,190,50,40,80,36,20,0,0,9895
20171214,19,210,40,40,70,37,21,0,0,9894
20171214,20,210,40,40,70,30,17,0,0,9888
20171214,21,210,40,30,70,23,13,0,0,9890
20171214,22,210,40,40,60,21,11,0,0,9889
20171214,23,220,40,30,60,19,8,0,0,9892
20171214,24,230,40,40,70,19,9,0,0,9893
20171215,1,190,30,30,70,16,8,0,0,9894
20171215,2,190,30,40,60,12,5,0,0,9900
20171215,3,180,30,30,60,11,4,0,0,9904
20171215,4,180,30,40,70,14,5,0,0,9907
20171215,5,170,40,30,80,12,6,0,0,9910
20171215,6,200,40,40,80,21,12,0,0,9913
20171215,7,200,30,40,70,23,13,0,0,9918
20171215,8,210,40,40,60,26,16,0,0,9921
20171215,9,210,40,40,80,29,20,0,4,9930
20171215,10,200,40,40,70,34,22,0,12,9940
20171215,11,190,30,30,60,39,23,0,20,9942
20171215,12,160,30,30,50,42,30,0,23,9948
20171215,13,170,30,30,50,41,25,0,23,9954
20171215,14,160,30,20,50,41,25,0,8,9960
20171215,15,150,20,20,30,39,25,0,3,9968
20171215,16,0,10,0,30,35,26,0,1,9978
20171215,17,40,10,10,20,35,28,0,0,9985
20171215,18,340,10,10,20,36,27,0,0,9996
20171215,19,350,10,10,30,37,24,0,0,10006
20171215,20,360,10,10,20,33,24,0,0,10014
20171215,21,300,10,10,20,29,23,0,0,10022
20171215,22,290,20,10,30,16,11,0,0,10027
20171215,23,280,10,20,20,3,2,0,0,10035
20171215,24,280,10,10,30,6,3,0,0,10040
20171216,1,250,10,10,30,10,7,0,0,10044
20171216,2,300,10,20,40,16,13,0,0,10053
20171216,3,290,20,10,30,5,3,0,0,10061
20171216,4,290,20,20,30,11,6,0,0,10066
20171216,5,300,20,20,40,3,1,0,0,10074
20171216,6,320,20,20,70,26,8,0,0,10077
20171216,7,290,20,20,50,24,7,0,0,10085
20171216,8,280,20,20,40,25,8,0,1,10093
20171216,9,290,20,20,50,37,13,8,24,10104
20171216,10,270,30,30,60,43,13,7,40,10111
20171216,11,280,30,30,60,53,17,8,62,10114
20171216,12,290,30,20,100,46,22,3,53,10117
20171216,13,270,30,40,70,43,16,0,22,10121
20171216,14,300,40,40,110,41,16,3,24,10126
20171216,15,300,30,40,90,42,7,3,10,10132
20171216,16,290,30,40,80,36,13,0,2,10142
20171216,17,260,20,20,50,29,16,0,0,10145
20171216,18,260,10,20,30,21,14,0,0,10154
20171216,19,270,20,20,40,26,15,0,0,10157
20171216,20,260,20,30,50,28,14,0,0,10163
20171216,21,260,20,20,40,23,12,0,0,10167
20171216,22,240,20,20,50,11,6,0,0,10172
20171216,23,260,20,30,60,22,12,0,0,10176
20171216,24,260,20,20,30,17,8,0,0,10181
20171217,1,270,20,20,40,24,11,0,0,10185
20171217,2,270,20,20,40,19,8,0,0,10192
20171217,3,270,20,20,30,6,2,0,0,10195
20171217,4,260,10,20,20,-10,-12,0,0,10199
20171217,5,270,10,20,20,-16,-18,0,0,10206
20171217,6,270,20,20,30,-22,-25,0,0,10211
20171217,7,280,10,20,30,-26,-28,0,0,10216
20171217,8,240,10,20,30,-27,-29,0,1,10221
20171217,9,230,20,10,30,1,-3,7,22,10227
20171217,10,230,10,10,20,41,22,10,52,10231
20171217,11,230,20,20,30,53,20,10,63,10230
20171217,12,240,20,20,50,60,22,10,72,10227
20171217,13,240,30,40,60,60,21,10,66,10227
20171217,14,240,30,30,60,53,22,8,36,10228
20171217,15,230,30,30,50,49,26,2,11,10228
20171217,16,220,30,40,70,46,24,0,1,10223
20171217,17,220,40,40,70,44,24,0,0,10219
20171217,18,210,40,40,70,41,26,0,0,10213
20171217,19,210,50,50,90,38,8,0,0,10203
20171217,20,190,50,50,90,33,16,0,0,10196
20171217,21,190,60,60,100,30,22,0,0,10184
20171217,22,190,60,70,130,31,23,0,0,10173
20171217,23,200,60,60,110,33,26,0,0,10163
20171217,24,210,50,60,90,38,32,0,0,10154
20171218,1,220,50,40,70,45,41,0,0,10150
20171218,2,290,20,30,80,55,49,0,0,10153
20171218,3,330,40,40,100,67,59,0,0,10159
20171218,4,330,40,40,80,68,54,0,0,10167
20171218,5,330,40,40,80,69,53,0,0,10178
20171218,6,340,40,40,100,67,51,0,0,10188
20171218,7,340,40,30,70,64,49,0,0,10199
20171218,8,340,40,40,80,69,44,0,0,10210
20171218,9,340,40,40,80,72,44,0,6,10222
20171218,10,340,40,40,80,73,43,0,14,10232
20171218,11,340,40,40,70,75,44,0,26,10237
20171218,12,340,40,40,90,77,47,0,34,10243
20171218,13,350,50,50,90,80,49,0,35,10245
20171218,14,360,40,40,90,71,57,0,15,10253
20171218,15,350,40,40,90,70,56,0,8,10263
20171218,16,360,40,40,70,67,58,0,0,10273
20171218,17,360,30,20,60,65,55,0,0,10280
20171218,18,320,20,20,40,59,52,0,0,10289
20171218,19,340,20,10,40,54,50,0,0,10295
20171218,20,0,10,0,30,43,39,0,0,10301
20171218,21,0,0,0,10,30,30,0,0,10307
20171218,22,260,0,10,10,32,29,0,0,10308
20171218,23,240,10,10,20,27,26,0,0,10311
20171218,24,260,20,20,30,27,24,0,0,10312
20171219,1,290,10,10,30,17,16,0,0,10316
20171219,2,250,10,10,20,15,13,0,0,10323
20171219,3,0,0,0,10,18,16,0,0,10324
20171219,4,210,10,10,10,18,16,0,0,10323
20171219,5,210,10,10,20,24,21,0,0,10328
20171219,6,240,20,20,30,40,37,0,0,10330
20171219,7,240,20,20,30,45,42,0,0,10331
20171219,8,230,20,20,30,50,46,0,0,10336
20171219,9,230,20,20,30,54,49,0,9,10339
20171219,10,240,30,30,50,65,44,3,33,10340
20171219,11,250,40,40,80,69,45,0,42,10337
20171219,12,250,40,30,70,70,48,0,37,10334
20171219,13,240,30,30,70,71,52,0,22,10332
20171219,14,230,20,20,40,74,53,0,13,10331
20171219,15,250,30,40,60,74,54,0,9,10328
20171219,16,240,30,20,60,71,56,0,1,10330
20171219,17,240,30,30,50,67,53,0,0,10330
20171219,18,240,30,30,50,62,50,0,0,10329
20171219,19,220,20,20,40,60,51,0,0,10331
20171219,20,200,20,30,40,55,48,0,0,10331
20171219,21,240,20,30,50,57,50,0,0,10331
20171219,22,240,20,20,50,58,49,0,0,10331
20171219,23,240,20,20,40,59,51,0,0,10330
20171219,24,230,20,20,40,58,50,0,0,10326
20171220,1,230,20,20,40,57,52,0,0,10324
20171220,2,230,20,20,30,57,51,0,0,10326
20171220,3,240,10,10,30,51,47,0,0,10324
20171220,4,270,20,20,40,61,56,0,0,10322
20171220,5,290,20,20,40,69,62,0,0,10323
20171220,6,300,20,10,40,70,66,0,0,10326
20171220,7,330,10,10,20,68,65,0,0,10327
20171220,8,310,20,10,40,65,65,0,0,10327
20171220,9,290,10,10,30,69,68,0,4,10333
20171220,10,270,10,10,30,74,71,0,8,10338
20171220,11,260,10,10,20,79,76,0,16,10337
20171220,12,270,10,10,20,81,78,0,14,10337
20171220,13,280,10,10,20,83,82,0,11,10335
20171220,14,260,10,10,20,86,83,0,13,10335
20171220,15,230,10,20,20,86,83,2,9,10335
20171220,16,240,10,10,20,85,81,0,1,10333
20171220,17,270,20,10,40,84,82,0,0,10340
20171220,18,260,10,10,30,85,82,0,0,10338
20171220,19,280,20,20,40,84,81,0,0,10342
20171220,20,260,20,20,50,83,78,0,0,10339
20171220,21,260,20,30,50,84,71,0,0,10343
20171220,22,230,30,20,60,82,73,0,0,10340
20171220,23,260,20,20,40,81,75,0,0,10340
20171220,24,240,20,20,40,77,74,0,0,10342
20171221,1,240,20,10,30,76,73,0,0,10341
20171221,2,250,20,20,30,77,74,0,0,10340
20171221,3,240,20,30,40,78,75,0,0,10337
20171221,4,240,20,20,50,78,75,0,0,10335
20171221,5,250,20,20,40,78,75,0,0,10336
20171221,6,230,20,20,50,80,77,0,0,10334
20171221,7,270,20,20,50,81,78,0,0,10336
20171221,8,260,20,20,40,83,83,0,0,10339
20171221,9,280,20,20,40,87,87,0,4,10341
20171221,10,290,20,20,50,88,85,0,13,10343
20171221,11,280,20,20,50,91,91,0,13,10344
20171221,12,280,30,30,60,92,92,0,17,10339
20171221,13,290,30,30,70,90,88,0,15,10335
20171221,14,300,20,20,50,91,87,0,9,10333
20171221,15,310,20,20,40,90,88,0,4,10337
20171221,16,320,20,20,60,88,85,0,0,10339
20171221,17,310,10,10,40,88,86,0,0,10344
20171221,18,280,10,10,20,85,84,0,0,10342
20171221,19,250,10,10,20,81,78,0,0,10343
20171221,20,230,20,20,30,79,76,0,0,10341
20171221,21,200,20,20,30,82,82,0,0,10339
20171221,22,200,20,20,30,84,84,0,0,10337
20171221,23,190,20,10,30,85,85,0,0,10336
20171221,24,160,10,10,20,84,84,0,0,10330
20171222,1,170,10,10,20,85,85,0,0,10327
20171222,2,190,10,10,20,86,83,0,0,10325
20171222,3,200,10,10,20,85,82,0,0,10322
20171222,4,210,10,10,20,85,82,0,0,10318
20171222,5,240,10,10,20,85,82,0,0,10318
20171222,6,260,10,10,20,87,84,0,0,10319
20171222,7,310,10,10,30,88,85,0,0,10325
20171222,8,350,10,20,30,87,84,0,0,10330
20171222,9,340,10,10,20,85,81,0,3,10336
20171222,10,350,10,10,20,86,83,0,8,10343
20171222,11,40,20,20,40,87,84,0,10,10345
20171222,12,60,10,10,20,91,88,0,18,10346
20171222,13,300,10,10,20,94,90,0,21,10342
20171222,14,340,10,10,20,96,88,0,23,10342
20171222,15,340,10,10,20,93,88,0,9,10349
20171222,16,340,10,10,20,85,83,0,2,10351
20171222,17,340,10,10,20,80,80,0,0,10354
20171222,18,330,10,10,20,73,73,0,0,10355
20171222,19,10,10,10,30,75,73,0,0,10358
20171222,20,0,10,0,10,75,74,0,0,10358
20171222,21,240,20,30,50,84,80,0,0,10355
20171222,22,260,30,30,60,87,80,0,0,10356
20171222,23,270,30,20,60,88,79,0,0,10357
20171222,24,260,30,30,50,87,82,0,0,10355
20171223,1,250,30,40,70,86,78,0,0,10347
20171223,2,250,40,30,80,85,79,0,0,10342
20171223,3,260,40,50,80,84,76,0,0,10340
20171223,4,260,40,40,80,82,74,0,0,10337
20171223,5,260,50,40,100,85,73,0,0,10331
20171223,6,240,40,40,90,88,74,0,0,10326
20171223,7,250,40,40,80,86,74,0,0,10322
20171223,8,260,40,40,90,90,67,0,0,10323
20171223,9,240,40,40,100,91,68,0,3,10319
20171223,10,260,60,60,120,93,68,0,9,10319
20171223,11,250,50,50,110,90,70,0,10,10316
20171223,12,260,50,50,100,88,73,0,7,10314
20171223,13,250,50,50,100,88,76,0,8,10308
20171223,14,240,50,50,110,88,77,0,6,10300
20171223,15,250,60,50,130,87,78,0,3,10300
20171223,16,250,60,60,110,87,76,0,0,10298
20171223,17,260,50,50,100,87,77,0,0,10297
20171223,18,250,50,40,100,87,75,0,0,10296
20171223,19,240,40,40,90,87,76,0,0,10291
20171223,20,240,50,50,100,89,75,0,0,10290
20171223,21,250,50,50,100,88,75,0,0,10287
20171223,22,240,50,50,130,84,74,0,0,10284
20171223,23,240,60,60,100,82,74,0,0,10280
20171223,24,240,50,50,120,80,73,0,0,10278
20171224,1,240,50,50,100,81,73,0,0,10273
20171224,2,260,50,60,110,82,70,0,0,10273
20171224,3,240,50,40,100,79,69,0,0,10268
20171224,4,240,50,50,100,74,67,0,0,10262
20171224,5,240,50,50,100,73,69,0,0,10262
20171224,6,240,50,50,100,73,66,0,0,10259
20171224,7,230,50,50,90,73,65,0,0,10254
20171224,8,250,50,50,100,76,68,0,0,10252
20171224,9,230,50,40,100,75,70,0,2,10249
20171224,10,260,50,50,110,77,69,0,3,10249
20171224,11,240,60,60,110,77,71,0,12,10242
20171224,12,230,60,70,130,79,74,0,12,10236
20171224,13,240,60,50,130,82,73,0,15,10230
20171224,14,230,60,70,110,85,71,0,13,10223
20171224,15,230,70,60,120,87,74,0,7,10222
20171224,16,240,70,80,130,93,77,0,1,10218
20171224,17,240,60,50,110,96,77,0,0,10214
20171224,18,230,60,60,120,96,75,0,0,10211
20171224,19,230,70,80,130,89,74,0,0,10208
20171224,20,230,60,60,110,84,78,0,0,10204
20171224,21,230,60,60,110,85,75,0,0,10202
20171224,22,230,50,50,90,84,75,0,0,10200
20171224,23,230,50,50,90,85,75,0,0,10196
20171224,24,230,50,50,90,86,77,0,0,10192
20171225,1,230,60,60,110,91,73,0,0,10186
20171225,2,230,60,60,100,91,73,0,0,10182
20171225,3,230,50,50,100,86,79,0,0,10179
20171225,4,220,60,60,100,86,77,0,0,10173
20171225,5,220,50,50,100,86,76,0,0,10168
20171225,6,210,60,60,100,87,70,0,0,10165
20171225,7,210,60,70,100,88,62,0,0,10159
20171225,8,220,60,50,100,88,57,0,0,10157
20171225,9,210,60,70,110,88,56,0,4,10155
20171225,10,220,70,80,130,89,52,0,17,10155
20171225,11,220,60,60,130,81,61,0,8,10150
20171225,12,220,70,70,130,79,56,0,17,10138
20171225,13,200,50,50,110,80,47,0,15,10125
20171225,14,190,60,50,100,76,50,0,10,10116
20171225,15,190,50,60,100,76,45,0,4,10110
20171225,16,190,60,60,100,72,45,0,1,10099
20171225,17,190,60,60,110,69,42,0,0,10093
20171225,18,200,60,50,100,64,35,0,0,10092
20171225,19,190,70,70,120,59,29,0,0,10081
20171225,20,170,70,70,120,55,30,0,0,10065
20171225,21,180,70,60,110,52,27,0,0,10056
20171225,22,180,70,60,110,49,26,0,0,10044
20171225,23,180,70,70,120,46,22,0,0,10032
20171225,24,180,70,80,130,47,23,0,0,10024
20171226,1,180,80,90,130,51,24,0,0,10010
20171226,2,170,80,70,140,46,21,0,0,9995
20171226,3,180,70,60,120,47,25,0,0,9983
20171226,4,200,80,70,150,58,29,0,0,9964
20171226,5,210,80,90,150,68,37,0,0,9955
20171226,6,240,80,60,170,59,45,0,0,9965
20171226,7,230,60,60,120,59,42,0,0,9968
20171226,8,220,60,60,110,59,40,0,0,9973
20171226,9,220,60,60,100,58,36,0,5,9980
20171226,10,230,60,60,110,61,35,2,29,9986
20171226,11,230,70,70,150,65,31,2,31,9986
20171226,12,230,80,80,130,71,33,3,46,9988
20171226,13,240,80,70,140,70,25,3,44,9985
20171226,14,230,60,60,140,69,24,2,27,9984
20171226,15,220,60,50,120,62,29,8,25,9985
20171226,16,210,60,60,110,58,27,0,1,9983
20171226,17,210,50,60,100,59,29,0,0,9980
20171226,18,190,50,50,100,56,27,0,0,9974
20171226,19,190,50,50,80,55,24,0,0,9964
20171226,20,170,40,40,80,52,24,0,0,9954
20171226,21,160,40,40,70,48,22,0,0,9942
20171226,22,160,40,40,70,50,25,0,0,9930
20171226,23,150,40,40,70,54,27,0,0,9918
20171226,24,150,50,60,90,53,31,0,0,9898
20171227,1,150,60,70,120,60,31,0,0,9877
20171227,2,150,70,60,120,58,32,0,0,9862
20171227,3,150,60,60,100,56,36,0,0,9848
20171227,4,160,60,60,110,54,38,0,0,9839
20171227,5,160,50,50,100,51,36,0,0,9830
20171227,6,160,50,40,80,50,36,0,0,9823
20171227,7,180,60,70,110,48,30,0,0,9819
20171227,8,170,60,40,110,47,32,0,0,9816
20171227,9,180,40,50,80,46,35,0,1,9815
20171227,10,190,50,50,90,49,39,0,7,9818
20171227,11,190,50,50,80,54,41,0,13,9815
20171227,12,190,40,40,80,60,43,0,16,9813
20171227,13,210,40,40,70,64,44,0,18,9813
20171227,14,200,40,40,80,66,43,2,20,9814
20171227,15,200,30,30,70,66,42,0,8,9819
20171227,16,210,30,20,60,57,35,0,1,9824
20171227,17,210,30,30,50,53,32,0,0,9829
20171227,18,220,30,30,50,54,37,0,0,9837
20171227,19,330,40,50,90,38,24,0,0,9855
20171227,20,340,50,50,90,40,22,0,0,9869
20171227,21,320,40,40,90,41,17,0,0,9882
20171227,22,300,20,20,60,39,19,0,0,9890
20171227,23,270,20,20,40,41,17,0,0,9900
20171227,24,300,30,30,60,41,8,0,0,9905
20171228,1,280,30,30,70,39,5,0,0,9913
20171228,2,280,30,20,60,36,9,0,0,9925
20171228,3,300,30,30,70,35,13,0,0,9933
20171228,4,270,30,20,90,28,9,0,0,9938
20171228,5,260,20,20,50,29,5,0,0,9946
20171228,6,280,30,30,110,33,8,0,0,9955
20171228,7,260,30,30,60,34,-1,0,0,9961
20171228,8,250,30,30,60,27,-8,0,0,9967
20171228,9,240,30,40,70,30,-7,3,11,9971
20171228,10,240,40,40,80,38,-5,8,39,9977
20171228,11,260,40,40,90,50,-3,10,67,9979
20171228,12,260,60,60,120,51,-4,10,79,9982
20171228,13,260,50,50,100,50,-2,7,56,9986
20171228,14,270,50,40,110,48,0,3,26,9993
20171228,15,270,40,50,100,45,-3,3,12,10000
20171228,16,260,40,50,90,45,-3,0,1,10006
20171228,17,250,40,40,80,45,1,0,0,10012
20171228,18,240,40,30,90,41,4,0,0,10017
20171228,19,250,30,40,70,43,0,0,0,10023
20171228,20,240,40,40,70,44,2,0,0,10029
20171228,21,240,40,40,70,38,0,0,0,10035
20171228,22,240,40,30,90,36,0,0,0,10040
20171228,23,230,30,30,60,35,3,0,0,10045
20171228,24,250,30,30,60,35,1,0,0,10050
20171229,1,210,30,20,50,20,-4,0,0,10052
20171229,2,220,30,30,50,22,-2,0,0,10054
20171229,3,210,30,30,60,19,1,0,0,10051
20171229,4,210,40,40,60,16,2,0,0,10050
20171229,5,210,40,40,70,13,-2,0,0,10051
20171229,6,200,40,30,60,4,-9,0,0,10052
20171229,7,180,30,30,70,-1,-15,0,0,10049
20171229,8,170,30,30,60,-5,-15,0,1,10040
20171229,9,160,40,50,70,1,-8,0,11,10031
20171229,10,160,50,50,80,11,-3,3,30,10020
20171229,11,160,50,40,80,21,1,0,33,10006
20171229,12,170,60,60,110,21,5,0,16,9990
20171229,13,160,60,70,120,19,9,0,6,9966
20171229,14,150,60,70,120,11,4,0,5,9952
20171229,15,170,60,60,120,18,11,0,2,9942
20171229,16,170,60,60,100,30,20,0,0,9934
20171229,17,190,60,50,110,36,25,0,0,9938
20171229,18,210,50,50,90,40,32,0,0,9940
20171229,19,220,40,40,80,51,38,0,0,9949
20171229,20,240,50,50,90,60,38,0,0,9956
20171229,21,250,60,60,120,67,32,0,0,9968
20171229,22,250,70,70,130,61,35,0,0,9979
20171229,23,250,50,50,110,65,30,0,0,9990
20171229,24,250,50,60,100,66,27,0,0,9996
20171230,1,240,50,50,100,62,21,0,0,9995
20171230,2,210,50,50,90,49,21,0,0,9990
20171230,3,200,50,50,80,47,19,0,0,9981
20171230,4,190,50,50,80,43,14,0,0,9981
20171230,5,180,40,40,80,44,20,0,0,9974
20171230,6,160,40,40,70,42,25,0,0,9959
20171230,7,150,50,60,90,43,35,0,0,9935
20171230,8,160,60,60,110,46,41,0,0,9919
20171230,9,180,60,60,100,62,58,0,1,9911
20171230,10,240,60,60,110,97,90,0,3,9913
20171230,11,250,80,90,150,119,89,0,17,9921
20171230,12,250,80,80,160,122,85,0,34,9930
20171230,13,250,80,80,150,119,83,0,22,9945
20171230,14,250,80,80,150,119,76,0,24,9957
20171230,15,240,80,60,170,114,78,0,9,9969
20171230,16,240,70,70,140,108,81,0,1,9981
20171230,17,240,70,70,120,111,84,0,0,9987
20171230,18,250,60,60,120,114,85,0,0,9995
20171230,19,250,60,60,120,117,84,0,0,10006
20171230,20,250,50,50,110,111,85,0,0,10014
20171230,21,250,40,50,100,108,82,0,0,10024
20171230,22,240,50,40,100,103,84,0,0,10025
20171230,23,250,30,30,70,101,81,0,0,10027
20171230,24,240,30,50,70,102,80,0,0,10028
20171231,1,230,40,40,80,100,88,0,0,10024
20171231,2,210,40,30,70,97,91,0,0,10019
20171231,3,190,30,40,70,95,89,0,0,10011
20171231,4,190,40,40,80,93,89,0,0,10003
20171231,5,220,40,50,90,107,104,0,0,9997
20171231,6,230,70,80,150,117,109,0,0,9992
20171231,7,220,90,80,160,116,107,0,0,9993
20171231,8,220,90,90,160,117,104,0,0,9993
20171231,9,210,80,90,150,125,100,0,3,9987
20171231,10,210,90,90,170,131,101,2,25,9981
20171231,11,220,100,100,170,136,100,0,23,9977
20171231,12,230,80,70,160,119,112,0,12,9977
20171231,13,220,70,90,150,123,107,0,9,9971
20171231,14,230,70,60,140,119,105,0,8,9968
20171231,15,230,60,60,120,112,99,0,5,9968
20171231,16,250,50,40,110,93,83,0,0,9964
20171231,17,240,40,30,90,93,85,0,0,9959
20171231,18,220,30,40,70,96,90,0,0,9952
20171231,19,230,40,40,110,97,89,0,0,9949
20171231,20,220,50,70,110,100,85,0,0,9950
20171231,21,230,70,60,120,96,80,0,0,9953
20171231,22,220,70,70,150,96,66,0,0,9954
20171231,23,220,70,60,150,89,52,0,0,9957
20171231,24,220,80,90,150,87,45,0,0,9959
20180101,1,220,80,100,140,85,40,0,0,9951
20180101,2,240,90,70,190,71,56,0,0,9955
20180101,3,260,80,70,170,78,44,0,0,9969
20180101,4,240,80,80,160,80,38,0,0,9982
20180101,5,250,70,60,150,75,36,0,0,9989
20180101,6,240,60,50,110,69,29,0,0,9996
20180101,7,230,50,60,90,65,35,0,0,10001
20180101,8,210,60,60,100,62,35,0,0,10002
20180101,9,210,70,80,120,66,38,0,5,10003
20180101,10,210,80,70,130,71,40,7,38,10001
20180101,11,220,80,80,140,74,38,7,63,9996
20180101,12,210,70,60,130,70,37,7,58,9987
20180101,13,200,50,50,110,75,40,0,35,9978
20180101,14,190,40,40,80,75,40,0,18,9969
20180101,15,180,30,30,60,76,42,0,7,9965
20180101,16,160,30,20,60,64,53,0,0,9963
20180101,17,160,20,10,40,61,55,0,0,9965
20180101,18,220,10,20,30,60,53,0,0,9968
20180101,19,250,20,10,40,56,49,0,0,9974
20180101,20,270,10,20,30,54,46,0,0,9985
20180101,21,250,20,20,50,58,47,0,0,9993
20180101,22,250,30,30,60,61,45,0,0,10004
20180101,23,250,30,40,60,61,46,0,0,10014
20180101,24,240,30,30,80,53,43,0,0,10021
20180102,1,230,20,30,50,52,44,0,0,10028
20180102,2,230,20,20,40,48,42,0,0,10037
20180102,3,270,20,20,40,54,48,0,0,10047
20180102,4,260,30,30,60,58,47,0,0,10053
20180102,5,270,40,40,80,61,49,0,0,10065
20180102,6,280,40,50,100,62,49,0,0,10076
20180102,7,270,40,30,70,56,30,0,0,10084
20180102,8,270,40,30,90,62,30,0,0,10096
20180102,9,250,40,40,90,61,36,2,8,10100
20180102,10,240,30,30,80,68,46,5,31,10106
20180102,11,250,40,50,90,69,38,7,53,10111
20180102,12,230,40,40,80,69,39,0,34,10100
20180102,13,220,40,50,80,70,42,0,26,10102
20180102,14,210,50,50,100,67,39,0,13,10092
20180102,15,210,50,50,90,63,34,0,8,10088
20180102,16,180,40,40,90,60,33,0,1,10074
20180102,17,180,50,60,100,63,37,0,0,10062
20180102,18,190,60,60,110,63,46,0,0,10048
20180102,19,180,70,70,120,59,50,0,0,10028
20180102,20,190,70,70,130,62,53,0,0,10015
20180102,21,200,60,50,120,70,62,0,0,10002
20180102,22,190,60,50,100,79,71,0,0,9979
20180102,23,200,60,70,120,87,79,0,0,9962
20180102,24,200,80,70,140,89,78,0,0,9934
20180103,1,180,80,80,130,91,85,0,0,9890
20180103,2,190,90,90,150,98,92,0,0,9854
20180103,3,270,110,100,290,104,74,0,0,9837
20180103,4,250,70,70,200,106,61,0,0,9845
20180103,5,250,80,90,170,100,60,0,0,9845
20180103,6,280,90,100,180,58,33,0,0,9853
20180103,7,260,80,80,160,70,28,0,0,9851
20180103,8,260,80,100,180,78,26,0,0,9856
20180103,9,250,90,110,200,83,23,0,8,9859
20180103,10,260,110,100,200,76,35,0,6,9864
20180103,11,260,120,110,240,86,30,0,8,9875
20180103,12,270,110,110,230,88,32,0,11,9888
20180103,13,270,110,100,220,89,36,0,15,9905
20180103,14,260,110,110,240,89,39,2,23,9921
20180103,15,260,90,80,200,85,44,0,5,9934
20180103,16,270,90,90,190,91,38,0,0,9946
20180103,17,270,80,80,160,92,38,0,0,9952
20180103,18,260,80,80,160,92,35,0,0,9957
20180103,19,260,80,90,160,92,32,0,0,9964
20180103,20,260,80,80,160,89,37,0,0,9971
20180103,21,260,80,80,150,88,32,0,0,9971
20180103,22,260,70,70,140,88,33,0,0,9969
20180103,23,250,70,70,130,84,43,0,0,9973
20180103,24,250,70,70,140,86,42,0,0,9974
20180104,1,250,60,50,130,86,39,0,0,9972
20180104,2,250,70,60,150,85,42,0,0,9975
20180104,3,250,60,60,140,83,45,0,0,9973
20180104,4,250,60,50,120,76,42,0,0,9973
20180104,5,230,40,40,90,69,43,0,0,9972
20180104,6,240,40,40,70,70,47,0,0,9969
20180104,7,230,40,50,90,71,47,0,0,9966
20180104,8,220,40,50,70,69,52,0,0,9962
20180104,9,220,40,40,80,70,53,0,3,9959
20180104,10,200,40,50,70,73,56,0,17,9948
20180104,11,190,40,40,70,76,58,0,26,9940
20180104,12,190,40,30,60,78,64,0,26,9927
20180104,13,170,40,30,70,70,63,0,20,9909
20180104,14,170,30,30,60,71,68,0,9,9897
20180104,15,230,40,40,70,93,85,2,6,9888
20180104,16,240,50,50,100,104,91,0,2,9887
20180104,17,240,70,80,150,102,81,0,0,9883
20180104,18,240,80,80,140,103,72,0,0,9887
20180104,19,250,80,100,170,101,52,0,0,9894
20180104,20,260,90,100,180,93,39,0,0,9908
20180104,21,260,90,80,180,82,24,0,0,9917
20180104,22,260,70,70,150,78,26,0,0,9928
20180104,23,250,70,80,140,79,31,0,0,9930
20180104,24,240,60,70,120,75,32,0,0,9934
20180105,1,240,60,60,120,72,33,0,0,9934
20180105,2,240,60,60,110,76,35,0,0,9938
20180105,3,250,60,50,130,67,20,0,0,9935
20180105,4,250,40,30,100,57,32,0,0,9932
20180105,5,230,30,30,60,50,36,0,0,9933
20180105,6,240,30,40,70,55,31,0,0,9939
20180105,7,230,40,40,70,55,35,0,0,9942
20180105,8,220,40,40,60,56,43,0,0,9949
20180105,9,230,40,30,60,62,52,0,4,9957
20180105,10,220,30,30,60,67,56,0,13,9958
20180105,11,230,30,30,60,72,53,0,21,9958
20180105,12,210,30,30,50,75,58,0,24,9955
20180105,13,200,30,40,70,81,56,0,24,9954
20180105,14,190,30,40,60,85,63,0,22,9953
20180105,15,190,40,50,70,86,65,0,8,9953
20180105,16,250,40,20,150,61,49,0,0,9959
20180105,17,210,20,20,50,47,42,0,0,9962
20180105,18,210,30,40,60,56,48,0,0,9966
20180105,19,210,40,40,70,58,46,0,0,9970
20180105,20,210,40,50,80,59,45,0,0,9978
20180105,21,220,50,50,90,60,44,0,0,9984
20180105,22,220,50,50,90,59,38,0,0,9990
20180105,23,220,50,50,80,55,36,0,0,9998
20180105,24,220,50,50,80,55,35,0,0,10006
20180106,1,220,40,40,80,52,34,0,0,10014
20180106,2,230,40,40,70,53,36,0,0,10018
20180106,3,230,30,30,70,49,34,0,0,10023
20180106,4,210,20,30,40,40,30,0,0,10026
20180106,5,210,30,30,50,46,37,0,0,10033
20180106,6,210,20,30,40,38,30,0,0,10039
20180106,7,160,20,20,30,31,28,0,0,10046
20180106,8,170,10,20,30,33,28,0,0,10057
20180106,9,0,10,0,30,33,28,2,12,10066
20180106,10,170,10,10,20,43,34,0,21,10074
20180106,11,200,10,10,30,53,41,0,27,10081
20180106,12,990,10,10,10,62,46,0,37,10087
20180106,13,340,10,10,20,66,47,0,41,10092
20180106,14,350,20,20,40,64,48,2,32,10100
20180106,15,30,30,40,60,63,44,3,16,10108
20180106,16,20,40,40,70,60,44,0,3,10117
20180106,17,40,40,50,80,55,31,0,0,10128
20180106,18,40,40,40,80,52,33,0,0,10140
20180106,19,30,40,40,70,45,22,0,0,10151
20180106,20,40,40,40,80,40,14,0,0,10162
20180106,21,30,40,40,70,33,8,0,0,10175
20180106,22,50,40,40,70,28,6,0,0,10183
20180106,23,40,40,40,60,24,4,0,0,10191
20180106,24,40,30,40,60,22,3,0,0,10198
20180107,1,40,50,50,100,22,2,0,0,10207
20180107,2,50,60,60,110,24,-1,0,0,10216
20180107,3,50,60,60,100,22,-4,0,0,10224
20180107,4,40,50,60,90,18,-10,0,0,10231
20180107,5,40,60,50,100,14,-12,0,0,10237
20180107,6,50,60,70,110,10,-16,0,0,10246
20180107,7,50,70,60,110,5,-19,0,0,10256
20180107,8,50,60,60,90,3,-22,0,0,10267
20180107,9,50,60,60,100,3,-21,2,9,10273
20180107,10,50,60,50,100,12,-23,10,49,10280
20180107,11,50,60,50,100,19,-25,10,72,10281
20180107,12,50,60,70,110,26,-30,10,88,10278
20180107,13,50,60,50,110,29,-24,10,86,10277
20180107,14,50,60,70,100,26,-24,10,65,10272
20180107,15,50,60,60,100,21,-26,10,36,10275
20180107,16,40,50,50,90,12,-26,0,6,10278
20180107,17,50,60,60,100,6,-28,0,0,10279
20180107,18,60,50,50,90,3,-31,0,0,10285
20180107,19,60,60,60,100,3,-33,0,0,10285
20180107,20,70,60,60,110,0,-39,0,0,10286
20180107,21,60,70,60,120,-3,-42,0,0,10286
20180107,22,60,60,60,100,-7,-42,0,0,10288
20180107,23,70,60,60,100,-8,-41,0,0,10286
20180107,24,70,50,50,90,-10,-39,0,0,10285
20180108,1,70,50,50,80,-12,-39,0,0,10279
20180108,2,70,50,50,90,-12,-37,0,0,10277
20180108,3,60,50,60,100,-10,-37,0,0,10275
20180108,4,70,60,60,100,-6,-36,0,0,10275
20180108,5,70,60,60,100,-4,-35,0,0,10269
20180108,6,70,60,60,100,-2,-33,0,0,10267
20180108,7,60,60,60,100,0,-32,0,0,10264
20180108,8,70,60,50,100,-2,-31,0,0,10263
20180108,9,70,60,80,110,3,-28,5,16,10260
20180108,10,90,70,70,110,12,-23,10,45,10258
20180108,11,90,60,70,100,21,-19,10,69,10250
20180108,12,80,60,70,110,29,-17,10,82,10241
20180108,13,90,70,70,110,34,-12,10,78,10232
20180108,14,90,70,60,110,39,-12,10,60,10227
20180108,15,90,50,60,90,37,-13,10,33,10222
20180108,16,80,50,50,80,29,-16,0,5,10219
20180108,17,80,60,60,100,26,-21,0,0,10214
20180108,18,80,50,50,90,17,-27,0,0,10211
20180108,19,80,50,50,90,13,-28,0,0,10209
20180108,20,90,40,40,80,12,-25,0,0,10204
20180108,21,80,40,40,70,11,-23,0,0,10198
20180108,22,90,50,50,90,11,-19,0,0,10191
20180108,23,90,50,60,80,13,-14,0,0,10184
20180108,24,80,50,50,80,12,-10,0,0,10175
20180109,1,80,50,40,80,7,-12,0,0,10165
20180109,2,80,50,60,90,9,-10,0,0,10156
20180109,3,70,60,70,100,8,-13,0,0,10141
20180109,4,80,40,40,90,3,-15,0,0,10145
20180109,5,80,30,30,60,-1,-17,0,0,10138
20180109,6,70,40,50,80,5,-12,0,0,10123
20180109,7,90,50,50,90,4,-11,0,0,10122
20180109,8,100,40,30,70,0,-12,0,0,10115
20180109,9,90,30,30,50,3,-8,0,10,10111
20180109,10,100,20,20,40,9,-3,0,23,10106
20180109,11,130,20,30,40,21,7,0,34,10103
20180109,12,150,30,30,50,37,17,3,60,10094
20180109,13,140,30,30,50,39,22,0,37,10089
20180109,14,130,30,30,40,44,26,0,16,10086
20180109,15,140,30,30,50,47,27,0,9,10085
20180109,16,140,30,20,40,43,28,0,1,10082
20180109,17,160,20,30,40,49,31,0,0,10085
20180109,18,160,30,30,40,50,33,0,0,10085
20180109,19,160,30,40,60,54,36,0,0,10086
20180109,20,180,30,30,70,60,43,0,0,10086
20180109,21,160,20,30,40,57,42,0,0,10087
20180109,22,170,30,30,50,60,46,0,0,10086
20180109,23,170,30,30,50,61,45,0,0,10083
20180109,24,160,30,30,50,59,46,0,0,10083
20180110,1,170,30,20,50,61,49,0,0,10080
20180110,2,140,20,20,40,61,50,0,0,10081
20180110,3,140,20,30,40,62,51,0,0,10077
20180110,4,150,30,30,50,65,53,0,0,10075
20180110,5,150,30,40,60,69,55,0,0,10074
20180110,6,160,30,30,50,70,58,0,0,10072
20180110,7,150,30,30,50,69,58,0,0,10072
20180110,8,160,30,20,50,70,60,0,0,10074
20180110,9,170,30,30,50,71,66,0,3,10077
20180110,10,160,30,30,50,71,65,0,6,10078
20180110,11,170,30,30,50,73,66,0,8,10076
20180110,12,180,30,40,60,72,66,0,10,10071
20180110,13,180,40,40,60,75,67,0,16,10069
20180110,14,180,30,30,60,75,66,0,18,10070
20180110,15,170,30,30,60,75,65,0,6,10073
20180110,16,160,30,30,50,75,63,0,2,10077
20180110,17,160,30,30,50,74,62,0,0,10082
20180110,18,170,30,30,50,71,64,0,0,10087
20180110,19,160,30,30,50,68,65,0,0,10090
20180110,20,160,20,20,40,67,64,0,0,10094
20180110,21,150,20,20,30,64,60,0,0,10097
20180110,22,150,20,20,40,65,61,0,0,10100
20180110,23,150,20,20,40,64,61,0,0,10102
20180110,24,130,20,10,30,62,58,0,0,10105
20180111,1,110,20,10,30,60,58,0,0,10108
20180111,2,140,20,10,30,62,60,0,0,10113
20180111,3,100,10,10,20,50,50,0,0,10118
20180111,4,140,10,10,20,33,33,0,0,10124
20180111,5,990,0,10,10,37,37,0,0,10128
20180111,6,80,10,10,20,46,43,0,0,10136
20180111,7,70,10,10,20,48,45,0,0,10144
20180111,8,40,10,10,20,53,50,0,1,10153
20180111,9,40,10,10,30,59,58,0,11,10163
20180111,10,40,10,10,20,64,61,0,26,10171
20180111,11,350,10,10,20,68,65,0,23,10174
20180111,12,360,20,20,30,72,67,0,24,10177
20180111,13,30,20,20,40,76,66,0,23,10181
20180111,14,10,20,20,40,74,64,0,16,10188
20180111,15,40,20,30,40,69,60,0,9,10196
20180111,16,340,20,20,40,64,59,0,2,10201
20180111,17,360,30,20,50,61,57,0,0,10209
20180111,18,350,20,20,40,59,55,0,0,10215
20180111,19,360,20,30,40,57,52,0,0,10223
20180111,20,340,20,20,40,55,52,0,0,10229
20180111,21,330,20,20,40,53,50,0,0,10233
20180111,22,350,20,20,30,52,49,0,0,10236
20180111,23,350,20,20,40,52,49,0,0,10242
20180111,24,320,20,10,30,50,47,0,0,10243
20180112,1,340,20,20,40,50,48,0,0,10245
20180112,2,340,10,20,30,49,45,0,0,10248
20180112,3,350,20,20,30,49,44,0,0,10251
20180112,4,360,20,20,40,48,43,0,0,10251
20180112,5,10,20,20,40,47,43,0,0,10253
20180112,6,20,20,20,30,45,41,0,0,10256
20180112,7,20,20,10,30,45,41,0,0,10260
20180112,8,30,10,10,30,46,42,0,0,10265
20180112,9,310,10,10,20,47,44,0,3,10268
20180112,10,320,10,10,20,50,50,0,9,10272
20180112,11,40,20,20,40,54,44,0,15,10271
20180112,12,20,20,10,30,58,45,0,20,10267
20180112,13,50,20,10,30,59,41,0,29,10264
20180112,14,320,10,10,20,59,38,0,16,10265
20180112,15,0,10,0,20,58,41,0,9,10267
20180112,16,20,0,10,10,56,41,0,2,10267
20180112,17,50,10,10,20,52,41,0,0,10268
20180112,18,60,20,20,30,47,38,0,0,10269
20180112,19,60,10,10,20,47,39,0,0,10270
20180112,20,130,10,20,30,51,41,0,0,10272
20180112,21,160,20,30,40,48,37,0,0,10272
20180112,22,130,20,20,30,45,37,0,0,10272
20180112,23,130,20,20,30,43,34,0,0,10270
20180112,24,110,20,30,40,42,34,0,0,10268
20180113,1,110,20,30,40,40,32,0,0,10267
20180113,2,100,30,30,40,40,31,0,0,10266
20180113,3,110,30,40,60,39,30,0,0,10261
20180113,4,130,30,40,50,37,32,0,0,10258
20180113,5,120,30,30,50,35,32,0,0,10255
20180113,6,140,30,30,60,35,35,0,0,10255
20180113,7,140,40,30,60,38,38,0,0,10251
20180113,8,130,30,40,60,39,38,0,0,10253
20180113,9,130,30,30,50,43,41,0,3,10255
20180113,10,110,30,30,50,46,44,0,8,10256
20180113,11,110,30,30,40,52,46,0,14,10255
20180113,12,110,20,20,40,58,46,0,20,10249
20180113,13,120,30,40,60,61,44,0,23,10242
20180113,14,120,40,40,70,60,38,0,15,10235
20180113,15,120,40,40,70,58,33,0,5,10235
20180113,16,130,50,40,90,53,14,0,2,10236
20180113,17,100,40,40,70,52,18,0,0,10236
20180113,18,100,30,40,60,53,16,0,0,10233
20180113,19,90,30,30,60,41,13,0,0,10232
20180113,20,90,30,20,40,25,7,0,0,10232
20180113,21,70,20,30,40,20,5,0,0,10232
20180113,22,90,30,30,60,25,8,0,0,10230
20180113,23,80,30,30,50,33,12,0,0,10227
20180113,24,80,30,30,50,28,6,0,0,10224
20180114,1,70,40,40,50,30,5,0,0,10221
20180114,2,70,40,30,60,33,8,0,0,10220
20180114,3,70,40,40,70,34,9,0,0,10219
20180114,4,70,40,50,70,33,7,0,0,10216
20180114,5,70,50,50,90,30,5,0,0,10214
20180114,6,70,50,50,80,28,4,0,0,10213
20180114,7,80,50,50,80,26,0,0,0,10214
20180114,8,90,50,50,80,25,0,0,0,10214
20180114,9,90,50,50,80,26,1,0,8,10212
20180114,10,100,50,40,70,31,3,2,35,10213
20180114,11,100,40,40,70,40,6,8,65,10209
20180114,12,130,50,50,90,49,10,10,87,10203
20180114,13,130,50,50,80,48,9,8,71,10199
20180114,14,130,50,50,80,48,5,10,61,10195
20180114,15,140,50,50,70,43,3,10,34,10195
20180114,16,130,40,40,70,32,2,2,8,10192
20180114,17,140,40,40,60,28,-1,0,0,10192
20180114,18,140,40,40,60,22,-3,0,0,10187
20180114,19,140,40,40,70,21,-4,0,0,10184
20180114,20,150,40,40,70,19,-4,0,0,10182
20180114,21,150,40,30,60,12,-6,0,0,10179
20180114,22,160,30,40,70,12,-4,0,0,10176
20180114,23,160,40,40,60,11,-3,0,0,10168
20180114,24,170,30,30,60,18,2,0,0,10162
20180115,1,180,30,40,60,25,6,0,0,10151
20180115,2,180,40,40,70,26,6,0,0,10145
20180115,3,180,40,50,70,26,7,0,0,10132
20180115,4,180,50,50,80,30,12,0,0,10124
20180115,5,190,50,50,80,36,17,0,0,10113
20180115,6,190,60,60,100,39,20,0,0,10103
20180115,7,190,60,60,120,40,23,0,0,10092
20180115,8,190,70,70,120,35,24,0,0,10085
20180115,9,180,70,70,120,38,27,0,1,10069
20180115,10,180,70,70,120,50,33,0,6,10056
20180115,11,180,80,80,130,59,36,0,16,10033
20180115,12,190,80,70,140,62,41,0,13,10011
20180115,13,190,90,80,150,59,45,0,11,9990
20180115,14,190,90,90,150,60,47,0,6,9968
20180115,15,190,90,90,160,61,47,0,3,9951
20180115,16,200,90,90,150,60,43,0,1,9938
20180115,17,190,90,90,180,59,41,0,0,9915
20180115,18,200,80,80,140,58,49,0,0,9900
20180115,19,210,70,70,130,67,59,0,0,9894
20180115,20,260,60,40,120,77,69,0,0,9899
20180115,21,270,50,40,100,75,65,0,0,9907
20180115,22,260,50,50,120,71,55,0,0,9906
20180115,23,250,40,40,80,64,45,0,0,9915
20180115,24,250,50,50,100,65,37,0,0,9920
20180116,1,230,40,40,90,66,36,0,0,9915
20180116,2,230,40,50,90,55,38,0,0,9909
20180116,3,220,40,40,80,59,45,0,0,9903
20180116,4,240,50,50,100,64,44,0,0,9898
20180116,5,240,60,50,100,67,38,0,0,9896
20180116,6,250,50,40,110,66,38,0,0,9894
20180116,7,250,50,40,90,59,34,0,0,9895
20180116,8,280,60,90,190,39,19,0,0,9911
20180116,9,260,50,50,140,44,20,3,14,9910
20180116,10,260,60,60,120,52,14,3,34,9919
20180116,11,260,50,50,130,60,23,2,52,9923
20180116,12,270,70,80,140,65,3,5,85,9924
20180116,13,280,60,60,170,60,12,2,51,9926
20180116,14,270,70,60,140,65,4,7,63,9927
20180116,15,270,60,60,130,58,0,7,33,9929
20180116,16,270,50,40,100,57,-2,0,4,9931
20180116,17,260,50,50,160,49,0,0,0,9932
20180116,18,250,50,40,170,43,-1,0,0,9924
20180116,19,240,40,40,90,39,1,0,0,9925
20180116,20,230,40,40,80,41,0,0,0,9921
20180116,21,230,40,40,70,44,6,0,0,9920
20180116,22,240,30,30,80,40,12,0,0,9913
20180116,23,280,30,30,90,25,13,0,0,9914
20180116,24,270,40,30,80,31,10,0,0,9912
20180117,1,290,40,60,100,29,6,0,0,9912
20180117,2,270,40,40,80,32,1,0,0,9913
20180117,3,270,40,40,100,35,-5,0,0,9920
20180117,4,270,50,50,110,34,-10,0,0,9926
20180117,5,280,60,60,120,29,-10,0,0,9936
20180117,6,270,50,40,140,30,-8,0,0,9946
20180117,7,280,50,40,130,30,-7,0,0,9958
20180117,8,280,50,60,120,34,-6,0,0,9968
20180117,9,270,40,40,120,32,3,0,7,9979
20180117,10,270,50,60,110,42,4,0,22,9986
20180117,11,270,60,60,130,51,6,0,40,9990
20180117,12,280,70,80,130,55,8,0,45,9997
20180117,13,280,80,80,160,53,4,0,39,10008
20180117,14,290,70,60,150,51,10,2,23,10017
20180117,15,280,70,60,150,59,-2,3,25,10031
20180117,16,280,60,50,130,56,5,0,4,10043
20180117,17,260,50,50,110,55,6,0,0,10050
20180117,18,260,50,50,100,57,4,0,0,10052
20180117,19,250,50,50,90,58,4,0,0,10052
20180117,20,250,40,50,90,57,7,0,0,10051
20180117,21,250,50,40,100,59,6,0,0,10052
20180117,22,250,50,50,100,55,4,0,0,10050
20180117,23,240,50,50,100,52,7,0,0,10044
20180117,24,220,50,50,90,47,18,0,0,10034
20180118,1,210,50,60,90,47,17,0,0,10016
20180118,2,210,60,50,110,42,24,0,0,9992
20180118,3,190,70,70,130,35,21,0,0,9961
20180118,4,180,80,90,150,31,22,0,0,9921
20180118,5,190,80,80,130,43,39,0,0,9884
20180118,6,230,90,100,180,84,66,0,0,9860
20180118,7,240,110,120,200,100,64,0,0,9848
20180118,8,250,120,140,270,99,35,0,0,9843
20180118,9,270,140,130,340,63,17,0,2,9858
20180118,10,290,140,130,320,56,16,0,10,9895
20180118,11,300,110,110,250,59,17,0,22,9941
20180118,12,290,90,80,190,50,21,0,34,9968
20180118,13,300,60,50,160,52,25,2,47,9984
20180118,14,270,60,60,130,50,23,0,30,9995
20180118,15,270,50,50,120,47,24,0,16,10002
20180118,16,270,40,30,100,47,19,2,6,10008
20180118,17,260,30,40,90,45,13,0,0,10011
20180118,18,260,30,30,70,38,11,0,0,10010
20180118,19,220,20,10,50,20,3,0,0,10012
20180118,20,210,20,20,30,17,6,0,0,10014
20180118,21,210,20,20,60,27,21,0,0,10015
20180118,22,230,20,30,50,30,23,0,0,10018
20180118,23,240,20,20,40,32,25,0,0,10023
20180118,24,220,20,10,70,25,19,0,0,10024
20180119,1,240,20,30,50,28,21,0,0,10028
20180119,2,240,30,20,60,32,24,0,0,10032
20180119,3,270,30,20,60,34,24,0,0,10036
20180119,4,260,30,20,80,28,19,0,0,10039
20180119,5,240,20,20,40,27,22,0,0,10047
20180119,6,240,20,20,40,25,16,0,0,10052
20180119,7,250,30,30,70,38,12,0,0,10059
20180119,8,240,30,20,60,37,17,0,1,10066
20180119,9,240,30,30,50,39,19,0,12,10072
20180119,10,240,30,40,60,50,21,2,37,10078
20180119,11,260,40,30,70,54,20,2,47,10077
20180119,12,240,40,50,90,67,27,5,85,10075
20180119,13,250,50,50,100,58,13,3,68,10075
20180119,14,260,40,50,110,59,4,3,39,10074
20180119,15,280,40,40,90,46,2,7,28,10076
20180119,16,260,30,20,70,43,14,3,9,10075
20180119,17,230,30,40,70,38,6,0,0,10075
20180119,18,210,30,30,70,32,6,0,0,10079
20180119,19,230,30,20,60,30,6,0,0,10075
20180119,20,220,20,20,50,29,4,0,0,10077
20180119,21,210,20,20,90,15,8,0,0,10077
20180119,22,220,30,40,70,27,7,0,0,10078
20180119,23,210,40,40,70,22,9,0,0,10077
20180119,24,230,40,40,70,24,5,0,0,10075
20180120,1,200,40,40,70,17,3,0,0,10074
20180120,2,210,40,40,70,22,7,0,0,10073
20180120,3,210,40,30,60,19,7,0,0,10068
20180120,4,200,40,40,60,17,5,0,0,10062
20180120,5,210,40,40,50,13,3,0,0,10057
20180120,6,200,30,30,60,13,4,0,0,10054
20180120,7,210,40,40,60,9,1,0,0,10049
20180120,8,200,40,40,70,12,2,0,1,10047
20180120,9,170,30,20,60,12,4,0,12,10044
20180120,10,190,30,40,60,19,11,0,20,10037
20180120,11,190,40,30,60,27,18,0,21,10032
20180120,12,180,30,30,50,32,22,0,16,10018
20180120,13,190,30,30,60,35,22,0,13,10006
20180120,14,190,30,20,50,36,20,0,13,10001
20180120,15,170,30,30,50,34,20,2,19,9994
20180120,16,150,20,10,40,33,21,2,6,10001
20180120,17,0,10,0,20,28,21,0,0,10003
20180120,18,0,0,0,10,21,18,0,0,10007
20180120,19,0,0,0,10,17,13,0,0,10014
20180120,20,320,10,10,10,18,16,0,0,10023
20180120,21,280,10,10,30,27,22,0,0,10029
20180120,22,290,20,20,30,27,18,0,0,10039
20180120,23,300,20,40,70,25,16,0,0,10049
20180120,24,270,20,10,50,15,8,0,0,10058
20180121,1,240,20,20,30,-3,-5,0,0,10071
20180121,2,280,20,30,50,16,6,0,0,10083
20180121,3,300,20,20,40,18,-1,0,0,10092
20180121,4,290,20,20,40,11,-5,0,0,10102
20180121,5,290,20,20,40,6,-6,0,0,10111
20180121,6,280,20,20,40,11,-6,0,0,10120
20180121,7,270,20,20,40,11,-6,0,0,10132
20180121,8,280,20,20,30,3,-9,0,3,10140
20180121,9,270,10,10,40,29,7,10,29,10146
20180121,10,260,10,10,30,47,7,10,56,10153
20180121,11,230,10,20,30,51,9,5,71,10157
20180121,12,230,20,30,40,62,15,10,99,10158
20180121,13,250,30,30,50,66,13,10,95,10157
20180121,14,230,30,30,50,59,13,3,55,10157
20180121,15,190,30,30,60,53,17,0,19,10154
20180121,16,180,30,30,50,45,21,0,4,10149
20180121,17,160,20,30,40,36,20,0,0,10144
20180121,18,160,30,30,50,34,18,0,0,10138
20180121,19,160,30,30,50,33,19,0,0,10131
20180121,20,160,30,40,60,33,18,0,0,10123
20180121,21,170,40,40,70,33,17,0,0,10112
20180121,22,170,50,50,90,28,14,0,0,10100
20180121,23,140,50,50,90,23,13,0,0,10086
20180121,24,140,50,60,90,20,14,0,0,10075
20180122,1,150,50,50,80,22,17,0,0,10065
20180122,2,160,50,50,90,24,20,0,0,10057
20180122,3,170,40,50,80,26,24,0,0,10048
20180122,4,190,30,30,60,29,26,0,0,10045
20180122,5,210,30,30,50,36,33,0,0,10042
20180122,6,250,30,40,70,54,51,0,0,10045
20180122,7,260,40,40,80,64,57,0,0,10049
20180122,8,270,40,40,70,68,55,0,1,10056
20180122,9,280,30,40,70,70,53,0,7,10062
20180122,10,280,30,30,60,72,56,0,26,10069
20180122,11,280,30,20,60,76,57,0,31,10072
20180122,12,290,30,30,80,83,58,5,58,10077
20180122,13,300,40,40,80,83,55,0,47,10081
20180122,14,290,40,30,80,82,52,0,42,10088
20180122,15,290,40,40,80,78,50,0,20,10102
20180122,16,290,40,30,80,75,50,0,4,10114
20180122,17,280,30,30,70,71,49,0,1,10127
20180122,18,290,30,30,80,69,47,0,0,10135
20180122,19,280,30,30,60,68,46,0,0,10143
20180122,20,260,30,30,60,72,46,0,0,10151
20180122,21,260,30,40,70,73,47,0,0,10158
20180122,22,260,30,30,60,74,47,0,0,10167
20180122,23,260,30,30,70,68,45,0,0,10175
20180122,24,260,30,30,60,71,46,0,0,10184
20180123,1,240,30,30,60,60,41,0,0,10185
20180123,2,240,30,30,50,53,37,0,0,10191
20180123,3,240,30,30,60,62,41,0,0,10193
20180123,4,230,30,20,50,55,38,0,0,10194
20180123,5,210,20,20,40,51,37,0,0,10198
20180123,6,210,30,30,50,58,37,0,0,10196
20180123,7,210,40,40,70,64,40,0,0,10196
20180123,8,210,50,50,80,68,39,0,1,10200
20180123,9,200,40,40,70,71,42,0,8,10198
20180123,10,190,50,40,70,76,46,0,21,10199
20180123,11,200,50,50,80,84,54,0,40,10195
20180123,12,200,50,60,100,94,59,7,67,10188
20180123,13,190,60,60,110,94,58,2,53,10180
20180123,14,190,60,60,90,84,66,0,18,10174
20180123,15,200,60,60,110,85,70,0,10,10170
20180123,16,200,60,50,110,84,78,0,3,10166
20180123,17,200,60,60,120,88,81,0,0,10165
20180123,18,200,60,50,110,91,86,0,0,10162
20180123,19,210,70,80,130,96,89,0,0,10158
20180123,20,210,70,70,120,99,91,0,0,10159
20180123,21,220,70,70,120,101,93,0,0,10155
20180123,22,230,60,60,110,105,99,0,0,10158
20180123,23,230,60,60,110,106,101,0,0,10160
20180123,24,230,60,70,110,112,102,0,0,10160
20180124,1,230,70,70,130,114,99,0,0,10160
20180124,2,230,60,70,120,114,99,0,0,10158
20180124,3,230,60,50,110,115,100,0,0,10154
20180124,4,210,60,60,110,115,107,0,0,10150
20180124,5,210,60,60,100,119,106,0,0,10143
20180124,6,210,60,70,110,123,105,0,0,10140
20180124,7,210,70,70,110,122,104,0,0,10135
20180124,8,200,60,70,110,124,101,0,0,10130
20180124,9,200,70,60,120,124,103,0,8,10122
20180124,10,200,70,80,120,129,104,0,20,10117
20180124,11,200,70,90,130,135,104,0,22,10109
20180124,12,200,90,90,160,140,102,0,32,10098
20180124,13,210,90,90,150,144,99,0,36,10089
20180124,14,210,100,100,170,140,95,0,15,10085
20180124,15,210,100,110,170,136,91,0,12,10077
20180124,16,210,100,90,180,134,86,0,2,10074
20180124,17,210,90,90,170,132,82,0,0,10069
20180124,18,200,80,70,160,131,77,0,0,10066
20180124,19,210,80,90,170,127,76,0,0,10065
20180124,20,300,80,60,170,85,74,0,0,10080
20180124,21,270,40,30,100,76,69,0,0,10086
20180124,22,230,30,30,80,73,64,0,0,10084
20180124,23,220,40,50,80,77,64,0,0,10090
20180124,24,230,50,50,80,77,62,0,0,10097
20180125,1,220,50,50,100,76,61,0,0,10097
20180125,2,220,50,60,100,77,58,0,0,10102
20180125,3,220,50,50,90,72,53,0,0,10102
20180125,4,220,50,50,90,74,50,0,0,10107
20180125,5,210,50,50,90,73,55,0,0,10104
20180125,6,210,50,50,80,75,57,0,0,10107
20180125,7,210,50,40,80,76,59,0,0,10110
20180125,8,210,40,40,80,75,59,0,1,10112
20180125,9,210,40,40,70,76,60,0,9,10113
20180125,10,200,40,50,70,78,61,0,20,10115
20180125,11,200,40,50,80,81,63,0,35,10115
20180125,12,210,50,50,90,88,64,5,61,10110
20180125,13,210,50,40,90,90,64,1,47,10107
20180125,14,230,40,40,70,91,63,0,23,10103
20180125,15,200,40,30,80,90,64,0,20,10104
20180125,16,200,40,40,60,87,59,0,5,10103
20180125,17,200,30,20,50,83,60,0,0,10109
20180125,18,180,20,20,40,79,60,0,0,10110
20180125,19,210,20,20,50,75,59,0,0,10114
20180125,20,180,20,30,40,71,57,0,0,10114
20180125,21,200,20,30,40,68,57,0,0,10116
20180125,22,200,30,30,50,69,56,0,0,10116
20180125,23,200,30,30,50,66,53,0,0,10120
20180125,24,180,20,20,40,50,45,0,0,10125
20180126,1,170,20,20,30,44,41,0,0,10126
20180126,2,180,20,20,30,36,34,0,0,10130
20180126,3,170,20,20,30,37,36,0,0,10128
20180126,4,150,20,10,30,32,32,0,0,10133
20180126,5,170,20,20,40,43,43,0,0,10141
20180126,6,170,20,10,40,44,44,0,0,10143
20180126,7,170,20,20,40,45,45,0,0,10149
20180126,8,150,20,10,40,42,42,0,1,10159
20180126,9,180,20,20,30,43,43,0,12,10168
20180126,10,150,20,10,30,45,45,0,25,10175
20180126,11,180,10,10,20,61,54,1,57,10180
20180126,12,220,10,10,30,72,52,5,71,10185
20180126,13,250,10,20,30,79,52,6,69,10188
20180126,14,240,20,20,40,76,51,0,39,10194
20180126,15,250,20,20,40,73,53,0,18,10201
20180126,16,210,30,30,50,64,49,0,5,10212
20180126,17,200,30,30,50,55,50,0,0,10220
20180126,18,210,20,20,50,58,51,0,0,10228
20180126,19,250,10,10,30,58,48,0,0,10238
20180126,20,260,10,20,30,59,49,0,0,10246
20180126,21,280,20,20,40,57,50,0,0,10254
20180126,22,290,20,20,40,57,49,0,0,10258
20180126,23,250,10,10,30,56,48,0,0,10268
20180126,24,270,10,10,20,56,46,0,0,10269
20180127,1,240,10,10,20,58,41,0,0,10268
20180127,2,210,20,20,40,54,30,0,0,10273
20180127,3,240,20,10,30,50,33,0,0,10276
20180127,4,220,20,30,40,52,31,0,0,10280
20180127,5,210,30,30,50,53,31,0,0,10287
20180127,6,210,30,30,40,54,28,0,0,10293
20180127,7,210,30,40,60,55,26,0,0,10293
20180127,8,210,40,40,60,57,23,0,1,10297
20180127,9,200,40,40,70,58,20,0,6,10297
20180127,10,210,40,50,80,59,20,0,17,10301
20180127,11,210,40,50,70,63,25,0,28,10299
20180127,12,200,50,60,110,64,18,0,51,10292
20180127,13,210,70,70,120,69,22,6,80,10286
20180127,14,190,50,60,100,66,28,5,63,10282
20180127,15,200,60,60,110,61,26,7,33,10278
20180127,16,200,60,50,100,58,28,2,8,10273
20180127,17,210,60,70,110,57,27,0,0,10269
20180127,18,210,70,90,130,55,27,0,0,10261
20180127,19,210,80,70,130,54,30,0,0,10251
20180127,20,210,80,80,130,54,33,0,0,10252
20180127,21,220,70,70,140,53,45,0,0,10250
20180127,22,220,70,70,130,60,52,0,0,10249
20180127,23,220,70,80,140,65,57,0,0,10248
20180127,24,230,80,70,130,69,62,0,0,10249
20180128,1,230,70,60,130,71,67,0,0,10249
20180128,2,230,70,70,120,76,70,0,0,10257
20180128,3,230,60,60,120,77,74,0,0,10255
20180128,4,240,50,50,100,85,82,0,0,10260
20180128,5,240,40,40,90,93,87,0,0,10263
20180128,6,250,40,30,80,96,85,0,0,10271
20180128,7,260,40,30,90,94,84,0,0,10278
20180128,8,250,40,40,80,94,80,0,2,10282
20180128,9,250,40,40,80,91,71,3,22,10288
20180128,10,250,50,40,90,98,77,10,71,10290
20180128,11,250,50,50,90,103,79,4,65,10293
20180128,12,230,60,60,130,105,80,0,43,10290
20180128,13,240,50,60,100,106,83,0,40,10287
20180128,14,240,60,60,120,104,84,0,20,10285
20180128,15,240,60,60,120,105,86,0,9,10285
20180128,16,240,60,60,100,103,86,0,5,10287
20180128,17,240,60,70,110,102,86,0,1,10286
20180128,18,240,60,60,120,102,85,0,0,10287
20180128,19,240,70,70,130,103,85,0,0,10290
20180128,20,240,60,50,120,104,87,0,0,10289
20180128,21,240,50,50,100,104,87,0,0,10287
20180128,22,240,50,50,100,105,87,0,0,10285
20180128,23,240,50,50,100,105,88,0,0,10283
20180128,24,250,50,60,120,106,85,0,0,10281
20180129,1,240,60,70,110,104,84,0,0,10275
20180129,2,240,70,50,130,101,79,0,0,10271
20180129,3,240,60,60,120,101,75,0,0,10265
20180129,4,240,70,80,120,100,75,0,0,10260
20180129,5,240,70,70,130,98,70,0,0,10258
20180129,6,250,60,60,140,98,66,0,0,10255
20180129,7,240,60,60,120,97,66,0,0,10254
20180129,8,240,60,60,110,100,64,0,0,10250
20180129,9,230,70,70,140,100,65,0,7,10246
20180129,10,230,70,70,120,102,66,0,26,10243
20180129,11,240,80,80,140,103,63,0,33,10238
20180129,12,240,70,70,150,105,64,0,39,10229
20180129,13,230,80,70,140,105,65,0,33,10217
20180129,14,240,70,80,130,107,67,0,20,10207
20180129,15,250,70,60,150,94,81,0,6,10208
20180129,16,250,80,80,150,94,84,0,2,10208
20180129,17,310,70,50,150,84,69,0,0,10225
20180129,18,300,40,30,110,74,59,0,0,10240
20180129,19,300,40,30,80,69,51,0,0,10252
20180129,20,290,40,40,70,65,43,0,0,10262
20180129,21,280,30,30,80,58,31,0,0,10271
20180129,22,280,30,20,60,51,31,0,0,10279
20180129,23,270,20,20,50,49,30,0,0,10285
20180129,24,270,20,30,50,47,33,0,0,10290
20180130,1,260,20,20,40,48,30,0,0,10293
20180130,2,250,20,20,40,34,23,0,0,10291
20180130,3,260,20,20,40,36,26,0,0,10297
20180130,4,230,20,30,40,36,27,0,0,10293
20180130,5,250,20,20,40,39,27,0,0,10293
20180130,6,260,20,20,40,43,28,0,0,10293
20180130,7,220,20,10,30,34,24,0,0,10295
20180130,8,230,20,20,40,38,27,3,5,10294
20180130,9,240,20,30,50,53,30,10,39,10295
20180130,10,240,30,30,50,57,35,2,50,10293
20180130,11,240,30,30,60,63,39,5,70,10294
20180130,12,250,40,30,70,72,39,8,90,10288
20180130,13,240,40,40,80,71,28,9,84,10277
20180130,14,240,30,30,70,72,27,8,73,10269
20180130,15,240,30,30,60,73,30,10,49,10265
20180130,16,230,30,30,60,62,25,7,24,10254
20180130,17,210,30,30,50,46,23,0,1,10244
20180130,18,200,20,30,40,39,20,0,0,10238
20180130,19,210,30,30,50,37,18,0,0,10229
20180130,20,180,30,30,50,36,19,0,0,10219
20180130,21,160,20,20,50,27,14,0,0,10206
20180130,22,160,20,30,30,21,12,0,0,10192
20180130,23,160,20,20,40,34,19,0,0,10176
20180130,24,200,30,30,60,45,30,0,0,10163
20180131,1,190,40,40,70,55,45,0,0,10145
20180131,2,180,40,40,60,58,55,0,0,10125
20180131,3,210,50,60,90,78,75,0,0,10107
20180131,4,220,70,80,130,92,85,0,0,10092
20180131,5,230,80,80,140,93,84,0,0,10084
20180131,6,230,80,80,160,95,76,0,0,10073
20180131,7,230,80,70,150,91,78,0,0,10062
20180131,8,230,80,80,140,90,73,0,2,10052
20180131,9,240,70,60,140,91,67,0,5,10050
20180131,10,250,60,60,130,85,68,0,8,10044
20180131,11,230,60,70,140,78,47,0,12,10035
20180131,12,240,70,70,130,75,53,0,17,10023
20180131,13,220,60,70,120,79,60,0,18,10009
20180131,14,310,70,60,130,59,37,0,19,10006
20180131,15,270,40,40,120,56,27,0,11,9999
20180131,16,230,40,40,90,54,18,0,6,9992
20180131,17,230,40,40,80,52,22,0,1,9992
20180131,18,230,40,30,100,51,27,0,0,9993
20180131,19,270,40,30,90,42,7,0,0,9994
20180131,20,230,30,20,60,33,1,0,0,9992
20180131,21,230,30,30,70,40,6,0,0,9991
20180131,22,240,40,50,90,42,-13,0,0,9986
20180131,23,240,40,30,100,36,-3,0,0,9989
20180131,24,240,40,40,100,38,-4,0,0,9986
20180201,1,220,40,40,100,38,4,0,0,9983
20180201,2,230,50,40,100,29,15,0,0,9982
20180201,3,220,40,40,90,29,12,0,0,9978
20180201,4,230,40,40,70,31,9,0,0,9974
20180201,5,220,40,50,80,27,5,0,0,9973
20180201,6,200,40,40,80,20,6,0,0,9971
20180201,7,200,40,40,80,21,3,0,0,9973
20180201,8,210,50,50,100,20,8,0,1,9977
20180201,9,210,50,40,90,27,15,0,10,9978
20180201,10,220,50,40,80,30,19,0,9,9982
20180201,11,230,40,30,70,26,20,0,12,9985
20180201,12,230,40,30,80,24,17,0,23,9983
20180201,13,240,30,30,60,51,31,10,103,9982
20180201,14,260,40,40,80,55,19,5,67,9984
20180201,15,270,50,50,90,57,12,3,40,9990
20180201,16,260,50,50,100,51,5,7,23,9994
20180201,17,240,40,40,90,41,7,0,2,9997
20180201,18,240,40,40,60,41,11,0,0,10003
20180201,19,250,20,20,70,33,19,0,0,10005
20180201,20,230,30,30,70,30,16,0,0,10004
20180201,21,230,30,40,60,38,21,0,0,10003
20180201,22,230,40,40,80,36,23,0,0,10002
20180201,23,230,40,40,70,36,23,0,0,9999
20180201,24,240,50,40,90,34,25,0,0,9995
20180202,1,250,50,40,100,35,30,0,0,9996
20180202,2,260,20,30,70,44,34,0,0,9991
20180202,3,270,50,60,100,53,35,0,0,9988
20180202,4,270,50,50,100,49,38,0,0,9987
20180202,5,250,50,50,120,46,38,0,0,9986
20180202,6,290,30,30,70,48,39,0,0,9989
20180202,7,320,30,30,70,48,39,0,0,9997
20180202,8,300,20,20,60,42,33,2,4,10007
20180202,9,300,20,20,40,46,31,3,19,10014
20180202,10,340,20,30,70,56,29,0,44,10022
20180202,11,320,30,30,70,50,30,0,29,10027
20180202,12,310,20,30,60,58,30,4,72,10032
20180202,13,350,30,30,70,67,24,7,77,10036
20180202,14,330,30,30,80,65,29,2,45,10040
20180202,15,330,30,30,80,55,22,3,34,10046
20180202,16,350,30,40,80,54,20,0,10,10057
20180202,17,350,40,30,90,50,21,0,1,10064
20180202,18,350,40,30,80,46,14,0,0,10073
20180202,19,350,40,30,80,45,11,0,0,10080
20180202,20,340,30,20,70,41,16,0,0,10086
20180202,21,330,20,20,40,36,17,0,0,10090
20180202,22,330,20,20,40,29,10,0,0,10089
20180202,23,310,10,10,20,4,-2,0,0,10086
20180202,24,270,20,20,30,-3,-6,0,0,10087
20180203,1,280,20,20,40,6,2,0,0,10088
20180203,2,260,20,20,30,17,3,0,0,10085
20180203,3,240,20,10,30,-1,-6,0,0,10081
20180203,4,230,20,20,30,6,-1,0,0,10076
20180203,5,200,20,20,30,16,1,0,0,10070
20180203,6,230,20,20,30,17,5,0,0,10066
20180203,7,220,30,30,50,28,9,0,0,10063
20180203,8,230,30,30,50,31,13,0,1,10064
20180203,9,200,30,20,60,22,12,0,6,10063
20180203,10,160,10,10,30,29,24,0,19,10061
20180203,11,210,20,30,40,38,27,0,34,10059
20180203,12,230,30,30,50,38,26,0,29,10056
20180203,13,250,30,30,70,35,16,3,59,10056
20180203,14,230,20,20,50,34,21,0,8,10054
20180203,15,210,20,20,40,34,22,0,20,10055
20180203,16,240,20,20,30,32,20,0,8,10057
20180203,17,300,10,10,20,30,18,0,1,10063
20180203,18,310,10,10,30,30,20,0,0,10068
20180203,19,40,30,50,80,14,5,0,0,10078
20180203,20,50,40,40,70,11,-1,0,0,10088
20180203,21,50,40,40,70,8,-8,0,0,10097
20180203,22,40,40,30,70,9,-10,0,0,10109
20180203,23,40,40,40,80,6,-27,0,0,10119
20180203,24,30,50,60,110,-1,-41,0,0,10131
20180204,1,50,50,50,100,-3,-39,0,0,10140
20180204,2,40,30,10,70,-2,-36,0,0,10145
20180204,3,360,10,20,30,0,-31,0,0,10153
20180204,4,40,20,20,40,2,-30,0,0,10161
20180204,5,20,20,20,40,5,-25,0,0,10172
20180204,6,350,20,10,30,7,-24,0,0,10179
20180204,7,330,20,20,30,6,-28,0,0,10186
20180204,8,330,20,20,40,9,-21,0,2,10192
20180204,9,360,30,40,70,23,-11,3,23,10200
20180204,10,20,60,60,130,23,-33,3,44,10209
20180204,11,40,80,80,140,24,-40,7,90,10220
20180204,12,50,80,70,140,22,-32,8,89,10226
20180204,13,50,60,60,110,31,-29,10,137,10229
20180204,14,40,60,60,100,30,-27,5,77,10234
20180204,15,40,60,50,100,28,-26,0,25,10238
20180204,16,30,50,40,90,24,-19,0,12,10244
20180204,17,30,40,50,80,23,-9,0,1,10248
20180204,18,30,50,50,90,23,-2,0,0,10252
20180204,19,30,50,50,100,24,-9,0,0,10259
20180204,20,30,50,50,90,23,-9,0,0,10264
20180204,21,30,50,50,90,19,-3,0,0,10267
20180204,22,30,40,40,80,19,-3,0,0,10268
20180204,23,30,40,40,70,19,-3,0,0,10271
20180204,24,40,40,40,60,19,-3,0,0,10271
20180205,1,40,40,40,70,19,-3,0,0,10272
20180205,2,50,40,40,70,19,-3,0,0,10272
20180205,3,50,40,40,70,18,-3,0,0,10274
20180205,4,50,30,30,60,12,-5,0,0,10276
20180205,5,40,40,40,70,14,-7,0,0,10279
20180205,6,60,40,40,70,14,-7,0,0,10281
20180205,7,50,40,40,70,11,-13,0,0,10282
20180205,8,60,40,40,80,13,-11,0,4,10284
20180205,9,70,40,40,70,17,-8,0,17,10283
20180205,10,50,40,40,60,20,-8,1,23,10281
20180205,11,60,40,40,70,24,-8,2,52,10278
20180205,12,70,40,40,70,29,-8,4,77,10272
20180205,13,80,60,60,90,27,-18,6,75,10266
20180205,14,80,50,50,80,32,-17,0,41,10262
20180205,15,80,50,60,80,27,-22,2,34,10256
20180205,16,70,50,50,90,18,-23,2,16,10251
20180205,17,60,40,30,80,7,-31,0,2,10250
20180205,18,60,40,40,60,1,-32,0,0,10249
20180205,19,70,40,40,70,-4,-32,0,0,10245
20180205,20,70,40,40,80,-6,-35,0,0,10243
20180205,21,60,40,30,70,-14,-39,0,0,10240
20180205,22,70,30,30,50,-18,-40,0,0,10236
20180205,23,70,30,30,60,-20,-41,0,0,10228
20180205,24,80,40,40,60,-19,-42,0,0,10219
20180206,1,80,30,30,50,-25,-44,0,0,10209
20180206,2,60,30,30,50,-31,-47,0,0,10201
20180206,3,50,30,30,50,-33,-48,0,0,10196
20180206,4,50,30,30,50,-38,-50,0,0,10192
20180206,5,50,30,30,40,-41,-52,0,0,10186
20180206,6,50,30,30,50,-42,-55,0,0,10180
20180206,7,50,30,30,50,-45,-58,0,0,10175
20180206,8,40,30,30,50,-43,-56,3,8,10173
20180206,9,50,30,30,50,-41,-54,0,16,10171
20180206,10,60,30,40,60,-21,-45,10,123,10165
20180206,11,60,40,40,70,-9,-45,10,145,10163
20180206,12,70,40,50,80,5,-51,10,121,10156
20180206,13,80,50,50,90,11,-59,10,130,10150
20180206,14,50,50,40,80,15,-62,10,113,10146
20180206,15,50,50,40,80,17,-67,10,92,10142
20180206,16,40,40,50,70,3,-66,10,37,10143
20180206,17,40,40,40,70,-8,-64,0,4,10146
20180206,18,40,30,30,50,-14,-65,0,0,10149
20180206,19,40,20,20,40,-19,-63,0,0,10156
20180206,20,20,20,20,40,-21,-63,0,0,10157
20180206,21,20,20,20,40,-26,-68,0,0,10160
20180206,22,10,20,20,40,-30,-69,0,0,10161
20180206,23,20,30,20,40,-33,-72,0,0,10161
20180206,24,10,20,20,30,-39,-70,0,0,10161
20180207,1,10,20,20,40,-42,-72,0,0,10161
20180207,2,20,20,20,40,-43,-74,0,0,10164
20180207,3,360,30,30,40,-45,-75,0,0,10163
20180207,4,360,20,30,40,-51,-76,0,0,10166
20180207,5,20,20,20,30,-54,-77,0,0,10169
20180207,6,10,20,20,30,-66,-77,0,0,10170
20180207,7,10,20,30,40,-55,-75,0,0,10175
20180207,8,20,20,20,40,-47,-70,5,14,10180
20180207,9,40,20,20,40,-34,-66,10,61,10184
20180207,10,40,20,20,40,-15,-65,10,99,10186
20180207,11,50,20,20,40,3,-69,10,121,10189
20180207,12,30,30,40,60,10,-79,10,134,10191
20180207,13,10,40,40,70,16,-66,10,132,10189
20180207,14,20,40,30,70,17,-63,10,113,10189
20180207,15,30,30,30,60,15,-61,10,78,10187
20180207,16,10,30,30,50,9,-52,10,36,10188
20180207,17,30,20,20,40,-4,-51,0,4,10192
20180207,18,350,20,20,30,-14,-50,0,0,10198
20180207,19,50,10,10,30,-30,-50,0,0,10200
20180207,20,50,10,10,10,-25,-40,0,0,10202
20180207,21,140,10,10,10,-20,-39,0,0,10204
20180207,22,150,10,10,10,-18,-35,0,0,10204
20180207,23,150,10,10,20,-21,-39,0,0,10202
20180207,24,160,10,20,20,-24,-39,0,0,10204
20180208,1,140,10,10,20,-17,-39,0,0,10206
20180208,2,220,10,10,30,-10,-39,0,0,10206
20180208,3,190,20,10,30,-9,-37,0,0,10203
20180208,4,190,10,10,20,-12,-34,0,0,10202
20180208,5,180,10,10,20,-13,-33,0,0,10202
20180208,6,170,20,20,30,-11,-33,0,0,10201
20180208,7,150,20,20,30,-13,-35,0,0,10204
20180208,8,200,20,30,40,-8,-44,0,6,10207
20180208,9,200,20,30,40,4,-41,7,44,10208
20180208,10,190,20,20,30,16,-33,3,63,10208
20180208,11,160,30,30,40,31,-18,10,121,10207
20180208,12,200,30,20,50,32,-13,8,100,10207
20180208,13,180,30,30,50,42,-4,9,119,10200
20180208,14,190,40,40,60,45,1,10,109,10195
20180208,15,190,40,40,60,44,2,8,65,10190
20180208,16,210,30,40,60,40,-2,10,37,10190
20180208,17,190,20,20,50,23,-5,0,2,10187
20180208,18,190,30,30,50,24,-7,0,0,10186
20180208,19,170,30,30,50,10,-12,0,0,10184
20180208,20,180,40,40,60,10,-13,0,0,10181
20180208,21,180,40,40,60,5,-15,0,0,10177
20180208,22,180,40,40,60,4,-16,0,0,10172
20180208,23,180,40,30,60,0,-21,0,0,10169
20180208,24,170,30,30,50,-4,-26,0,0,10163
20180209,1,190,40,40,60,3,-29,0,0,10161
20180209,2,180,40,40,70,0,-33,0,0,10157
20180209,3,180,40,40,70,-1,-36,0,0,10151
20180209,4,180,50,50,70,-2,-38,0,0,10143
20180209,5,170,40,40,80,-4,-38,0,0,10136
20180209,6,170,40,50,80,-9,-41,0,0,10128
20180209,7,170,50,50,80,-8,-43,0,0,10123
20180209,8,170,50,50,90,-7,-43,0,5,10120
20180209,9,170,50,60,100,4,-39,7,45,10118
20180209,10,180,60,70,120,7,-43,3,68,10115
20180209,11,180,60,60,120,11,-41,2,62,10113
20180209,12,180,70,60,110,18,-35,8,101,10109
20180209,13,180,60,60,120,20,-31,1,57,10104
20180209,14,170,60,50,100,21,-28,0,38,10102
20180209,15,180,60,60,110,20,-30,0,25,10102
20180209,16,180,60,60,100,15,-22,0,12,10104
20180209,17,170,50,50,90,11,-18,0,2,10108
20180209,18,160,40,40,80,9,-15,0,0,10112
20180209,19,160,40,40,80,4,-8,0,0,10114
20180209,20,150,30,30,60,5,-7,0,0,10118
20180209,21,150,30,30,50,5,-5,0,0,10120
20180209,22,150,30,30,50,6,-3,0,0,10120
20180209,23,150,30,30,50,5,0,0,0,10123
20180209,24,140,30,20,50,6,3,0,0,10125
20180210,1,140,20,10,40,7,4,0,0,10128
20180210,2,140,10,10,20,8,8,0,0,10131
20180210,3,290,10,10,20,9,9,0,0,10134
20180210,4,330,10,10,20,10,10,0,0,10138
20180210,5,310,10,10,30,8,8,0,0,10141
20180210,6,990,10,10,20,4,1,0,0,10142
20180210,7,230,10,10,20,5,2,0,0,10148
20180210,8,990,10,10,20,11,8,0,4,10151
20180210,9,240,10,10,30,17,14,0,14,10152
20180210,10,200,20,20,30,22,19,0,21,10154
20180210,11,210,20,20,30,35,28,1,54,10152
20180210,12,240,20,20,30,51,36,0,45,10150
20180210,13,240,40,60,100,66,3,7,107,10144
20180210,14,240,50,50,90,62,-4,9,113,10141
20180210,15,230,50,40,90,60,-10,10,87,10134
20180210,16,210,50,50,80,49,-6,10,29,10129
20180210,17,200,40,30,80,43,-8,0,4,10119
20180210,18,180,40,40,70,39,-15,0,0,10111
20180210,19,190,60,60,90,39,-15,0,0,10101
20180210,20,190,70,70,110,38,-11,0,0,10091
20180210,21,190,70,70,110,35,-11,0,0,10080
20180210,22,190,70,80,130,33,-8,0,0,10068
20180210,23,180,70,70,130,27,3,0,0,10050
20180210,24,180,70,70,120,23,12,0,0,10034
20180211,1,180,80,80,140,25,16,0,0,10016
20180211,2,190,80,80,130,29,20,0,0,9998
20180211,3,190,80,90,140,34,25,0,0,9982
20180211,4,190,80,80,130,37,31,0,0,9969
20180211,5,200,80,80,140,40,33,0,0,9962
20180211,6,230,80,70,130,52,43,0,0,9962
20180211,7,240,60,60,130,56,42,0,0,9967
20180211,8,240,60,50,100,60,35,0,3,9974
20180211,9,260,50,60,120,65,25,0,14,9981
20180211,10,260,60,60,110,65,18,0,36,9989
20180211,11,270,60,70,140,64,6,1,46,9994
20180211,12,270,60,60,140,64,2,1,56,9997
20180211,13,260,70,60,130,66,-2,8,88,9999
20180211,14,260,70,80,130,64,-4,7,69,10003
20180211,15,270,70,70,130,59,-6,3,46,10006
20180211,16,260,60,50,120,45,2,0,14,10012
20180211,17,270,40,40,90,43,5,0,1,10017
20180211,18,240,30,50,120,36,5,0,0,10022
20180211,19,270,40,20,100,34,5,0,0,10027
20180211,20,230,20,20,80,21,5,0,0,10032
20180211,21,240,30,20,50,23,3,0,0,10038
20180211,22,300,30,30,90,34,4,0,0,10045
20180211,23,280,40,40,80,35,0,0,0,10051
20180211,24,260,30,30,80,32,0,0,0,10056
20180212,1,270,40,40,80,33,1,0,0,10062
20180212,2,270,40,40,80,30,-3,0,0,10070
20180212,3,270,40,40,70,30,-3,0,0,10076
20180212,4,260,40,40,80,25,-4,0,0,10081
20180212,5,260,40,40,60,26,-15,0,0,10087
20180212,6,250,30,30,70,23,-14,0,0,10095
20180212,7,250,20,30,50,20,-11,0,0,10105
20180212,8,270,30,30,70,22,-9,0,8,10113
20180212,9,260,40,40,90,33,-2,10,53,10122
20180212,10,260,40,40,90,36,-5,3,54,10128
20180212,11,280,40,50,120,39,-14,6,67,10133
20180212,12,330,40,30,90,28,-2,2,31,10138
20180212,13,260,30,60,110,59,-11,9,146,10136
20180212,14,250,60,50,110,60,-18,10,142,10137
20180212,15,260,50,60,100,48,-26,10,96,10141
20180212,16,260,40,40,90,43,-22,8,42,10142
20180212,17,250,30,40,80,36,-12,0,4,10145
20180212,18,240,30,30,70,27,-13,0,0,10148
20180212,19,220,30,40,60,26,-7,0,0,10149
20180212,20,230,40,40,70,26,-8,0,0,10149
20180212,21,200,30,30,70,15,-12,0,0,10148
20180212,22,200,30,30,50,10,-18,0,0,10146
20180212,23,200,30,30,50,11,-25,0,0,10143
20180212,24,210,40,40,60,9,-25,0,0,10141
20180213,1,170,30,20,60,-6,-28,0,0,10138
20180213,2,200,30,30,50,2,-23,0,0,10134
20180213,3,180,40,50,70,1,-24,0,0,10130
20180213,4,170,40,30,70,-6,-26,0,0,10126
20180213,5,170,30,30,60,-11,-26,0,0,10123
20180213,6,170,30,30,60,-8,-24,0,0,10118
20180213,7,160,30,30,60,-9,-26,0,0,10116
20180213,8,160,40,40,70,2,-21,5,14,10114
20180213,9,170,40,40,70,17,-14,10,56,10111
20180213,10,170,40,40,90,32,-11,10,100,10108
20180213,11,160,50,60,90,47,-8,10,131,10104
20180213,12,170,60,70,110,53,-15,10,147,10099
20180213,13,180,70,80,120,59,-26,10,146,10093
20180213,14,180,70,70,120,62,-28,10,123,10087
20180213,15,180,60,70,120,60,-32,10,91,10087
20180213,16,160,50,50,100,51,-34,10,46,10088
20180213,17,140,40,40,90,36,-35,2,6,10091
20180213,18,140,40,40,70,28,-37,0,0,10097
20180213,19,140,40,40,60,21,-40,0,0,10102
20180213,20,140,40,40,70,15,-39,0,0,10106
20180213,21,140,40,40,70,11,-41,0,0,10110
20180213,22,140,40,50,80,9,-41,0,0,10111
20180213,23,140,40,40,70,5,-41,0,0,10115
20180213,24,150,40,40,70,-2,-44,0,0,10117
20180214,1,140,40,30,60,-5,-48,0,0,10119
20180214,2,140,30,30,50,-10,-49,0,0,10123
20180214,3,140,30,30,50,-14,-51,0,0,10127
20180214,4,150,30,30,60,-19,-53,0,0,10129
20180214,5,140,30,40,60,-18,-53,0,0,10133
20180214,6,140,40,40,60,-18,-53,0,0,10135
20180214,7,140,40,40,70,-20,-55,0,0,10141
20180214,8,150,40,40,60,-12,-52,7,17,10144
20180214,9,150,50,50,90,3,-50,10,60,10146
20180214,10,150,50,60,90,15,-44,10,104,10144
20180214,11,150,60,60,100,26,-41,10,137,10144
20180214,12,150,60,70,110,40,-32,10,153,10139
20180214,13,160,70,70,120,50,-27,10,151,10138
20180214,14,160,70,80,110,51,-29,10,121,10135
20180214,15,150,70,70,120,48,-38,10,91,10135
20180214,16,150,60,60,100,43,-37,8,33,10137
20180214,17,150,60,60,90,40,-36,2,6,10132
20180214,18,160,60,50,100,40,-31,0,0,10131
20180214,19,150,60,70,110,38,-28,0,0,10125
20180214,20,150,60,60,110,36,-27,0,0,10120
20180214,21,150,70,70,110,34,-36,0,0,10115
20180214,22,150,70,70,120,33,-40,0,0,10110
20180214,23,150,70,70,120,31,-39,0,0,10104
20180214,24,150,70,70,120,32,-39,0,0,10095
20180215,1,160,70,70,120,21,-20,0,0,10096
20180215,2,150,70,70,120,9,-2,0,0,10091
20180215,3,150,70,70,110,6,1,0,0,10080
20180215,4,160,70,70,120,8,2,0,0,10076
20180215,5,160,70,60,120,10,5,0,0,10078
20180215,6,160,60,60,110,14,8,0,0,10078
20180215,7,160,60,50,90,16,11,0,0,10077
20180215,8,170,50,50,90,21,16,0,2,10077
20180215,9,160,40,50,80,27,25,0,5,10081
20180215,10,170,40,40,80,37,34,0,9,10086
20180215,11,190,40,40,70,46,43,0,16,10089
20180215,12,200,40,30,60,55,52,0,20,10093
20180215,13,220,40,40,60,75,70,0,32,10096
20180215,14,250,40,50,90,97,71,5,70,10100
20180215,15,270,50,40,100,96,57,7,60,10110
20180215,16,280,40,30,90,86,46,7,29,10123
20180215,17,270,30,30,70,74,38,2,9,10133
20180215,18,240,30,30,50,65,30,0,0,10143
20180215,19,240,30,30,60,65,28,0,0,10152
20180215,20,240,30,30,70,52,20,0,0,10157
20180215,21,250,30,30,60,47,17,0,0,10162
20180215,22,230,30,30,50,37,13,0,0,10171
20180215,23,230,30,30,40,23,6,0,0,10177
20180215,24,240,30,40,60,40,8,0,0,10182
20180216,1,240,40,30,60,36,8,0,0,10189
20180216,2,240,30,30,60,33,6,0,0,10194
20180216,3,260,30,30,70,37,10,0,0,10202
20180216,4,240,20,20,50,22,4,0,0,10206
20180216,5,240,30,30,40,21,3,0,0,10215
20180216,6,230,30,30,40,21,5,0,0,10220
20180216,7,240,30,20,40,20,4,0,0,10227
20180216,8,230,20,30,40,31,6,5,18,10235
20180216,9,240,30,40,60,48,7,10,58,10243
20180216,10,250,30,30,70,63,13,10,106,10252
20180216,11,250,40,50,80,66,10,10,119,10256
20180216,12,270,40,40,80,71,4,9,117,10261
20180216,13,290,40,40,90,81,1,10,152,10261
20180216,14,290,40,40,70,80,-7,10,115,10261
20180216,15,290,30,30,70,79,-8,10,92,10260
20180216,16,290,30,20,50,71,-5,10,40,10264
20180216,17,280,20,20,40,55,-4,3,13,10266
20180216,18,320,10,10,30,16,-7,0,0,10266
20180216,19,0,10,0,10,0,-11,0,0,10267
20180216,20,110,10,10,10,-12,-18,0,0,10266
20180216,21,160,10,10,20,-17,-23,0,0,10261
20180216,22,110,10,20,20,-19,-23,0,0,10262
20180216,23,120,10,10,20,-20,-25,0,0,10259
20180216,24,120,10,10,20,-18,-23,0,0,10257
20180217,1,90,10,10,20,-22,-25,0,0,10252
20180217,2,100,20,10,20,-24,-29,0,0,10249
20180217,3,110,20,20,30,-15,-21,0,0,10246
20180217,4,110,20,20,20,-18,-23,0,0,10242
20180217,5,100,20,30,40,-12,-17,0,0,10235
20180217,6,110,20,20,40,-5,-14,0,0,10234
20180217,7,100,20,10,30,-7,-15,0,0,10232
20180217,8,70,10,10,20,-8,-13,0,9,10233
20180217,9,90,10,10,20,8,-1,0,34,10234
20180217,10,100,10,20,30,43,2,7,78,10233
20180217,11,110,20,30,50,57,-7,10,92,10236
20180217,12,150,30,30,50,62,-10,5,85,10234
20180217,13,140,20,20,40,74,-5,10,119,10233
20180217,14,130,20,20,40,73,-22,10,114,10232
20180217,15,100,30,30,40,71,-18,10,93,10233
20180217,16,110,20,20,50,64,-15,10,51,10235
20180217,17,90,30,20,40,35,-24,3,11,10238
20180217,18,110,20,20,30,9,-22,0,0,10244
20180217,19,100,10,10,20,-9,-23,0,0,10252
20180217,20,110,10,20,20,-23,-30,0,0,10254
20180217,21,110,20,20,20,-28,-33,0,0,10256
20180217,22,120,20,20,30,-33,-37,0,0,10257
20180217,23,130,20,10,20,-32,-40,0,0,10259
20180217,24,150,20,20,30,-36,-41,0,0,10258
20180218,1,150,20,20,30,-39,-45,0,0,10259
20180218,2,150,20,20,30,-41,-46,0,0,10259
20180218,3,150,20,20,30,-43,-52,0,0,10257
20180218,4,140,20,20,30,-40,-47,0,0,10257
20180218,5,140,20,20,40,-43,-47,0,0,10255
20180218,6,150,20,20,40,-29,-38,0,0,10257
20180218,7,140,20,20,40,-31,-43,0,0,10257
20180218,8,150,20,20,40,-12,-28,7,21,10259
20180218,9,160,20,20,40,-2,-23,8,62,10260
20180218,10,160,30,30,40,14,-11,10,103,10261
20180218,11,160,30,30,50,34,6,10,137,10260
20180218,12,150,30,30,50,48,14,10,141,10255
20180218,13,150,30,40,50,56,21,7,106,10251
20180218,14,160,30,30,50,68,26,10,124,10246
20180218,15,200,30,40,60,72,18,10,92,10245
20180218,16,180,30,30,50,65,15,10,45,10242
20180218,17,160,20,20,40,46,10,3,9,10243
20180218,18,170,20,30,40,34,6,0,0,10241
20180218,19,180,20,20,40,16,1,0,0,10241
20180218,20,160,20,20,30,2,-9,0,0,10236
20180218,21,160,20,20,40,2,-3,0,0,10232
20180218,22,160,20,30,30,-3,-10,0,0,10230
20180218,23,160,20,30,30,-13,-14,0,0,10227
20180218,24,160,20,20,30,-4,-12,0,0,10226
20180219,1,170,20,20,30,-10,-19,0,0,10220
20180219,2,150,20,20,30,-11,-21,0,0,10218
20180219,3,170,20,20,40,-2,-17,0,0,10210
20180219,4,180,20,30,40,4,-15,0,0,10207
20180219,5,160,20,20,40,1,-16,0,0,10202
20180219,6,160,30,30,50,4,-16,0,0,10202
20180219,7,160,30,30,50,3,-16,0,0,10202
20180219,8,160,30,30,50,4,-15,0,5,10200
20180219,9,160,30,30,60,5,-14,0,14,10197
20180219,10,160,40,30,70,10,-13,0,26,10196
20180219,11,180,40,30,70,19,-7,0,52,10195
20180219,12,160,30,30,50,24,-7,0,68,10191
20180219,13,150,30,30,50,28,-3,0,50,10188
20180219,14,140,30,30,50,31,-1,0,45,10184
20180219,15,130,30,30,50,33,-3,0,42,10181
20180219,16,140,30,30,40,31,-4,0,20,10179
20180219,17,130,30,20,50,29,-6,0,4,10179
20180219,18,130,20,20,40,28,-5,0,0,10182
20180219,19,130,20,20,40,28,-6,0,0,10181
20180219,20,110,20,10,30,25,-3,0,0,10183
20180219,21,90,20,20,30,18,-9,0,0,10183
20180219,22,80,20,20,30,14,-11,0,0,10181
20180219,23,100,20,20,30,-6,-18,0,0,10180
20180219,24,70,10,20,20,-23,-30,0,0,10183
20180220,1,70,10,10,20,-26,-32,0,0,10184
20180220,2,80,10,10,20,-32,-36,0,0,10186
20180220,3,50,10,20,20,-35,-39,0,0,10187
20180220,4,50,10,20,30,-37,-43,0,0,10189
20180220,5,40,20,10,30,-19,-26,0,0,10188
20180220,6,70,20,10,30,-20,-28,0,0,10186
20180220,7,70,20,20,30,-13,-26,0,1,10189
20180220,8,50,10,20,20,-5,-21,0,12,10193
20180220,9,70,20,30,40,16,-13,3,46,10194
20180220,10,100,20,30,40,34,-17,5,72,10196
20180220,11,100,40,30,50,39,-18,2,79,10196
20180220,12,80,20,20,40,40,-19,0,63,10199
20180220,13,60,20,20,40,45,-16,0,54,10195
20180220,14,40,20,20,40,44,-13,0,44,10195
20180220,15,20,30,30,40,41,-2,0,42,10197
20180220,16,360,30,20,50,40,1,0,20,10198
20180220,17,30,30,30,50,35,0,2,6,10206
20180220,18,40,30,20,50,22,-6,0,0,10213
20180220,19,40,30,30,50,14,-19,0,0,10223
20180220,20,40,30,30,50,9,-19,0,0,10229
20180220,21,360,30,20,40,1,-22,0,0,10237
20180220,22,360,20,30,40,-1,-20,0,0,10241
20180220,23,30,30,30,40,-3,-21,0,0,10249
20180220,24,20,30,20,50,-8,-22,0,0,10249
20180221,1,60,30,40,60,-6,-26,0,0,10248
20180221,2,350,30,30,50,-11,-28,0,0,10255
20180221,3,40,20,20,50,-17,-34,0,0,10256
20180221,4,40,20,20,40,-22,-35,0,0,10258
20180221,5,350,20,20,30,-31,-38,0,0,10263
20180221,6,20,20,20,40,-22,-35,0,0,10265
20180221,7,360,20,10,40,-36,-43,0,1,10265
20180221,8,30,10,20,40,-19,-33,7,21,10269
20180221,9,40,20,20,40,-4,-26,10,63,10271
20180221,10,50,20,20,30,19,-22,10,106,10271
20180221,11,50,30,40,60,33,-26,10,135,10272
20180221,12,40,40,40,60,39,-29,10,152,10269
20180221,13,30,40,40,60,39,-27,10,149,10262
20180221,14,30,40,40,60,44,-32,10,135,10256
20180221,15,40,40,40,70,41,-30,10,100,10252
20180221,16,20,40,50,80,35,-27,10,54,10251
20180221,17,30,40,30,70,23,-33,5,13,10253
20180221,18,30,30,20,50,13,-33,0,0,10257
20180221,19,40,20,20,40,2,-38,0,0,10260
20180221,20,40,30,30,50,-4,-39,0,0,10263
20180221,21,50,30,30,50,-6,-41,0,0,10265
20180221,22,60,30,30,50,-12,-45,0,0,10263
20180221,23,50,30,30,50,-12,-48,0,0,10262
20180221,24,50,30,40,50,-15,-51,0,0,10261
20180222,1,50,40,30,60,-19,-52,0,0,10258
20180222,2,50,30,40,50,-20,-54,0,0,10257
20180222,3,40,30,30,50,-23,-54,0,0,10254
20180222,4,50,30,40,60,-22,-53,0,0,10254
20180222,5,50,40,40,60,-24,-54,0,0,10256
20180222,6,60,30,30,60,-29,-56,0,0,10257
20180222,7,50,30,30,50,-27,-56,0,1,10261
20180222,8,50,30,30,50,-13,-49,8,27,10264
20180222,9,60,30,30,60,5,-45,10,72,10264
20180222,10,70,40,50,80,26,-45,10,118,10262
20180222,11,90,60,60,100,35,-57,10,151,10260
20180222,12,70,60,50,90,42,-44,10,165,10257
20180222,13,60,60,60,100,44,-57,10,157,10251
20180222,14,70,70,60,120,47,-56,10,143,10244
20180222,15,60,60,50,110,43,-51,6,78,10243
20180222,16,50,50,50,100,33,-37,10,61,10243
20180222,17,50,50,40,90,20,-31,5,16,10243
20180222,18,40,40,40,70,8,-30,0,0,10246
20180222,19,40,40,30,70,0,-35,0,0,10248
20180222,20,40,30,30,60,-6,-38,0,0,10250
20180222,21,40,30,30,60,-9,-33,0,0,10250
20180222,22,50,30,30,50,-17,-36,0,0,10250
20180222,23,70,20,20,40,-21,-37,0,0,10248
20180222,24,40,20,30,40,-20,-37,0,0,10248
20180223,1,50,30,30,50,-23,-36,0,0,10246
20180223,2,60,30,30,40,-29,-39,0,0,10243
20180223,3,50,30,20,30,-34,-42,0,0,10240
20180223,4,30,20,20,30,-30,-38,0,0,10238
20180223,5,40,20,20,30,-33,-40,0,0,10241
20180223,6,30,30,20,40,-32,-39,0,0,10241
20180223,7,50,30,30,40,-30,-38,0,1,10245
20180223,8,50,30,30,50,-22,-32,0,14,10247
20180223,9,60,30,40,60,-2,-27,10,93,10248
20180223,10,80,60,70,100,12,-37,10,137,10244
20180223,11,90,80,60,130,21,-55,10,140,10240
20180223,12,90,70,80,110,22,-53,10,167,10237
20180223,13,70,70,70,110,30,-54,10,170,10232
20180223,14,70,70,60,120,30,-56,10,144,10228
20180223,15,70,70,70,110,30,-61,10,112,10224
20180223,16,70,70,90,120,24,-71,10,70,10219
20180223,17,70,60,50,120,14,-71,5,20,10222
20180223,18,70,40,40,80,5,-64,0,0,10226
20180223,19,80,40,40,80,-1,-66,0,0,10230
20180223,20,80,50,50,90,-8,-67,0,0,10233
20180223,21,70,60,60,90,-10,-70,0,0,10233
20180223,22,80,70,70,110,-13,-70,0,0,10233
20180223,23,80,60,70,110,-17,-73,0,0,10235
20180223,24,80,60,60,100,-21,-79,0,0,10238
20180224,1,80,50,60,90,-24,-88,0,0,10238
20180224,2,80,70,80,100,-25,-95,0,0,10237
20180224,3,70,70,60,110,-28,-99,0,0,10239
20180224,4,90,60,70,110,-29,-98,0,0,10243
20180224,5,80,50,50,90,-33,-96,0,0,10250
20180224,6,70,60,60,100,-31,-100,0,0,10251
20180224,7,70,60,60,100,-30,-99,0,2,10255
20180224,8,80,60,60,100,-22,-97,10,30,10261
20180224,9,80,70,80,110,-6,-97,10,82,10265
20180224,10,80,70,80,140,9,-90,10,116,10265
20180224,11,80,80,80,130,21,-88,10,159,10266
20180224,12,80,80,80,130,25,-79,10,168,10266
20180224,13,70,80,80,130,23,-70,9,150,10266
20180224,14,80,80,80,130,29,-60,9,114,10266
20180224,15,80,80,80,130,29,-55,10,111,10265
20180224,16,80,80,80,130,24,-55,10,63,10266
20180224,17,80,80,80,130,15,-62,5,18,10271
20180224,18,80,60,50,120,5,-66,0,0,10277
20180224,19,70,50,40,80,-2,-68,0,0,10280
20180224,20,70,50,60,90,-4,-80,0,0,10283
20180224,21,80,60,70,100,-7,-84,0,0,10286
20180224,22,80,60,70,110,-9,-88,0,0,10290
20180224,23,80,60,60,100,-15,-90,0,0,10292
20180224,24,80,60,60,100,-18,-91,0,0,10294
20180225,1,80,60,60,110,-22,-93,0,0,10294
20180225,2,80,60,70,110,-26,-96,0,0,10292
20180225,3,80,60,70,100,-31,-96,0,0,10295
20180225,4,80,60,70,110,-35,-99,0,0,10299
20180225,5,80,60,70,100,-40,-100,0,0,10301
20180225,6,80,60,60,110,-43,-104,0,0,10306
20180225,7,80,40,40,80,-44,-107,2,2,10312
20180225,8,80,60,60,100,-35,-98,10,36,10316
20180225,9,90,60,70,100,-25,-102,10,85,10320
20180225,10,90,70,80,110,-17,-112,10,131,10319
20180225,11,70,70,70,110,-5,-130,10,164,10316
20180225,12,90,70,70,110,5,-130,10,180,10311
20180225,13,90,70,70,110,7,-125,10,177,10307
20180225,14,60,70,60,110,10,-110,10,156,10305
20180225,15,70,60,60,100,7,-110,10,119,10301
20180225,16,60,70,70,110,-1,-111,10,69,10302
20180225,17,60,60,60,100,-11,-110,5,21,10305
20180225,18,50,50,50,110,-17,-111,0,0,10307
20180225,19,50,40,50,90,-20,-99,0,0,10308
20180225,20,50,50,50,80,-24,-86,0,0,10312
20180225,21,50,50,40,90,-32,-75,0,0,10315
20180225,22,50,40,40,70,-38,-67,0,0,10316
20180225,23,50,40,40,60,-42,-68,0,0,10318
20180225,24,60,40,30,70,-49,-73,0,0,10320
20180226,1,60,30,40,50,-42,-74,0,0,10322
20180226,2,60,40,40,70,-37,-80,0,0,10322
20180226,3,40,40,40,80,-43,-82,0,0,10322
20180226,4,40,40,40,70,-50,-79,0,0,10322
20180226,5,50,40,50,80,-53,-80,0,0,10324
20180226,6,50,50,50,80,-57,-83,0,0,10322
20180226,7,40,50,50,70,-57,-84,0,3,10324
20180226,8,50,50,50,80,-48,-80,10,34,10326
20180226,9,60,60,60,90,-43,-79,8,81,10326
20180226,10,60,50,50,80,-32,-84,10,117,10323
20180226,11,50,50,50,90,-15,-84,10,164,10320
20180226,12,80,60,80,110,-14,-102,10,170,10315
20180226,13,60,70,70,100,-6,-95,4,84,10310
20180226,14,60,60,50,110,-1,-98,5,98,10302
20180226,15,40,60,50,100,-8,-104,5,65,10297
20180226,16,40,60,70,110,-16,-101,2,36,10295
20180226,17,50,60,50,110,-20,-103,7,14,10292
20180226,18,40,40,40,90,-26,-95,0,0,10292
20180226,19,40,40,30,70,-31,-89,0,0,10290
20180226,20,20,30,30,60,-34,-88,0,0,10287
20180226,21,30,30,30,50,-38,-81,0,0,10285
20180226,22,20,30,30,60,-39,-73,0,0,10282
20180226,23,30,30,30,50,-37,-77,0,0,10279
20180226,24,40,40,30,70,-34,-80,0,0,10275
20180227,1,50,40,40,60,-29,-83,0,0,10270
20180227,2,50,40,40,70,-31,-82,0,0,10266
20180227,3,50,40,40,70,-36,-86,0,0,10263
20180227,4,50,30,40,70,-44,-87,0,0,10259
20180227,5,50,30,30,60,-51,-87,0,0,10258
20180227,6,50,30,30,50,-60,-87,0,0,10258
20180227,7,40,30,30,40,-61,-85,0,3,10257
20180227,8,60,30,30,50,-46,-75,10,35,10258
20180227,9,80,40,40,70,-31,-74,10,85,10254
20180227,10,100,40,50,70,-24,-80,10,135,10252
20180227,11,60,30,40,70,-13,-97,10,165,10246
20180227,12,90,40,40,70,-8,-101,10,154,10239
20180227,13,30,40,40,90,-12,-103,9,138,10233
20180227,14,40,40,40,80,-6,-101,10,144,10225
20180227,15,90,40,30,80,-7,-107,5,78,10218
20180227,16,40,40,30,80,-15,-96,8,77,10214
20180227,17,30,40,40,70,-27,-77,5,13,10216
20180227,18,30,30,30,80,-35,-64,0,1,10216
20180227,19,60,30,30,60,-42,-65,0,0,10216
20180227,20,50,30,30,50,-46,-69,0,0,10215
20180227,21,40,30,30,50,-52,-70,0,0,10217
20180227,22,70,20,20,40,-60,-79,0,0,10217
20180227,23,70,30,30,50,-58,-80,0,0,10215
20180227,24,60,30,30,50,-62,-82,0,0,10216
20180228,1,50,30,30,50,-69,-87,0,0,10217
20180228,2,60,30,40,60,-71,-90,0,0,10217
20180228,3,70,40,40,60,-65,-87,0,0,10217
20180228,4,70,50,50,70,-57,-81,0,0,10219
20180228,5,80,50,60,80,-59,-80,0,0,10221
20180228,6,80,50,50,90,-63,-82,0,0,10224
20180228,7,80,50,50,80,-64,-96,0,3,10229
20180228,8,80,60,60,90,-58,-104,10,39,10232
20180228,9,80,60,60,110,-57,-88,7,70,10233
20180228,10,90,70,60,100,-50,-96,6,100,10232
20180228,11,70,60,70,110,-61,-103,1,57,10232
20180228,12,80,70,70,110,-56,-105,8,146,10226
20180228,13,90,60,60,110,-49,-114,5,107,10222
20180228,14,80,80,80,120,-57,-129,9,123,10217
20180228,15,80,80,70,130,-51,-130,10,111,10206
20180228,16,80,90,90,140,-59,-137,10,71,10201
20180228,17,70,90,80,140,-71,-137,7,23,10198
20180228,18,70,80,80,120,-79,-144,0,1,10195
20180228,19,80,80,70,120,-83,-142,0,0,10190
20180228,20,80,70,80,130,-84,-139,0,0,10186
20180228,21,90,80,80,120,-83,-134,0,0,10184
20180228,22,90,80,90,140,-81,-136,0,0,10179
20180228,23,80,80,70,130,-80,-138,0,0,10170
20180228,24,80,80,80,130,-81,-139,0,0,10165
20180301,1,80,80,90,150,-82,-139,0,0,10158
20180301,2,70,80,80,140,-83,-142,0,0,10143
20180301,3,80,90,80,150,-81,-140,0,0,10135
20180301,4,80,90,90,150,-78,-140,0,0,10130
20180301,5,80,90,90,160,-75,-140,0,0,10123
20180301,6,80,80,80,150,-72,-141,0,0,10116
20180301,7,90,90,90,150,-69,-140,0,2,10112
20180301,8,80,90,100,150,-61,-140,0,22,10108
20180301,9,80,100,100,170,-47,-138,7,76,10102
20180301,10,80,100,110,170,-35,-141,10,137,10094
20180301,11,90,100,80,180,-27,-140,7,127,10088
20180301,12,90,100,110,160,-19,-142,0,83,10076
20180301,13,80,110,120,160,-11,-141,7,135,10070
20180301,14,80,110,90,170,-12,-133,8,131,10061
20180301,15,80,100,100,160,-16,-129,3,62,10054
20180301,16,80,100,120,160,-19,-128,5,43,10051
20180301,17,80,100,90,180,-27,-130,7,19,10051
20180301,18,80,90,90,160,-32,-128,0,1,10051
20180301,19,90,90,100,160,-35,-130,0,0,10045
20180301,20,80,90,90,160,-43,-128,0,0,10044
20180301,21,90,100,90,160,-47,-128,0,0,10040
20180301,22,80,100,100,160,-50,-128,0,0,10038
20180301,23,80,90,90,140,-52,-129,0,0,10037
20180301,24,80,90,90,150,-54,-129,0,0,10032
20180302,1,80,100,90,160,-58,-131,0,0,10024
20180302,2,80,90,90,160,-61,-132,0,0,10022
20180302,3,80,90,90,150,-66,-132,0,0,10015
20180302,4,80,100,100,170,-68,-133,0,0,10008
20180302,5,80,90,80,160,-68,-130,0,0,10004
20180302,6,80,90,80,140,-70,-134,0,0,9999
20180302,7,80,90,90,160,-70,-133,2,6,9998
20180302,8,70,100,100,170,-62,-132,10,39,9993
20180302,9,80,110,110,190,-52,-132,10,88,9993
20180302,10,80,100,90,170,-35,-128,10,128,9994
20180302,11,80,100,110,150,-26,-129,10,158,9991
20180302,12,90,90,100,140,-20,-126,3,119,9985
20180302,13,90,90,80,150,-11,-123,2,96,9981
20180302,14,70,80,60,140,-9,-126,4,85,9980
20180302,15,80,80,90,140,-11,-124,10,75,9976
20180302,16,90,80,80,140,-15,-125,0,40,9981
20180302,17,90,70,60,130,-19,-118,7,16,9983
20180302,18,90,60,60,110,-22,-116,0,1,9987
20180302,19,90,70,60,110,-23,-117,0,0,9987
20180302,20,90,70,60,110,-25,-114,0,0,9990
20180302,21,90,60,70,110,-24,-114,0,0,9991
20180302,22,90,60,60,90,-26,-110,0,0,9989
20180302,23,100,60,60,100,-30,-98,0,0,9987
20180302,24,100,50,50,90,-28,-86,0,0,9986
20180303,1,90,50,50,90,-32,-74,0,0,9983
20180303,2,90,50,40,80,-28,-84,0,0,9980
20180303,3,80,40,40,70,-32,-92,0,0,9977
20180303,4,80,50,60,90,-35,-98,0,0,9972
20180303,5,90,60,50,100,-39,-83,0,0,9970
20180303,6,90,50,50,90,-43,-76,0,0,9969
20180303,7,90,50,50,80,-39,-85,0,2,9968
20180303,8,90,50,50,70,-33,-99,0,19,9972
20180303,9,90,50,50,70,-25,-93,0,42,9973
20180303,10,90,50,40,70,-18,-88,0,38,9974
20180303,11,90,40,50,70,-7,-82,0,54,9976
20180303,12,80,50,50,80,-3,-85,1,94,9976
20180303,13,90,50,50,80,5,-80,2,89,9975
20180303,14,110,50,50,80,7,-75,0,67,9973
20180303,15,80,60,50,90,9,-73,5,70,9973
20180303,16,100,60,60,90,8,-70,2,42,9976
20180303,17,100,60,50,80,6,-65,8,18,9977
20180303,18,100,50,50,80,-4,-70,0,1,9978
20180303,19,100,50,50,70,-6,-73,0,0,9978
20180303,20,100,50,50,80,-16,-69,0,0,9980
20180303,21,100,50,50,70,-17,-61,0,0,9977
20180303,22,100,40,40,60,-24,-57,0,0,9979
20180303,23,110,30,30,50,-22,-49,0,0,9978
20180303,24,120,40,40,60,-12,-38,0,0,9978
20180304,1,130,40,40,60,-4,-30,0,0,9977
20180304,2,110,40,40,60,-11,-32,0,0,9973
20180304,3,100,30,30,50,-16,-36,0,0,9970
20180304,4,110,30,40,50,-16,-33,0,0,9966
20180304,5,130,30,30,50,-13,-28,0,0,9965
20180304,6,110,30,30,60,3,-16,0,0,9961
20180304,7,140,40,40,60,7,-15,0,1,9963
20180304,8,140,40,30,60,15,-8,0,12,9965
20180304,9,130,40,40,60,40,6,5,67,9962
20180304,10,140,40,30,60,62,17,10,129,9960
20180304,11,140,40,40,60,70,21,5,127,9956
20180304,12,130,40,40,60,85,26,7,156,9954
20180304,13,120,40,40,70,104,32,8,154,9942
20180304,14,130,40,50,70,106,30,8,134,9936
20180304,15,130,50,40,70,108,32,7,70,9931
20180304,16,100,50,50,80,98,30,0,32,9925
20180304,17,110,60,60,90,94,28,0,11,9916
20180304,18,130,50,50,80,91,28,0,0,9917
20180304,19,140,50,50,100,77,38,0,0,9912
20180304,20,100,40,40,80,65,45,0,0,9901
20180304,21,130,50,60,100,66,50,0,0,9896
20180304,22,180,60,50,130,64,54,0,0,9900
20180304,23,220,70,70,130,56,41,0,0,9912
20180304,24,210,60,60,120,54,44,0,0,9918
20180305,1,200,50,50,90,56,43,0,0,9924
20180305,2,200,50,50,80,51,40,0,0,9921
20180305,3,190,40,40,70,49,40,0,0,9920
20180305,4,190,40,50,80,48,38,0,0,9921
20180305,5,200,40,40,70,45,34,0,0,9925
20180305,6,200,50,40,80,42,30,0,0,9927
20180305,7,200,40,50,80,41,30,2,7,9932
20180305,8,190,40,40,70,53,34,10,45,9938
20180305,9,200,40,40,80,68,43,10,96,9938
20180305,10,200,50,50,90,83,47,10,144,9942
20180305,11,210,40,40,80,97,52,10,170,9943
20180305,12,190,40,40,60,110,55,10,194,9940
20180305,13,200,40,40,70,116,42,10,162,9934
20180305,14,200,40,40,80,117,36,9,129,9933
20180305,15,170,30,30,70,114,36,4,87,9929
20180305,16,170,40,30,80,102,40,8,70,9927
20180305,17,160,30,20,60,89,33,8,20,9927
20180305,18,110,20,20,40,57,27,0,1,9928
20180305,19,100,20,20,30,42,20,0,0,9927
20180305,20,100,20,20,30,38,23,0,0,9927
20180305,21,110,30,30,50,46,21,0,0,9924
20180305,22,110,30,30,40,42,14,0,0,9920
20180305,23,100,30,30,40,41,12,0,0,9916
20180305,24,110,30,30,40,33,8,0,0,9915
20180306,1,110,30,20,40,27,7,0,0,9912
20180306,2,130,30,40,60,58,15,0,0,9907
20180306,3,140,30,30,60,51,13,0,0,9904
20180306,4,140,30,40,50,45,12,0,0,9900
20180306,5,140,30,30,60,43,12,0,0,9899
20180306,6,140,30,30,50,39,11,0,0,9899
20180306,7,140,30,30,50,40,14,2,5,9900
20180306,8,150,30,40,60,53,20,5,32,9900
20180306,9,160,30,40,60,68,29,6,82,9902
20180306,10,180,30,20,50,73,33,0,71,9904
20180306,11,210,30,40,50,87,42,5,128,9907
20180306,12,220,30,20,50,92,47,3,113,9907
20180306,13,260,20,20,50,95,53,1,98,9906
20180306,14,250,20,20,40,95,52,0,65,9908
20180306,15,250,30,30,50,97,52,2,64,9910
20180306,16,260,20,20,40,96,49,0,24,9912
20180306,17,340,20,20,40,87,46,5,25,9915
20180306,18,10,10,10,30,50,32,0,1,9921
20180306,19,50,10,10,20,27,19,0,0,9922
20180306,20,100,10,10,20,21,17,0,0,9922
20180306,21,90,20,10,30,36,26,0,0,9923
20180306,22,80,20,20,30,23,17,0,0,9922
20180306,23,310,20,20,30,29,24,0,0,9927
20180306,24,30,10,20,30,10,7,0,0,9929
20180307,1,80,20,20,30,12,9,0,0,9928
20180307,2,110,10,20,20,17,13,0,0,9926
20180307,3,110,20,20,30,29,24,0,0,9923
20180307,4,90,20,20,30,40,37,0,0,9922
20180307,5,80,20,20,40,38,34,0,0,9922
20180307,6,110,20,20,30,23,20,0,0,9926
20180307,7,120,20,20,30,25,24,2,8,9929
20180307,8,120,20,20,30,59,40,5,44,9930
20180307,9,140,30,30,50,79,41,10,105,9933
20180307,10,150,30,40,60,90,48,10,139,9936
20180307,11,170,40,40,60,88,41,2,105,9938
20180307,12,210,30,30,60,90,48,0,77,9941
20180307,13,190,30,30,60,90,46,0,66,9940
20180307,14,180,20,20,50,90,47,0,62,9941
20180307,15,150,30,40,60,91,42,2,65,9942
20180307,16,150,30,20,50,90,44,3,44,9943
20180307,17,200,30,20,50,75,54,0,10,9948
20180307,18,230,30,40,70,65,47,0,0,9956
20180307,19,230,30,20,60,62,55,0,0,9958
20180307,20,260,30,30,60,55,48,0,0,9964
20180307,21,270,30,40,80,53,46,0,0,9973
20180307,22,260,50,40,110,49,37,0,0,9981
20180307,23,250,40,40,80,49,39,0,0,9988
20180307,24,220,30,30,60,47,37,0,0,9992
20180308,1,220,40,50,80,41,30,0,0,9994
20180308,2,220,40,40,70,31,23,0,0,9994
20180308,3,220,40,40,70,29,20,0,0,9995
20180308,4,210,40,40,60,25,18,0,0,9995
20180308,5,200,40,30,60,22,17,0,0,9996
20180308,6,170,30,30,50,14,9,0,0,9993
20180308,7,160,40,40,60,22,10,0,6,9989
20180308,8,170,40,50,80,40,23,8,53,9983
20180308,9,180,50,50,90,49,30,0,47,9979
20180308,10,190,60,70,120,56,36,0,23,9973
20180308,11,190,70,60,130,54,39,0,15,9971
20180308,12,200,60,60,110,57,42,0,20,9967
20180308,13,220,70,80,140,45,19,0,36,9965
20180308,14,210,60,60,130,78,47,7,119,9960
20180308,15,210,70,70,120,81,39,5,66,9954
20180308,16,240,80,70,180,76,16,0,32,9959
20180308,17,240,70,70,130,70,14,0,9,9964
20180308,18,260,80,80,190,58,20,0,0,9981
20180308,19,250,60,50,140,61,18,0,0,9990
20180308,20,240,50,50,100,55,14,0,0,10000
20180308,21,230,50,50,90,47,12,0,0,10007
20180308,22,230,50,60,100,45,19,0,0,10016
20180308,23,230,60,60,110,45,19,0,0,10020
20180308,24,230,50,60,100,45,20,0,0,10026
20180309,1,240,50,50,100,46,22,0,0,10030
20180309,2,240,50,50,100,44,23,0,0,10033
20180309,3,230,40,40,80,42,23,0,0,10037
20180309,4,220,40,30,80,39,24,0,0,10041
20180309,5,230,30,40,60,34,22,0,0,10045
20180309,6,220,40,40,70,31,21,0,0,10049
20180309,7,220,30,30,60,34,24,3,10,10055
20180309,8,230,30,30,60,46,29,10,53,10060
20180309,9,230,30,30,60,61,33,10,106,10062
20180309,10,230,30,30,60,73,37,10,127,10066
20180309,11,220,40,40,60,81,32,9,171,10068
20180309,12,200,30,40,70,88,33,9,166,10063
20180309,13,190,30,40,50,91,31,5,131,10063
20180309,14,200,30,30,60,92,31,0,87,10059
20180309,15,150,20,20,50,92,39,2,72,10053
20180309,16,130,20,30,40,91,40,0,35,10050
20180309,17,140,30,20,50,88,38,0,14,10047
20180309,18,130,20,30,40,82,29,0,1,10044
20180309,19,130,30,30,50,74,41,0,0,10041
20180309,20,120,30,30,40,67,54,0,0,10039
20180309,21,100,30,30,50,65,60,0,0,10032
20180309,22,120,30,40,50,68,63,0,0,10024
20180309,23,130,40,40,60,70,65,0,0,10018
20180309,24,130,30,30,60,71,68,0,0,10009
20180310,1,140,30,30,60,74,71,0,0,10007
20180310,2,140,30,30,50,76,74,0,0,9998
20180310,3,150,40,30,60,79,76,0,0,9990
20180310,4,160,30,30,50,85,83,0,0,9986
20180310,5,170,30,30,60,86,83,0,0,9984
20180310,6,170,30,30,50,89,84,0,0,9984
20180310,7,160,30,30,50,92,86,0,3,9984
20180310,8,160,20,20,40,98,88,0,18,9984
20180310,9,180,30,40,70,114,95,2,61,9985
20180310,10,190,40,40,80,133,99,7,111,9986
20180310,11,210,50,70,100,145,97,8,163,9988
20180310,12,190,50,40,90,150,99,1,106,9987
20180310,13,190,50,50,90,144,94,0,72,9985
20180310,14,180,50,50,80,148,95,0,87,9986
20180310,15,170,40,30,80,146,100,0,39,9984
20180310,16,180,30,30,50,145,104,0,22,9985
20180310,17,190,40,30,70,130,111,0,8,9987
20180310,18,170,30,30,60,122,115,0,0,9988
20180310,19,180,40,40,70,118,113,0,0,9990
20180310,20,190,40,50,80,119,112,0,0,9990
20180310,21,210,40,30,60,117,113,0,0,9991
20180310,22,180,30,30,50,116,110,0,0,9991
20180310,23,170,30,30,40,104,100,0,0,9989
20180310,24,160,20,20,40,98,95,0,0,9986
20180311,1,150,20,20,30,96,93,0,0,9982
20180311,2,150,20,20,30,84,84,0,0,9975
20180311,3,150,20,30,40,93,90,0,0,9971
20180311,4,80,30,20,50,85,82,0,0,9958
20180311,5,90,20,20,40,80,77,0,0,9951
20180311,6,990,10,10,30,87,84,0,0,9946
20180311,7,90,20,30,40,93,91,0,2,9935
20180311,8,90,30,40,60,100,94,0,8,9925
20180311,9,140,40,50,80,105,94,0,20,9924
20180311,10,150,40,40,80,110,99,0,23,9919
20180311,11,180,50,50,90,119,105,0,28,9921
20180311,12,210,60,60,120,118,96,0,50,9926
20180311,13,220,60,60,110,124,92,4,121,9925
20180311,14,200,50,50,80,120,90,1,93,9927
20180311,15,200,30,30,70,133,87,5,109,9926
20180311,16,230,30,20,60,131,91,7,83,9924
20180311,17,150,10,10,40,126,94,8,32,9925
20180311,18,60,10,20,20,94,83,0,3,9924
20180311,19,100,10,20,20,79,76,0,0,9923
20180311,20,110,20,20,30,78,75,0,0,9918
20180311,21,140,30,30,50,92,81,0,0,9919
20180311,22,140,30,30,60,99,79,0,0,9919
20180311,23,150,30,30,60,97,77,0,0,9919
20180311,24,160,30,20,50,94,77,0,0,9915
20180312,1,160,20,30,40,94,78,0,0,9912
20180312,2,160,20,30,40,90,76,0,0,9910
20180312,3,160,20,20,50,87,75,0,0,9910
20180312,4,150,20,20,40,82,73,0,0,9908
20180312,5,150,20,20,30,78,72,0,0,9910
20180312,6,150,20,20,30,76,71,0,0,9910
20180312,7,140,20,20,40,85,75,0,6,9912
20180312,8,160,20,20,50,101,81,0,41,9912
20180312,9,170,30,30,50,109,84,0,59,9912
20180312,10,180,40,50,70,127,85,5,125,9913
20180312,11,180,40,50,70,135,80,4,128,9914
20180312,12,200,50,40,80,133,72,1,86,9913
20180312,13,180,40,50,80,132,72,0,47,9910
20180312,14,170,50,50,80,131,72,0,58,9909
20180312,15,190,40,30,70,125,85,5,88,9909
20180312,16,190,40,50,90,109,78,1,43,9911
20180312,17,180,30,30,60,108,77,10,37,9912
20180312,18,140,20,20,40,100,80,0,2,9915
20180312,19,210,30,50,80,101,77,0,0,9920
20180312,20,200,30,20,70,94,82,0,0,9925
20180312,21,180,30,30,50,96,81,0,0,9929
20180312,22,190,40,30,70,92,83,0,0,9931
20180312,23,200,30,30,60,89,84,0,0,9932
20180312,24,200,30,30,60,89,83,0,0,9933
20180313,1,210,40,40,70,87,80,0,0,9934
20180313,2,220,40,40,80,79,73,0,0,9935
20180313,3,210,40,40,80,74,68,0,0,9936
20180313,4,210,40,40,80,69,63,0,0,9939
20180313,5,210,40,40,70,65,60,0,0,9943
20180313,6,280,20,20,60,63,59,0,0,9953
20180313,7,340,30,60,110,51,45,0,3,9967
20180313,8,340,60,50,110,46,39,0,12,9985
20180313,9,340,50,50,110,48,39,0,22,10005
20180313,10,340,50,50,110,42,33,0,23,10020
20180313,11,340,50,40,100,46,37,0,15,10034
20180313,12,340,40,40,90,50,35,0,21,10045
20180313,13,330,30,30,60,55,33,0,27,10055
20180313,14,300,30,30,70,54,44,0,24,10066
20180313,15,310,30,30,70,51,38,0,31,10076
20180313,16,280,30,30,70,54,42,0,14,10084
20180313,17,290,30,30,70,56,37,0,9,10091
20180313,18,300,30,40,70,49,37,0,4,10099
20180313,19,300,30,20,80,48,35,0,0,10104
20180313,20,290,20,20,50,47,36,0,0,10106
20180313,21,270,20,20,40,50,37,0,0,10110
20180313,22,300,20,10,30,50,37,0,0,10115
20180313,23,250,20,20,40,51,35,0,0,10118
20180313,24,250,20,20,40,50,29,0,0,10121
20180314,1,270,20,10,50,46,31,0,0,10123
20180314,2,250,20,20,30,35,29,0,0,10122
20180314,3,240,20,20,40,20,18,0,0,10121
20180314,4,160,10,10,30,8,7,0,0,10120
20180314,5,160,10,20,20,-3,-4,0,0,10119
20180314,6,160,20,20,30,2,2,0,0,10121
20180314,7,160,20,20,30,16,14,5,15,10123
20180314,8,150,20,20,30,29,29,5,53,10125
20180314,9,160,20,20,30,50,41,3,77,10125
20180314,10,150,30,30,40,78,48,10,168,10125
20180314,11,140,30,30,60,95,44,9,182,10120
20180314,12,130,40,40,70,104,34,10,213,10108
20180314,13,150,50,50,80,102,31,10,206,10096
20180314,14,140,50,50,80,105,28,10,164,10089
20180314,15,120,50,60,80,106,33,10,146,10081
20180314,16,130,60,50,90,101,26,10,100,10076
20180314,17,110,50,50,80,95,22,10,41,10072
20180314,18,100,50,50,90,81,27,2,4,10066
20180314,19,90,50,50,80,72,25,0,0,10062
20180314,20,100,60,60,100,61,21,0,0,10055
20180314,21,100,60,50,100,54,18,0,0,10048
20180314,22,100,60,60,90,48,15,0,0,10041
20180314,23,100,60,60,90,44,12,0,0,10033
20180314,24,100,60,60,90,42,9,0,0,10024
20180315,1,100,50,40,80,37,8,0,0,10017
20180315,2,100,60,70,100,44,9,0,0,10005
20180315,3,110,60,70,100,45,9,0,0,9994
20180315,4,110,70,70,110,43,7,0,0,9985
20180315,5,110,80,70,130,43,4,0,0,9979
20180315,6,110,70,80,120,42,2,0,1,9975
20180315,7,110,70,80,120,48,3,8,21,9973
20180315,8,120,80,80,130,62,9,10,71,9971
20180315,9,110,80,70,140,70,10,7,102,9967
20180315,10,130,70,70,120,82,15,8,140,9963
20180315,11,120,70,60,130,97,22,7,154,9960
20180315,12,110,70,80,130,98,21,0,93,9959
20180315,13,110,70,60,110,100,22,0,54,9955
20180315,14,110,60,60,100,105,26,0,53,9956
20180315,15,100,60,50,90,105,26,0,41,9955
20180315,16,100,50,50,80,102,30,0,22,9958
20180315,17,110,40,40,70,100,28,0,9,9962
20180315,18,90,30,30,60,94,31,0,0,9962
20180315,19,100,40,60,90,92,19,0,0,9962
20180315,20,100,60,60,90,86,22,0,0,9967
20180315,21,120,50,40,80,73,40,0,0,9972
20180315,22,100,40,50,60,64,47,0,0,9972
20180315,23,90,50,40,70,62,51,0,0,9971
20180315,24,100,50,50,70,62,53,0,0,9972
20180316,1,100,40,40,80,61,54,0,0,9977
20180316,2,100,40,40,60,61,53,0,0,9978
20180316,3,100,40,40,70,59,50,0,0,9980
20180316,4,100,40,40,60,55,48,0,0,9984
20180316,5,100,40,40,70,54,48,0,0,9988
20180316,6,90,50,50,70,52,47,0,0,9994
20180316,7,90,50,50,80,51,44,0,3,10002
20180316,8,90,50,50,90,52,43,0,13,10010
20180316,9,80,50,60,90,52,41,0,17,10017
20180316,10,80,50,50,90,52,39,0,21,10021
20180316,11,90,50,50,90,53,37,0,23,10029
20180316,12,80,60,60,100,53,30,0,38,10033
20180316,13,90,60,50,100,49,28,0,29,10038
20180316,14,70,50,50,90,44,26,0,20,10043
20180316,15,80,60,60,90,39,20,0,18,10048
20180316,16,70,60,80,120,30,4,0,10,10053
20180316,17,80,70,70,120,26,-1,0,6,10059
20180316,18,70,70,70,120,21,-5,0,1,10068
20180316,19,80,70,70,120,14,-11,0,0,10074
20180316,20,70,80,70,130,10,-18,0,0,10076
20180316,21,70,70,60,130,7,-19,0,0,10083
20180316,22,80,70,70,120,4,-28,0,0,10086
20180316,23,70,80,80,130,1,-36,0,0,10087
20180316,24,70,80,80,130,0,-42,0,0,10087
20180317,1,70,70,80,150,-1,-44,0,0,10087
20180317,2,70,90,80,150,-5,-51,0,0,10085
20180317,3,70,90,90,140,-8,-56,0,0,10083
20180317,4,60,80,70,140,-14,-61,0,0,10084
20180317,5,70,90,90,160,-17,-69,0,0,10086
20180317,6,70,80,80,170,-20,-73,0,0,10087
20180317,7,70,80,80,140,-23,-76,0,5,10085
20180317,8,70,90,100,150,-26,-80,0,17,10088
20180317,9,60,80,80,140,-26,-80,0,37,10087
20180317,10,70,90,80,160,-24,-75,0,49,10085
20180317,11,70,90,100,150,-21,-79,0,64,10081
20180317,12,60,100,100,170,-12,-83,2,132,10076
20180317,13,80,110,120,180,-12,-88,2,112,10075
20180317,14,70,100,90,170,-7,-82,1,96,10073
20180317,15,70,110,110,190,-11,-85,0,51,10071
20180317,16,80,100,100,180,-10,-90,0,37,10071
20180317,17,90,90,90,150,-12,-86,0,19,10075
20180317,18,80,100,80,160,-10,-102,0,2,10081
20180317,19,80,90,70,160,-12,-106,0,0,10085
20180317,20,90,100,100,180,-12,-100,0,0,10087
20180317,21,90,100,110,180,-12,-104,0,0,10091
20180317,22,80,100,110,170,-13,-108,0,0,10093
20180317,23,80,100,100,160,-15,-104,0,0,10094
20180317,24,80,90,100,170,-15,-97,0,0,10096
20180318,1,80,100,110,170,-16,-101,0,0,10098
20180318,2,80,90,100,170,-19,-111,0,0,10098
20180318,3,80,80,80,150,-25,-112,0,0,10096
20180318,4,80,80,80,130,-24,-112,0,0,10097
20180318,5,80,90,90,150,-24,-112,0,0,10099
20180318,6,70,90,90,140,-28,-113,0,0,10104
20180318,7,70,80,90,140,-29,-116,7,22,10109
20180318,8,80,80,90,150,-27,-114,0,35,10112
20180318,9,80,90,80,150,-20,-108,0,60,10113
20180318,10,80,90,80,160,-9,-102,6,139,10114
20180318,11,70,90,100,140,1,-96,8,178,10112
20180318,12,90,100,100,160,0,-100,9,209,10112
20180318,13,80,90,100,150,5,-99,6,155,10110
20180318,14,90,90,90,150,5,-96,2,113,10107
20180318,15,90,90,100,160,11,-99,2,74,10108
20180318,16,90,80,70,140,8,-103,2,55,10108
20180318,17,80,70,80,130,5,-109,5,26,10112
20180318,18,90,80,80,130,-1,-111,2,9,10122
20180318,19,90,70,60,140,-6,-108,0,0,10130
20180318,20,90,70,70,110,-6,-114,0,0,10133
20180318,21,80,70,70,130,-7,-117,0,0,10137
20180318,22,80,60,60,110,-10,-119,0,0,10137
20180318,23,70,50,50,100,-13,-122,0,0,10136
20180318,24,60,50,40,90,-20,-119,0,0,10137
20180319,1,60,50,60,90,-20,-126,0,0,10135
20180319,2,60,60,60,100,-22,-128,0,0,10134
20180319,3,60,50,50,90,-27,-126,0,0,10134
20180319,4,60,60,50,90,-30,-125,0,0,10133
20180319,5,50,50,50,80,-36,-124,0,0,10136
20180319,6,50,50,60,90,-38,-124,0,1,10140
20180319,7,60,60,60,110,-31,-121,7,26,10144
20180319,8,70,70,70,120,-22,-119,10,80,10146
20180319,9,70,70,70,130,-9,-111,10,136,10148
20180319,10,70,70,70,110,2,-107,10,183,10150
20180319,11,60,70,70,120,12,-110,10,216,10150
20180319,12,70,70,70,120,23,-105,10,232,10149
20180319,13,50,70,60,110,31,-102,10,228,10148
20180319,14,60,70,70,130,35,-101,10,206,10147
20180319,15,60,60,50,100,46,-101,10,168,10147
20180319,16,50,60,70,110,42,-119,10,117,10147
20180319,17,40,70,70,110,32,-145,10,59,10154
20180319,18,40,50,50,100,19,-131,2,10,10165
20180319,19,40,30,30,80,10,-129,0,0,10173
20180319,20,30,40,40,90,-3,-85,0,0,10181
20180319,21,10,30,30,60,-12,-80,0,0,10188
20180319,22,360,30,30,50,-15,-85,0,0,10189
20180319,23,350,20,10,40,-19,-76,0,0,10187
20180319,24,320,20,30,40,-13,-48,0,0,10186
20180320,1,310,10,20,40,-6,-28,0,0,10186
20180320,2,290,20,20,30,2,-21,0,0,10180
20180320,3,290,20,20,30,8,-3,0,0,10177
20180320,4,320,20,30,50,22,14,0,0,10176
20180320,5,360,40,40,80,29,11,0,0,10178
20180320,6,350,50,50,90,26,-2,0,0,10184
20180320,7,360,40,40,80,30,-1,2,16,10194
20180320,8,20,50,70,100,39,-10,10,83,10204
20180320,9,30,50,50,100,54,-25,10,141,10212
20180320,10,20,60,70,120,58,-29,10,188,10223
20180320,11,10,70,70,110,63,-19,10,216,10231
20180320,12,360,60,70,110,72,-36,10,230,10236
20180320,13,20,70,60,120,73,-48,10,229,10243
20180320,14,20,80,70,120,74,-56,10,207,10247
20180320,15,10,80,70,130,71,-52,10,169,10252
20180320,16,360,70,60,120,67,-35,10,117,10258
20180320,17,360,60,60,110,59,-42,10,59,10266
20180320,18,350,40,40,100,45,-34,3,8,10272
20180320,19,340,30,30,60,32,-31,0,0,10280
20180320,20,340,20,20,50,21,-10,0,0,10287
20180320,21,350,30,30,60,29,13,0,0,10292
20180320,22,350,40,30,70,28,12,0,0,10293
20180320,23,340,30,20,50,14,7,0,0,10296
20180320,24,340,20,20,40,4,-1,0,0,10297
20180321,1,330,20,20,40,8,2,0,0,10299
20180321,2,330,20,20,50,6,1,0,0,10299
20180321,3,310,10,20,30,-1,-4,0,0,10299
20180321,4,310,20,10,20,-14,-17,0,0,10297
20180321,5,300,10,10,20,-24,-26,0,0,10295
20180321,6,280,10,10,20,-33,-35,0,1,10300
20180321,7,250,10,10,20,5,-1,8,33,10301
20180321,8,270,10,20,20,32,13,8,72,10304
20180321,9,270,20,20,30,52,-1,10,131,10302
20180321,10,270,30,30,60,62,-13,10,164,10300
20180321,11,300,30,20,60,72,-3,5,152,10297
20180321,12,300,30,20,50,67,5,1,61,10292
20180321,13,270,40,40,80,68,16,1,92,10289
20180321,14,280,40,40,80,71,4,5,135,10285
20180321,15,290,40,40,80,76,1,8,114,10280
20180321,16,280,40,40,70,71,-8,10,109,10275
20180321,17,290,40,40,80,59,-7,10,51,10273
20180321,18,280,30,20,70,46,2,3,11,10270
20180321,19,260,20,30,50,42,4,0,0,10268
20180321,20,250,30,30,60,37,7,0,0,10261
20180321,21,220,30,40,60,36,7,0,0,10253
20180321,22,220,40,40,70,37,8,0,0,10240
20180321,23,230,50,60,110,42,13,0,0,10228
20180321,24,240,50,50,100,43,18,0,0,10224
20180322,1,240,40,40,80,43,22,0,0,10214
20180322,2,230,40,40,70,45,26,0,0,10201
20180322,3,240,40,40,80,49,24,0,0,10192
20180322,4,240,40,40,70,43,33,0,0,10183
20180322,5,260,40,40,80,45,38,0,0,10175
20180322,6,260,50,50,100,48,42,0,0,10168
20180322,7,270,40,40,90,53,47,0,3,10163
20180322,8,280,40,40,90,57,54,0,11,10161
20180322,9,300,40,30,80,62,59,0,14,10161
20180322,10,310,40,40,80,67,61,0,24,10160
20180322,11,310,40,30,80,81,67,1,74,10156
20180322,12,330,50,50,80,80,52,2,77,10156
20180322,13,310,40,40,80,91,51,3,143,10151
20180322,14,330,40,30,80,90,47,3,97,10148
20180322,15,330,30,30,70,94,47,1,47,10143
20180322,16,310,40,40,80,92,48,7,71,10142
20180322,17,290,40,40,80,74,39,10,53,10142
20180322,18,290,30,20,60,63,43,2,6,10143
20180322,19,300,20,20,40,66,47,0,0,10141
20180322,20,260,20,20,30,60,49,0,0,10138
20180322,21,230,20,20,30,59,48,0,0,10135
20180322,22,240,20,20,40,62,52,0,0,10131
20180322,23,220,20,30,40,61,57,0,0,10123
20180322,24,210,30,30,50,62,58,0,0,10115
20180323,1,230,30,30,60,61,50,0,0,10110
20180323,2,240,30,40,60,59,46,0,0,10103
20180323,3,240,30,30,60,59,37,0,0,10098
20180323,4,220,30,20,60,57,35,0,0,10092
20180323,5,220,30,30,60,55,35,0,0,10087
20180323,6,210,30,40,60,53,27,0,1,10080
20180323,7,200,40,40,70,53,26,0,9,10076
20180323,8,210,50,50,90,56,23,0,25,10074
20180323,9,210,60,70,110,56,2,0,32,10070
20180323,10,210,60,70,120,61,1,1,59,10062
20180323,11,200,70,60,110,64,12,0,111,10053
20180323,12,200,60,60,110,67,11,0,103,10049
20180323,13,190,60,70,100,68,13,0,98,10041
20180323,14,200,50,50,90,69,21,0,56,10040
20180323,15,190,50,50,90,70,26,0,37,10033
20180323,16,190,50,50,90,68,26,0,23,10028
20180323,17,190,40,40,80,70,30,0,16,10025
20180323,18,180,40,40,80,69,30,0,3,10023
20180323,19,190,40,40,90,65,36,0,0,10024
20180323,20,160,40,30,70,63,37,0,0,10022
20180323,21,170,30,30,50,63,39,0,0,10022
20180323,22,160,30,30,60,60,38,0,0,10020
20180323,23,150,20,20,50,55,34,0,0,10017
20180323,24,160,20,20,40,56,34,0,0,10015
20180324,1,140,20,20,40,55,33,0,0,10014
20180324,2,130,20,20,30,55,32,0,0,10012
20180324,3,130,30,30,50,53,32,0,0,10012
20180324,4,130,30,30,40,52,32,0,0,10013
20180324,5,130,30,20,40,51,33,0,0,10014
20180324,6,120,20,20,40,51,31,0,1,10017
20180324,7,140,30,30,50,55,28,0,13,10021
20180324,8,140,30,30,50,62,28,3,51,10024
20180324,9,140,30,40,60,72,27,2,83,10028
20180324,10,130,40,40,60,77,27,0,82,10030
20180324,11,140,40,40,60,81,23,0,104,10030
20180324,12,150,30,30,40,90,25,0,111,10028
20180324,13,990,20,10,40,102,28,6,178,10026
20180324,14,130,10,20,50,110,29,10,185,10024
20180324,15,160,20,30,60,121,27,10,164,10024
20180324,16,340,20,40,60,101,35,5,96,10027
20180324,17,10,40,30,70,97,33,8,55,10028
20180324,18,10,30,20,50,82,29,3,9,10035
20180324,19,360,30,20,50,71,26,0,0,10040
20180324,20,360,20,20,40,53,22,0,0,10044
20180324,21,350,20,20,30,37,20,0,0,10047
20180324,22,20,10,10,30,18,12,0,0,10048
20180324,23,20,10,10,20,12,9,0,0,10047
20180324,24,360,10,10,20,7,4,0,0,10047
20180325,1,60,10,10,20,-5,-8,0,0,10048
20180325,2,30,10,10,20,-10,-13,0,0,10050
20180325,3,20,10,10,20,-14,-17,0,0,10051
20180325,4,30,10,10,20,-14,-16,0,0,10054
20180325,5,40,10,10,20,-15,-18,0,0,10059
20180325,6,360,10,10,20,-13,-15,0,2,10064
20180325,7,300,10,10,10,9,6,0,28,10072
20180325,8,330,20,20,30,49,27,10,82,10080
20180325,9,320,20,20,30,77,27,10,135,10084
20180325,10,340,20,20,40,108,36,10,189,10086
20180325,11,310,30,30,50,110,36,4,160,10089
20180325,12,310,30,40,80,118,30,7,186,10092
20180325,13,320,40,40,80,119,24,5,172,10095
20180325,14,330,40,40,70,113,24,9,140,10097
20180325,15,350,30,40,70,113,34,7,111,10099
20180325,16,350,40,40,60,104,27,10,101,10103
20180325,17,360,40,50,70,93,25,10,50,10108
20180325,18,360,30,20,60,80,26,0,6,10116
20180325,19,360,20,20,40,69,24,0,0,10123
20180325,20,330,20,20,30,56,25,0,0,10128
20180325,21,330,20,20,40,45,29,0,0,10133
20180325,22,340,20,20,30,37,29,0,0,10136
20180325,23,340,20,20,50,30,30,0,0,10137
20180325,24,330,20,20,30,27,27,0,0,10138
20180326,1,300,10,10,20,13,13,0,0,10141
20180326,2,320,10,10,20,10,10,0,0,10144
20180326,3,320,10,10,10,1,1,0,0,10145
20180326,4,0,10,0,20,8,8,0,0,10149
20180326,5,300,10,10,10,12,12,0,0,10152
20180326,6,310,10,10,20,14,14,0,2,10157
20180326,7,230,10,10,20,24,24,0,20,10159
20180326,8,290,10,10,20,28,28,0,45,10165
20180326,9,210,20,10,30,37,34,0,75,10169
20180326,10,990,10,10,30,70,45,8,172,10169
20180326,11,990,20,10,40,92,28,10,222,10167
20180326,12,290,20,20,50,100,22,7,195,10166
20180326,13,990,20,10,60,102,37,3,136,10163
20180326,14,240,20,20,50,101,17,0,25,10160
20180326,15,310,30,50,90,64,40,0,9,10168
20180326,16,330,30,20,70,71,43,1,35,10167
20180326,17,330,20,10,50,75,52,5,46,10166
20180326,18,300,10,10,30,70,42,5,12,10167
20180326,19,270,10,10,30,46,36,0,0,10170
20180326,20,280,20,20,30,40,33,0,0,10173
20180326,21,280,20,20,30,37,32,0,0,10170
20180326,22,300,20,20,30,34,30,0,0,10170
20180326,23,290,20,10,40,33,26,0,0,10168
20180326,24,310,10,10,30,37,28,0,0,10169
20180327,1,10,10,10,20,22,17,0,0,10165
20180327,2,110,10,10,20,11,8,0,0,10159
20180327,3,90,20,20,30,18,15,0,0,10154
20180327,4,110,20,20,30,24,24,0,0,10149
20180327,5,130,20,20,40,22,22,0,0,10144
20180327,6,140,20,20,50,21,18,0,1,10140
20180327,7,140,30,30,60,25,22,0,19,10133
20180327,8,140,40,40,60,46,25,8,92,10126
20180327,9,140,40,40,60,63,23,0,85,10119
20180327,10,150,40,50,80,78,15,2,110,10112
20180327,11,150,50,60,90,92,-10,0,84,10100
20180327,12,160,70,70,100,96,-12,0,100,10093
20180327,13,170,60,60,100,90,19,0,67,10085
20180327,14,170,50,40,90,73,48,0,32,10080
20180327,15,150,40,40,70,70,54,0,32,10072
20180327,16,150,40,40,80,70,57,0,25,10063
20180327,17,140,40,40,60,69,58,0,18,10056
20180327,18,150,40,30,70,65,55,0,4,10055
20180327,19,140,30,30,50,64,59,0,0,10052
20180327,20,140,30,30,50,63,60,0,0,10049
20180327,21,130,30,20,40,63,61,0,0,10048
20180327,22,150,20,20,30,64,61,0,0,10047
20180327,23,160,20,10,30,64,63,0,0,10047
20180327,24,190,10,10,20,66,66,0,0,10045
20180328,1,240,10,10,40,68,65,0,0,10045
20180328,2,260,20,30,50,67,64,0,0,10046
20180328,3,250,30,20,50,67,64,0,0,10042
20180328,4,250,30,30,50,70,64,0,0,10043
20180328,5,260,30,30,60,69,52,0,0,10043
20180328,6,260,30,30,50,66,48,0,2,10041
20180328,7,280,20,20,50,70,49,0,19,10036
20180328,8,280,10,10,40,75,50,0,34,10033
20180328,9,200,20,40,50,75,56,0,41,10032
20180328,10,190,30,30,50,72,61,0,38,10027
20180328,11,160,30,30,40,73,61,0,43,10018
20180328,12,130,30,30,50,73,62,0,35,10004
20180328,13,130,30,20,40,70,57,0,31,9993
20180328,14,990,20,10,40,66,53,0,14,9983
20180328,15,330,20,10,30,62,51,0,18,9973
20180328,16,350,20,30,40,61,53,0,31,9966
20180328,17,320,30,40,60,52,43,0,11,9971
20180328,18,300,40,60,110,36,25,0,1,9985
20180328,19,300,50,40,100,28,20,0,0,9999
20180328,20,300,40,40,80,34,24,0,0,10009
20180328,21,280,30,40,70,38,29,0,0,10015
20180328,22,280,30,40,70,41,29,0,0,10021
20180328,23,260,30,30,80,41,29,0,0,10026
20180328,24,260,40,40,70,44,23,0,0,10032
20180329,1,230,30,30,60,42,25,0,0,10033
20180329,2,240,30,30,50,44,31,0,0,10033
20180329,3,230,30,30,80,46,34,0,0,10035
20180329,4,230,30,30,60,44,33,0,0,10038
20180329,5,240,30,30,50,39,31,0,0,10040
20180329,6,230,30,20,50,39,32,0,3,10042
20180329,7,220,30,30,40,41,33,0,20,10046
20180329,8,210,30,30,50,50,39,0,41,10049
20180329,9,210,40,40,60,60,42,0,64,10053
20180329,10,230,40,40,70,68,39,1,78,10055
20180329,11,230,40,40,60,89,42,4,155,10053
20180329,12,250,50,40,90,87,19,10,232,10052
20180329,13,260,40,30,110,88,11,6,157,10053
20180329,14,220,50,30,110,88,12,3,102,10052
20180329,15,250,30,40,60,102,15,10,176,10049
20180329,16,240,30,20,50,104,-8,9,118,10042
20180329,17,210,20,20,40,100,-7,10,71,10045
20180329,18,130,20,20,40,66,10,5,14,10049
20180329,19,120,20,30,40,52,17,0,0,10051
20180329,20,100,30,20,40,56,18,0,0,10051
20180329,21,120,30,30,50,64,18,0,0,10050
20180329,22,150,30,30,50,67,28,0,0,10052
20180329,23,130,20,30,50,60,37,0,0,10050
20180329,24,110,40,40,60,61,33,0,0,10043
20180330,1,130,30,30,50,58,38,0,0,10041
20180330,2,120,30,30,60,52,43,0,0,10035
20180330,3,140,40,40,50,54,41,0,0,10032
20180330,4,140,40,40,60,54,40,0,0,10027
20180330,5,140,30,30,60,54,41,0,0,10026
20180330,6,140,30,30,50,55,41,0,1,10026
20180330,7,150,30,20,50,62,45,0,14,10026
20180330,8,140,30,40,60,77,50,5,69,10022
20180330,9,140,40,40,70,94,55,8,145,10016
20180330,10,150,50,50,80,93,42,5,157,10012
20180330,11,130,40,40,70,115,57,2,143,10004
20180330,12,130,50,50,80,127,51,10,238,9994
20180330,13,140,50,60,100,132,33,10,238,9991
20180330,14,130,60,60,90,130,16,1,119,9982
20180330,15,130,60,60,100,131,20,0,85,9969
20180330,16,100,70,80,120,129,21,4,69,9966
20180330,17,110,70,70,120,127,19,8,47,9962
20180330,18,100,60,60,100,116,23,3,11,9961
20180330,19,100,50,40,90,110,30,0,0,9966
20180330,20,180,50,60,120,99,52,0,0,9969
20180330,21,180,50,40,100,80,60,0,0,9970
20180330,22,160,30,30,60,73,60,0,0,9970
20180330,23,160,30,30,50,72,60,0,0,9973
20180330,24,180,30,30,60,73,57,0,0,9974
20180331,1,180,30,30,50,62,50,0,0,9975
20180331,2,150,20,20,40,43,38,0,0,9975
20180331,3,140,20,20,30,34,32,0,0,9977
20180331,4,140,20,20,30,28,25,0,0,9978
20180331,5,150,20,20,30,31,28,0,0,9981
20180331,6,150,20,20,40,31,28,2,5,9987
20180331,7,140,20,30,40,44,39,0,29,9991
20180331,8,160,20,20,40,62,47,2,64,9991
20180331,9,150,20,20,40,69,48,0,74,9994
20180331,10,200,20,20,40,90,51,6,157,9999
20180331,11,160,20,30,50,104,44,9,207,9997
20180331,12,220,20,20,50,109,33,6,183,9998
20180331,13,210,20,30,50,112,37,0,96,10000
20180331,14,200,30,20,50,112,36,1,72,9999
20180331,15,150,20,20,40,112,46,0,67,9999
20180331,16,990,10,10,30,123,44,3,69,9999
20180331,17,300,10,10,30,108,37,0,23,9999
20180331,18,280,20,20,40,86,64,0,4,10006
20180331,19,110,30,20,80,65,60,0,0,10017
20180331,20,40,10,10,20,65,57,0,0,10022
20180331,21,30,10,20,30,64,55,0,0,10023
20180331,22,90,10,10,30,59,50,0,0,10023
20180331,23,240,30,20,90,58,43,0,0,10022
20180331,24,0,20,0,40,48,42,0,0,10026
20180401,1,140,10,10,20,37,37,0,0,10030
20180401,2,110,10,10,20,34,34,0,0,10031
20180401,3,200,10,20,30,48,45,0,0,10032
20180401,4,250,20,20,40,57,52,0,0,10035
20180401,5,270,20,20,50,59,49,0,0,10039
20180401,6,40,20,30,60,48,37,0,1,10048
20180401,7,360,20,20,50,47,35,0,10,10057
20180401,8,340,20,20,30,46,36,0,11,10067
20180401,9,330,20,30,50,48,37,0,22,10075
20180401,10,360,30,30,70,46,39,0,12,10087
20180401,11,30,30,30,60,53,42,0,34,10095
20180401,12,350,30,30,60,57,35,0,61,10102
20180401,13,360,30,30,50,69,33,2,106,10107
20180401,14,350,30,30,60,77,31,0,93,10112
20180401,15,300,20,20,50,70,35,0,25,10115
20180401,16,340,30,20,60,65,34,0,15,10120
20180401,17,300,20,20,50,65,32,0,15,10125
20180401,18,310,20,20,50,59,28,2,8,10128
20180401,19,290,20,30,50,55,17,0,0,10134
20180401,20,270,20,10,40,48,18,0,0,10137
20180401,21,270,10,10,20,30,17,0,0,10136
20180401,22,0,10,0,20,20,16,0,0,10136
20180401,23,150,10,10,10,11,8,0,0,10131
20180401,24,130,10,10,20,6,3,0,0,10129
20180402,1,160,10,10,20,10,6,0,0,10125
20180402,2,130,10,10,20,18,16,0,0,10120
20180402,3,150,10,20,20,22,15,0,0,10113
20180402,4,130,20,20,40,29,12,0,0,10105
20180402,5,120,30,30,40,32,13,0,0,10099
20180402,6,130,30,30,50,38,21,0,1,10094
20180402,7,140,30,30,50,45,28,0,16,10088
20180402,8,140,30,30,60,51,37,0,36,10082
20180402,9,150,40,40,60,61,43,0,67,10076
20180402,10,130,40,40,60,72,52,0,70,10066
20180402,11,140,40,40,70,83,52,0,64,10058
20180402,12,150,50,50,80,92,52,0,80,10050
20180402,13,150,50,40,80,100,57,0,89,10040
20180402,14,150,50,50,80,115,55,0,93,10028
20180402,15,140,60,60,90,114,50,2,98,10015
20180402,16,140,60,60,100,118,49,6,79,10000
20180402,17,140,50,50,100,118,52,2,45,9994
20180402,18,160,40,40,80,117,59,0,9,9990
20180402,19,180,50,60,110,109,74,0,0,9992
20180402,20,180,50,40,110,102,80,0,0,9992
20180402,21,180,40,30,80,100,79,0,0,9987
20180402,22,180,40,40,60,99,76,0,0,9984
20180402,23,210,40,50,80,97,82,0,0,9985
20180402,24,200,40,30,70,101,83,0,0,9982
20180403,1,210,50,50,80,104,89,0,0,9983
20180403,2,200,50,40,90,103,88,0,0,9982
20180403,3,200,40,40,80,98,83,0,0,9985
20180403,4,190,40,30,70,93,81,0,0,9985
20180403,5,190,40,50,70,95,81,0,0,9986
20180403,6,180,40,40,70,100,85,0,2,9985
20180403,7,170,40,30,60,104,89,0,20,9987
20180403,8,180,40,50,70,123,95,3,68,9985
20180403,9,190,60,60,100,133,97,2,97,9988
20180403,10,190,50,60,100,139,93,3,127,9989
20180403,11,190,70,60,120,156,100,7,194,9991
20180403,12,210,70,60,110,160,95,6,171,9990
20180403,13,210,70,70,120,167,97,8,206,9989
20180403,14,200,70,70,110,165,87,5,149,9985
20180403,15,190,50,50,100,166,89,4,85,9982
20180403,16,180,60,70,110,160,85,1,60,9980
20180403,17,180,60,60,110,151,85,0,31,9979
20180403,18,180,40,30,90,144,88,0,8,9976
20180403,19,250,40,40,90,133,98,0,0,9980
20180403,20,180,30,50,80,127,99,0,0,9980
20180403,21,170,40,30,80,124,94,0,0,9975
20180403,22,250,50,120,190,104,85,0,0,9985
20180403,23,250,50,40,160,93,83,0,0,9997
20180403,24,200,40,40,70,95,85,0,0,10006
20180404,1,200,40,40,80,97,88,0,0,10010
20180404,2,190,20,20,70,92,79,0,0,10007
20180404,3,180,30,40,60,87,75,0,0,10007
20180404,4,170,30,30,60,80,68,0,0,10006
20180404,5,170,30,30,60,83,67,0,0,10006
20180404,6,160,20,30,40,80,67,0,5,10006
20180404,7,160,30,40,60,86,71,0,28,10003
20180404,8,160,40,40,70,99,75,1,56,9998
20180404,9,170,40,50,70,111,80,2,105,9993
20180404,10,190,60,60,100,122,84,2,107,9993
20180404,11,190,50,40,80,135,86,1,106,9987
20180404,12,180,50,40,80,136,90,0,52,9986
20180404,13,180,50,50,100,138,91,0,44,9984
20180404,14,200,50,50,90,143,89,2,95,9979
20180404,15,210,50,50,90,128,76,0,25,9977
20180404,16,230,60,60,160,96,75,0,7,9988
20180404,17,220,30,30,110,111,73,7,56,9984
20180404,18,200,30,30,50,106,63,7,30,9984
20180404,19,170,20,20,40,92,62,0,1,9984
20180404,20,140,30,30,40,90,72,0,0,9987
20180404,21,170,20,10,50,80,73,0,0,9990
20180404,22,170,20,20,40,88,76,0,0,9990
20180404,23,190,40,50,80,97,66,0,0,9991
20180404,24,190,50,50,80,97,67,0,0,9991
20180405,1,210,50,60,100,98,70,0,0,9993
20180405,2,210,60,60,100,93,78,0,0,9995
20180405,3,240,60,50,100,92,82,0,0,10003
20180405,4,260,60,70,130,80,55,0,0,10017
20180405,5,260,60,50,130,75,45,0,0,10027
20180405,6,270,60,70,150,64,36,0,4,10041
20180405,7,270,70,70,130,62,30,0,18,10053
20180405,8,280,60,60,150,55,42,0,25,10070
20180405,9,290,60,60,120,55,29,0,47,10090
20180405,10,300,60,60,120,55,23,0,38,10109
20180405,11,310,70,80,120,61,12,0,37,10130
20180405,12,310,60,70,130,77,14,2,106,10146
20180405,13,300,70,70,120,64,28,5,140,10162
20180405,14,300,70,60,120,81,-9,8,178,10173
20180405,15,310,50,40,100,86,0,10,206,10184
20180405,16,300,40,30,80,83,-2,10,124,10193
20180405,17,280,40,50,80,74,0,7,60,10206
20180405,18,290,30,30,70,62,5,7,30,10209
20180405,19,260,20,20,50,50,3,0,1,10216
20180405,20,270,10,10,40,26,8,0,0,10220
20180405,21,0,10,0,20,12,8,0,0,10222
20180405,22,130,10,10,10,5,1,0,0,10225
20180405,23,140,10,10,20,6,3,0,0,10227
20180405,24,120,10,10,20,7,3,0,0,10226
20180406,1,140,10,10,20,13,8,0,0,10226
20180406,2,140,20,20,30,8,1,0,0,10221
20180406,3,130,20,20,30,5,-4,0,0,10223
20180406,4,120,20,20,40,2,-3,0,0,10220
20180406,5,120,20,20,40,3,-7,0,0,10215
20180406,6,130,30,40,60,28,-1,5,14,10212
20180406,7,130,40,50,70,50,6,10,61,10213
20180406,8,140,50,60,80,71,16,10,121,10206
20180406,9,140,60,70,110,87,22,10,170,10203
20180406,10,140,80,80,120,95,13,10,215,10199
20180406,11,130,90,90,140,109,4,10,253,10185
20180406,12,120,80,70,130,123,7,10,253,10176
20180406,13,140,90,80,140,133,7,10,254,10166
20180406,14,130,90,90,140,140,-8,10,231,10155
20180406,15,140,80,80,130,145,-13,10,183,10147
20180406,16,130,70,60,120,140,-10,9,116,10141
20180406,17,130,70,70,120,141,-5,7,58,10133
20180406,18,130,70,70,120,136,-13,8,25,10129
20180406,19,130,60,60,110,130,-12,0,1,10129
20180406,20,130,60,60,110,121,-9,0,0,10130
20180406,21,130,60,60,100,117,-13,0,0,10122
20180406,22,140,60,60,110,111,-8,0,0,10120
20180406,23,140,50,50,90,102,0,0,0,10121
20180406,24,140,50,50,70,95,6,0,0,10119
20180407,1,130,50,50,80,94,9,0,0,10114
20180407,2,130,50,50,70,93,11,0,0,10111
20180407,3,130,50,50,70,91,14,0,0,10107
20180407,4,140,40,50,70,89,17,0,0,10105
20180407,5,140,50,50,80,88,18,0,0,10101
20180407,6,140,50,50,80,89,22,0,8,10100
20180407,7,140,40,40,70,97,29,2,40,10100
20180407,8,140,40,50,80,119,40,8,103,10095
20180407,9,150,50,60,100,138,51,9,152,10094
20180407,10,160,60,50,100,154,60,8,174,10095
20180407,11,140,60,60,100,169,68,9,220,10088
20180407,12,150,60,60,100,187,73,10,239,10087
20180407,13,160,50,60,90,200,84,10,231,10083
20180407,14,180,60,60,100,206,82,10,203,10080
20180407,15,190,50,60,90,208,90,9,166,10078
20180407,16,190,50,40,80,214,92,10,130,10078
20180407,17,180,40,40,70,209,93,10,78,10077
20180407,18,160,20,20,60,175,104,5,20,10081
20180407,19,180,10,10,30,152,100,0,1,10084
20180407,20,990,10,10,20,126,105,0,0,10086
20180407,21,140,10,10,20,131,103,0,0,10084
20180407,22,200,10,10,20,109,95,0,0,10082
20180407,23,120,10,10,20,97,89,0,0,10083
20180407,24,250,10,20,40,100,87,0,0,10083
20180408,1,310,10,20,30,87,80,0,0,10080
20180408,2,320,20,20,40,113,91,0,0,10083
20180408,3,320,20,10,40,100,89,0,0,10079
20180408,4,10,10,10,20,81,77,0,0,10076
20180408,5,350,20,20,30,91,83,0,0,10075
20180408,6,360,20,20,30,120,91,8,19,10075
20180408,7,60,10,10,30,130,96,3,42,10079
20180408,8,80,10,20,30,157,106,8,108,10076
20180408,9,990,20,10,40,173,101,9,168,10078
20180408,10,990,10,10,30,195,103,8,207,10076
20180408,11,50,10,10,20,201,101,3,170,10067
20180408,12,180,20,20,40,218,96,8,233,10067
20180408,13,190,30,30,50,219,85,9,231,10063
20180408,14,220,20,20,50,224,102,6,169,10061
20180408,15,320,30,40,60,209,112,10,175,10060
20180408,16,350,30,20,50,206,111,8,100,10060
20180408,17,310,20,30,50,201,112,8,69,10063
20180408,18,330,20,20,50,186,109,8,31,10067
20180408,19,340,30,30,50,148,105,0,1,10074
20180408,20,350,30,20,40,133,103,0,0,10076
20180408,21,340,20,20,40,121,100,0,0,10075
20180408,22,340,20,20,40,116,97,0,0,10076
20180408,23,340,20,20,40,113,96,0,0,10075
20180408,24,360,20,20,30,113,91,0,0,10076
20180409,1,320,20,20,30,108,91,0,0,10078
20180409,2,320,20,20,40,104,88,0,0,10077
20180409,3,340,20,20,40,103,86,0,0,10075
20180409,4,360,30,20,50,100,84,0,0,10077
20180409,5,340,30,30,50,95,83,0,0,10077
20180409,6,30,30,30,60,93,80,0,6,10077
20180409,7,350,30,30,60,101,83,0,28,10079
20180409,8,40,30,30,60,110,87,0,32,10076
20180409,9,40,50,40,80,117,87,0,35,10071
20180409,10,20,30,30,70,132,96,0,78,10068
20180409,11,40,40,40,70,152,101,3,169,10064
20180409,12,10,40,30,70,164,104,2,162,10061
20180409,13,10,40,40,70,175,105,7,199,10053
20180409,14,20,40,50,80,164,105,2,118,10048
20180409,15,20,40,30,70,158,105,0,52,10040
20180409,16,30,40,30,80,153,103,0,37,10036
20180409,17,20,40,30,70,150,103,2,42,10031
20180409,18,20,30,30,60,142,104,7,17,10026
20180409,19,10,30,30,70,130,100,0,0,10024
20180409,20,20,30,30,60,124,99,0,0,10022
20180409,21,30,40,40,60,119,94,0,0,10014
20180409,22,20,30,20,70,114,90,0,0,10008
20180409,23,30,20,20,40,111,90,0,0,10006
20180409,24,50,20,20,40,108,92,0,0,10002
20180410,1,90,20,20,30,101,90,0,0,10001
20180410,2,150,30,30,50,121,101,0,0,10003
20180410,3,140,30,30,40,122,105,0,0,10005
20180410,4,150,30,20,40,122,107,0,0,10007
20180410,5,140,20,30,40,122,107,0,0,10014
20180410,6,140,30,30,50,122,101,0,9,10021
20180410,7,140,30,30,50,134,100,3,44,10025
20180410,8,140,30,40,60,142,103,5,73,10035
20180410,9,130,40,40,70,162,108,9,150,10037
20180410,10,140,40,40,60,167,97,6,170,10038
20180410,11,130,40,40,60,181,97,4,187,10041
20180410,12,130,40,40,60,183,96,4,179,10041
20180410,13,160,30,30,50,193,84,1,132,10040
20180410,14,130,20,20,50,197,83,0,120,10037
20180410,15,110,30,20,50,193,95,0,82,10038
20180410,16,210,20,20,40,191,103,0,50,10038
20180410,17,350,10,20,50,192,103,0,33,10038
20180410,18,360,20,20,50,183,106,0,11,10039
20180410,19,360,20,20,50,164,113,0,1,10045
20180410,20,350,30,20,50,161,122,0,0,10045
20180410,21,10,30,40,60,154,118,0,0,10039
20180410,22,40,40,50,90,147,114,0,0,10038
20180410,23,210,50,50,90,135,107,0,0,10053
20180410,24,300,30,20,80,126,108,0,0,10053
20180411,1,340,20,10,40,116,105,0,0,10052
20180411,2,50,10,10,20,92,89,0,0,10053
20180411,3,150,20,20,30,89,86,0,0,10056
20180411,4,160,20,20,40,95,93,0,0,10060
20180411,5,60,10,10,30,99,99,0,0,10064
20180411,6,40,20,20,30,101,101,0,5,10070
20180411,7,50,20,10,40,104,97,0,20,10072
20180411,8,70,30,20,50,110,87,0,38,10074
20180411,9,60,30,30,40,116,93,0,63,10078
20180411,10,90,20,30,50,127,92,0,84,10077
20180411,11,80,30,30,60,149,98,4,166,10073
20180411,12,120,30,40,60,168,97,9,239,10070
20180411,13,170,40,40,70,157,109,6,192,10070
20180411,14,160,30,30,60,160,106,0,60,10063
20180411,15,180,20,20,50,168,110,3,103,10059
20180411,16,220,20,20,40,162,105,0,48,10056
20180411,17,250,10,10,40,140,126,0,7,10058
20180411,18,350,10,10,20,136,130,0,3,10058
20180411,19,30,30,30,50,135,122,0,0,10057
20180411,20,70,30,30,50,133,120,0,0,10059
20180411,21,90,20,20,40,132,122,0,0,10061
20180411,22,70,20,20,40,130,124,0,0,10061
20180411,23,70,30,30,60,123,107,0,0,10057
20180411,24,60,40,40,80,107,88,0,0,10054
20180412,1,60,40,40,70,98,82,0,0,10050
20180412,2,50,30,30,60,87,77,0,0,10047
20180412,3,50,30,30,50,81,72,0,0,10042
20180412,4,50,30,40,60,76,68,0,0,10037
20180412,5,50,30,40,60,73,65,0,0,10034
20180412,6,50,40,30,70,78,70,0,10,10031
20180412,7,60,40,50,90,86,76,0,26,10033
20180412,8,50,40,40,80,95,83,0,37,10031
20180412,9,60,40,40,70,104,91,0,56,10026
20180412,10,70,40,50,80,112,91,0,59,10023
20180412,11,50,40,30,80,120,98,0,56,10015
20180412,12,60,40,40,60,125,94,0,68,10014
20180412,13,40,40,30,70,130,103,0,44,10012
20180412,14,60,30,30,50,134,106,0,69,10008
20180412,15,80,40,50,70,145,105,7,167,10008
20180412,16,70,40,30,80,134,98,1,41,10011
20180412,17,50,20,20,60,136,97,2,37,10003
20180412,18,80,30,20,50,128,96,8,24,10008
20180412,19,60,20,10,30,117,97,0,2,10013
20180412,20,0,10,0,10,107,96,0,0,10013
20180412,21,270,10,10,10,99,93,0,0,10017
20180412,22,30,10,10,20,85,83,0,0,10020
20180412,23,20,10,10,10,73,72,0,0,10023
20180412,24,20,0,10,10,67,67,0,0,10029
20180413,1,140,10,10,20,65,65,0,0,10032
20180413,2,90,10,20,20,52,52,0,0,10034
20180413,3,90,10,10,20,49,49,0,0,10034
20180413,4,150,10,10,20,42,42,0,0,10037
20180413,5,140,10,10,20,44,41,0,0,10041
20180413,6,150,10,10,20,55,52,3,17,10047
20180413,7,120,10,10,20,87,83,5,50,10055
20180413,8,170,20,20,40,121,89,3,89,10061
20180413,9,180,30,30,50,132,92,7,124,10066
20180413,10,200,30,40,60,137,93,0,122,10066
20180413,11,250,40,40,70,141,96,0,128,10074
20180413,12,250,40,30,70,141,96,0,112,10082
20180413,13,250,40,40,70,141,92,0,104,10088
20180413,14,290,40,40,70,138,99,0,73,10093
20180413,15,280,30,20,60,139,94,0,69,10098
20180413,16,320,30,30,60,126,91,0,23,10108
20180413,17,280,30,40,60,117,82,0,12,10113
20180413,18,290,20,10,60,111,83,0,7,10118
20180413,19,270,10,10,20,104,81,0,1,10123
20180413,20,290,20,20,40,103,77,0,0,10129
20180413,21,320,20,10,40,93,75,0,0,10132
20180413,22,280,10,10,30,84,69,0,0,10137
20180413,23,0,10,0,20,80,68,0,0,10144
20180413,24,320,10,10,20,91,72,0,0,10148
20180414,1,270,10,20,40,91,71,0,0,10153
20180414,2,260,20,10,40,88,71,0,0,10154
20180414,3,260,10,10,30,74,67,0,0,10156
20180414,4,260,20,20,30,77,70,0,0,10157
20180414,5,270,10,10,30,86,76,0,0,10162
20180414,6,210,10,10,30,93,75,0,6,10169
20180414,7,200,20,20,30,93,80,0,18,10175
20180414,8,200,20,20,40,104,82,0,43,10179
20180414,9,230,30,30,40,116,79,0,92,10183
20180414,10,240,30,30,50,124,71,0,112,10184
20180414,11,270,20,20,40,126,69,0,59,10185
20180414,12,240,20,20,40,132,68,0,81,10188
20180414,13,300,20,20,50,145,65,2,166,10186
20180414,14,240,30,30,60,151,73,8,211,10184
20180414,15,990,20,10,50,155,69,7,169,10179
20180414,16,360,20,20,50,155,78,10,145,10175
20180414,17,320,20,20,40,149,78,10,82,10177
20180414,18,340,20,10,30,142,76,10,28,10177
20180414,19,30,30,30,50,122,73,0,2,10178
20180414,20,40,30,30,50,110,67,0,0,10177
20180414,21,40,30,30,40,108,70,0,0,10174
20180414,22,50,20,10,40,107,70,0,0,10172
20180414,23,90,10,20,30,105,78,0,0,10170
20180414,24,140,10,20,20,96,87,0,0,10168
20180415,1,80,20,20,40,96,90,0,0,10158
20180415,2,80,20,20,30,94,92,0,0,10148
20180415,3,110,20,10,30,95,93,0,0,10146
20180415,4,140,20,20,30,96,93,0,0,10141
20180415,5,130,20,20,40,97,94,0,0,10137
20180415,6,140,20,20,40,102,99,0,6,10136
20180415,7,160,20,20,40,110,107,0,20,10132
20180415,8,180,20,40,50,126,117,0,42,10128
20180415,9,210,30,30,60,136,113,2,95,10124
20180415,10,200,30,30,60,150,117,5,151,10120
20180415,11,210,30,30,60,158,108,3,135,10117
20180415,12,190,30,40,60,158,104,1,89,10113
20180415,13,170,30,20,60,163,108,3,116,10109
20180415,14,190,20,30,50,162,109,0,45,10105
20180415,15,220,30,20,60,166,102,2,86,10102
20180415,16,270,20,20,60,142,128,0,34,10101
20180415,17,0,10,0,30,150,127,0,36,10099
20180415,18,330,10,20,50,130,119,0,8,10103
20180415,19,990,10,10,30,119,117,0,1,10105
20180415,20,140,10,10,20,118,115,0,0,10106
20180415,21,160,10,10,10,117,114,0,0,10106
20180415,22,150,10,10,10,117,114,0,0,10104
20180415,23,200,10,10,20,112,109,0,0,10104
20180415,24,240,20,30,50,124,99,0,0,10108
20180416,1,220,30,20,50,120,99,0,0,10109
20180416,2,240,20,10,40,113,102,0,0,10110
20180416,3,200,20,20,30,102,94,0,0,10114
20180416,4,160,10,10,30,83,83,0,0,10117
20180416,5,200,20,20,30,86,83,0,1,10122
20180416,6,230,10,20,30,102,100,7,23,10129
20180416,7,260,20,30,50,119,98,5,69,10137
20180416,8,240,30,40,60,129,84,9,132,10142
20180416,9,230,40,40,70,133,90,7,167,10148
20180416,10,240,50,50,80,141,93,9,216,10153
20180416,11,230,50,40,90,149,84,10,272,10157
20180416,12,250,50,40,90,140,74,4,162,10162
20180416,13,250,50,50,90,144,66,5,173,10165
20180416,14,250,40,50,90,153,69,9,205,10169
20180416,15,260,40,40,100,154,65,10,195,10171
20180416,16,260,40,40,80,154,65,10,163,10175
20180416,17,260,40,40,80,145,53,10,96,10177
20180416,18,280,30,20,70,134,51,10,40,10184
20180416,19,260,20,30,60,121,39,0,4,10196
20180416,20,220,10,10,50,89,53,0,0,10202
20180416,21,170,10,10,20,67,56,0,0,10206
20180416,22,160,10,20,20,58,54,0,0,10210
20180416,23,160,20,20,30,54,48,0,0,10214
20180416,24,170,20,20,30,53,47,0,0,10218
20180417,1,150,20,20,30,57,47,0,0,10219
20180417,2,150,20,20,30,55,46,0,0,10222
20180417,3,150,20,30,40,53,44,0,0,10222
20180417,4,150,20,20,30,53,43,0,0,10224
20180417,5,150,20,20,30,51,48,0,1,10235
20180417,6,150,20,20,40,83,59,8,28,10237
20180417,7,160,30,30,60,106,72,8,76,10242
20180417,8,160,40,30,60,132,87,10,131,10242
20180417,9,190,40,50,80,159,79,9,183,10244
20180417,10,210,50,50,90,170,70,8,209,10246
20180417,11,200,60,60,100,177,64,10,263,10246
20180417,12,210,50,50,90,185,69,9,259,10244
20180417,13,180,50,40,90,185,80,3,177,10243
20180417,14,200,50,40,90,196,74,9,230,10244
20180417,15,220,50,50,90,200,73,10,190,10246
20180417,16,220,40,30,80,201,72,10,139,10249
20180417,17,200,40,40,70,195,74,10,92,10247
20180417,18,240,30,20,60,186,85,10,38,10251
20180417,19,210,20,10,40,147,91,0,5,10258
20180417,20,160,10,10,20,115,93,0,0,10265
20180417,21,160,10,10,20,107,88,0,0,10269
20180417,22,160,10,10,20,91,85,0,0,10272
20180417,23,160,10,10,20,86,83,0,0,10276
20180417,24,160,20,10,30,83,79,0,0,10279
20180418,1,140,10,20,20,75,72,0,0,10281
20180418,2,160,10,20,20,73,72,0,0,10284
20180418,3,140,20,20,30,71,67,0,0,10289
20180418,4,160,20,20,30,77,71,0,0,10292
20180418,5,150,10,10,20,84,75,0,2,10298
20180418,6,160,20,20,30,115,85,8,30,10304
20180418,7,160,20,20,30,142,95,10,79,10306
20180418,8,180,20,20,30,167,103,10,131,10311
20180418,9,170,20,20,40,190,108,10,188,10314
20180418,10,170,30,30,50,203,115,10,222,10313
20180418,11,180,30,30,50,215,91,10,257,10311
20180418,12,160,30,30,60,224,93,10,267,10310
20180418,13,160,30,30,60,228,89,10,261,10305
20180418,14,130,30,30,60,229,107,10,239,10300
20180418,15,140,30,30,50,231,96,10,203,10297
20180418,16,150,30,40,60,231,85,10,155,10292
20180418,17,140,20,20,50,233,84,10,97,10288
20180418,18,90,30,20,50,210,94,10,40,10287
20180418,19,60,20,20,30,168,112,0,5,10288
20180418,20,60,20,20,30,144,110,0,0,10289
20180418,21,70,30,30,50,164,84,0,0,10289
20180418,22,80,30,30,40,158,84,0,0,10289
20180418,23,100,30,30,40,149,85,0,0,10288
20180418,24,100,30,30,40,138,85,0,0,10282
20180419,1,110,30,30,50,137,86,0,0,10277
20180419,2,110,30,20,40,124,87,0,0,10275
20180419,3,130,20,20,30,115,88,0,0,10273
20180419,4,130,20,30,30,95,89,0,0,10272
20180419,5,140,30,30,40,136,84,0,2,10271
20180419,6,140,30,30,50,163,89,10,31,10273
20180419,7,140,30,20,50,188,104,10,86,10274
20180419,8,130,40,40,70,211,103,10,139,10270
20180419,9,140,40,40,70,229,104,10,196,10269
20180419,10,150,40,40,80,237,101,10,239,10267
20180419,11,130,50,50,80,243,100,10,265,10264
20180419,12,140,50,50,80,251,116,10,277,10259
20180419,13,140,50,60,80,261,113,10,264,10254
20180419,14,140,50,60,90,268,79,10,222,10248
20180419,15,140,50,50,100,271,87,9,191,10243
20180419,16,130,60,50,100,270,85,10,155,10237
20180419,17,140,50,40,100,264,74,10,103,10236
20180419,18,130,40,30,70,248,77,10,44,10232
20180419,19,130,20,20,50,212,79,2,5,10233
20180419,20,160,20,20,30,172,117,0,0,10236
20180419,21,300,10,10,20,150,107,0,0,10237
20180419,22,0,10,0,30,134,108,0,0,10234
20180419,23,330,10,10,10,124,107,0,0,10232
20180419,24,330,0,10,10,114,105,0,0,10231
20180420,1,180,10,10,30,114,103,0,0,10229
20180420,2,150,10,10,20,104,96,0,0,10227
20180420,3,160,20,20,30,112,97,0,0,10226
20180420,4,160,20,20,30,105,96,0,0,10223
20180420,5,160,20,20,20,104,97,0,2,10223
20180420,6,160,10,10,20,145,117,10,29,10226
20180420,7,150,10,10,20,171,121,10,79,10226
20180420,8,200,10,20,30,214,133,10,135,10224
20180420,9,250,20,20,30,237,125,10,188,10226
20180420,10,230,30,30,40,250,117,10,230,10225
20180420,11,230,30,40,50,255,117,10,258,10226
20180420,12,220,40,40,70,259,129,10,269,10222
20180420,13,280,40,30,70,261,143,10,263,10219
20180420,14,290,40,40,70,258,126,9,217,10218
20180420,15,310,40,40,70,251,94,10,200,10217
20180420,16,320,30,30,60,244,80,10,159,10216
20180420,17,330,30,30,60,236,98,10,103,10214
20180420,18,320,30,30,50,213,115,10,43,10214
20180420,19,300,20,20,40,179,119,2,6,10219
20180420,20,300,20,20,40,165,112,0,0,10221
20180420,21,310,20,20,40,140,106,0,0,10224
20180420,22,320,20,30,40,126,101,0,0,10223
20180420,23,340,20,20,50,122,92,0,0,10224
20180420,24,340,20,20,50,115,93,0,0,10223
20180421,1,340,20,20,40,111,95,0,0,10223
20180421,2,340,10,10,30,106,98,0,0,10223
20180421,3,350,10,10,20,97,93,0,0,10224
20180421,4,360,10,10,20,87,86,0,0,10221
20180421,5,350,10,10,20,83,83,0,2,10228
20180421,6,10,10,10,20,108,104,8,32,10232
20180421,7,50,20,20,40,130,101,10,82,10234
20180421,8,60,30,30,50,151,103,10,143,10234
20180421,9,60,30,30,60,169,98,10,196,10234
20180421,10,30,30,30,60,181,99,10,237,10233
20180421,11,40,30,30,50,194,95,10,263,10226
20180421,12,30,20,30,60,204,81,10,274,10221
20180421,13,30,20,30,50,218,71,10,265,10216
20180421,14,40,30,30,60,217,82,10,235,10209
20180421,15,70,30,30,60,217,95,10,203,10203
20180421,16,50,30,40,60,214,89,10,154,10198
20180421,17,40,40,30,60,211,81,10,102,10192
20180421,18,50,30,30,50,197,83,10,48,10189
20180421,19,40,30,20,40,179,80,2,5,10189
20180421,20,60,30,20,40,150,90,0,0,10188
20180421,21,50,10,10,30,128,97,0,0,10186
20180421,22,50,20,20,30,123,82,0,0,10183
20180421,23,80,30,30,50,126,71,0,0,10178
20180421,24,90,30,30,50,122,71,0,0,10170
20180422,1,90,30,20,50,117,70,0,0,10163
20180422,2,80,20,20,40,110,70,0,0,10160
20180422,3,80,20,20,30,103,68,0,0,10152
20180422,4,100,20,20,40,102,68,0,0,10140
20180422,5,100,20,20,40,106,71,0,3,10137
20180422,6,120,20,20,30,128,80,0,25,10135
20180422,7,120,10,10,30,149,91,3,66,10129
20180422,8,140,30,30,50,174,112,9,133,10123
20180422,9,150,30,30,60,180,116,9,178,10118
20180422,10,180,30,40,60,188,128,2,140,10121
20180422,11,180,30,30,70,226,139,7,220,10109
20180422,12,180,30,40,60,244,132,10,271,10096
20180422,13,190,40,50,80,250,119,10,265,10095
20180422,14,190,40,30,90,260,130,10,231,10086
20180422,15,250,40,40,80,256,128,5,134,10081
20180422,16,290,50,60,110,229,126,10,161,10086
20180422,17,280,40,40,80,223,128,8,87,10087
20180422,18,250,40,40,90,211,91,8,35,10090
20180422,19,260,30,30,90,195,80,2,4,10095
20180422,20,230,30,40,70,179,90,0,0,10100
20180422,21,230,40,40,90,173,92,0,0,10101
20180422,22,230,40,30,80,169,93,0,0,10102
20180422,23,240,40,40,80,163,89,0,0,10105
20180422,24,240,40,40,90,150,88,0,0,10108
20180423,1,250,40,40,70,138,81,0,0,10110
20180423,2,240,40,40,70,128,88,0,0,10114
20180423,3,240,30,30,70,122,89,0,0,10118
20180423,4,260,30,30,60,122,85,0,0,10122
20180423,5,270,30,30,70,114,85,0,2,10127
20180423,6,260,30,20,60,124,85,8,36,10134
20180423,7,240,30,40,60,131,90,8,91,10140
20180423,8,240,30,30,60,140,91,8,132,10146
20180423,9,280,40,40,80,136,67,5,119,10152
20180423,10,260,40,40,80,148,73,6,171,10155
20180423,11,240,40,50,90,153,73,7,209,10157
20180423,12,260,50,60,100,153,77,8,245,10159
20180423,13,280,50,40,90,145,71,3,158,10164
20180423,14,280,40,40,80,143,55,0,107,10166
20180423,15,260,40,50,90,154,58,9,191,10164
20180423,16,260,60,40,110,151,52,10,156,10165
20180423,17,250,40,50,90,144,50,10,100,10162
20180423,18,260,30,50,80,135,54,10,33,10160
20180423,19,250,30,30,80,124,56,2,5,10161
20180423,20,250,30,30,70,116,61,0,0,10162
20180423,21,240,30,40,70,110,67,0,0,10161
20180423,22,230,40,50,80,106,70,0,0,10163
20180423,23,220,50,50,90,104,64,0,0,10157
20180423,24,220,50,50,90,97,64,0,0,10153
20180424,1,210,50,50,110,97,65,0,0,10147
20180424,2,210,50,60,90,101,66,0,0,10144
20180424,3,230,50,60,100,104,67,0,0,10145
20180424,4,230,50,50,100,104,69,0,0,10146
20180424,5,230,50,50,90,106,74,0,1,10146
20180424,6,220,50,60,100,109,80,0,7,10148
20180424,7,240,50,40,100,113,86,0,20,10153
20180424,8,230,40,40,90,113,92,0,19,10156
20180424,9,230,40,50,80,118,96,0,24,10157
20180424,10,230,40,50,90,133,103,1,59,10156
20180424,11,240,50,60,100,130,95,1,92,10161
20180424,12,250,50,50,100,133,91,0,51,10158
20180424,13,250,40,40,90,141,95,0,99,10155
20180424,14,250,50,50,90,150,85,2,148,10147
20180424,15,240,50,50,90,149,89,1,114,10142
20180424,16,250,40,40,90,146,93,0,58,10136
20180424,17,240,30,30,70,145,98,0,32,10130
20180424,18,210,30,40,70,146,91,0,19,10119
20180424,19,210,40,50,80,145,90,0,3,10115
20180424,20,220,50,50,90,144,87,0,0,10109
20180424,21,220,50,50,90,144,90,0,0,10101
20180424,22,220,60,60,110,138,101,0,0,10093
20180424,23,220,50,60,110,139,102,0,0,10081
20180424,24,230,70,70,120,138,102,0,0,10073
20180425,1,230,70,70,130,136,103,0,0,10069
20180425,2,240,70,80,130,136,103,0,0,10063
20180425,3,240,80,70,160,115,105,0,0,10063
20180425,4,250,60,60,140,117,104,0,0,10065
20180425,5,260,60,50,120,111,100,0,1,10072
20180425,6,280,60,50,110,96,75,0,13,10084
20180425,7,280,40,40,90,100,79,0,44,10094
20180425,8,280,50,50,90,100,73,0,42,10101
20180425,9,290,40,30,90,114,72,1,94,10107
20180425,10,280,40,40,80,110,62,1,101,10117
20180425,11,270,40,40,80,114,65,0,85,10115
20180425,12,270,40,50,90,122,64,2,96,10118
20180425,13,260,40,30,120,122,86,5,161,10121
20180425,14,260,50,60,110,128,55,6,168,10120
20180425,15,270,50,60,100,135,42,7,172,10119
20180425,16,260,60,50,110,139,41,10,177,10114
20180425,17,260,50,40,100,135,42,7,100,10112
20180425,18,240,50,40,100,125,53,10,51,10111
20180425,19,240,50,50,100,113,65,3,8,10114
20180425,20,250,40,30,100,105,67,0,0,10120
20180425,21,250,40,40,90,108,66,0,0,10121
20180425,22,270,40,50,100,92,67,0,0,10117
20180425,23,230,30,40,70,99,74,0,0,10117
20180425,24,240,40,50,90,93,73,0,0,10117
20180426,1,270,50,40,120,79,60,0,0,10115
20180426,2,250,40,40,120,82,59,0,0,10117
20180426,3,260,40,40,80,83,64,0,0,10120
20180426,4,260,40,40,100,84,63,0,0,10124
20180426,5,260,40,40,80,84,62,2,4,10128
20180426,6,260,40,40,90,90,62,8,38,10135
20180426,7,270,50,50,100,98,61,3,59,10142
20180426,8,270,50,50,110,105,58,4,81,10145
20180426,9,270,50,50,110,108,54,7,153,10150
20180426,10,270,50,60,100,115,48,5,148,10153
20180426,11,250,60,60,120,119,55,6,194,10157
20180426,12,260,60,70,120,120,43,6,218,10159
20180426,13,250,70,70,130,133,32,7,204,10161
20180426,14,260,70,80,140,130,35,10,264,10164
20180426,15,260,70,60,130,125,22,10,193,10161
20180426,16,250,50,60,110,129,24,8,124,10160
20180426,17,250,50,50,110,125,26,10,101,10160
20180426,18,250,50,50,110,117,32,8,43,10160
20180426,19,240,40,40,80,108,43,0,5,10162
20180426,20,240,20,20,60,95,47,0,0,10163
20180426,21,240,30,40,90,96,57,0,0,10161
20180426,22,230,40,30,80,93,50,0,0,10160
20180426,23,210,30,30,70,83,53,0,0,10159
20180426,24,210,30,30,50,78,43,0,0,10157
20180427,1,990,30,10,50,61,40,0,0,10149
20180427,2,160,10,20,20,46,37,0,0,10146
20180427,3,170,20,20,40,52,37,0,0,10145
20180427,4,150,20,20,30,44,34,0,0,10140
20180427,5,170,20,20,40,56,34,2,6,10138
20180427,6,150,20,20,40,65,41,5,35,10135
20180427,7,180,20,20,40,81,47,3,69,10131
20180427,8,180,30,30,50,97,51,6,109,10128
20180427,9,160,30,30,50,106,47,0,114,10124
20180427,10,160,30,30,60,115,45,0,110,10121
20180427,11,150,30,30,50,122,43,0,113,10113
20180427,12,130,30,30,70,135,52,3,200,10102
20180427,13,150,30,20,60,131,47,0,85,10101
20180427,14,290,20,20,80,142,30,1,113,10093
20180427,15,20,20,20,40,145,42,4,111,10088
20180427,16,50,30,40,60,141,36,3,76,10081
20180427,17,40,40,40,60,134,40,2,66,10080
20180427,18,40,40,30,60,128,35,0,18,10079
20180427,19,50,40,30,60,120,48,2,4,10076
20180427,20,80,40,40,70,118,48,0,0,10073
20180427,21,80,40,40,60,111,50,0,0,10069
20180427,22,90,40,30,60,108,54,0,0,10064
20180427,23,120,30,20,60,113,54,0,0,10065
20180427,24,140,30,40,60,106,64,0,0,10065
20180428,1,170,20,20,40,102,65,0,0,10063
20180428,2,200,30,30,50,106,69,0,0,10068
20180428,3,210,30,30,50,117,82,0,0,10071
20180428,4,200,30,30,60,112,85,0,0,10073
20180428,5,200,30,30,60,116,86,0,4,10077
20180428,6,210,30,30,70,115,91,0,13,10084
20180428,7,190,30,30,50,117,93,0,24,10088
20180428,8,190,30,30,60,126,90,0,49,10091
20180428,9,210,50,50,80,133,94,0,92,10095
20180428,10,200,50,60,100,140,93,0,128,10097
20180428,11,210,50,50,90,138,87,1,93,10099
20180428,12,200,40,30,80,132,101,0,45,10101
20180428,13,210,40,60,100,142,82,1,68,10102
20180428,14,220,50,60,100,141,80,0,70,10102
20180428,15,220,60,50,110,143,80,1,95,10102
20180428,16,240,40,30,100,143,92,2,66,10104
20180428,17,250,30,30,60,139,89,0,54,10104
20180428,18,260,20,20,50,135,90,8,47,10105
20180428,19,250,20,20,40,127,86,3,11,10109
20180428,20,290,20,20,40,112,83,0,0,10116
20180428,21,290,10,10,30,97,80,0,0,10117
20180428,22,0,10,0,20,75,72,0,0,10117
20180428,23,160,10,10,10,62,61,0,0,10117
20180428,24,160,10,10,10,49,47,0,0,10115
20180429,1,150,10,10,10,42,42,0,0,10113
20180429,2,0,0,0,10,38,38,0,0,10111
20180429,3,0,0,0,10,33,33,0,0,10106
20180429,4,360,10,20,20,36,35,0,0,10105
20180429,5,360,10,10,20,53,50,2,7,10107
20180429,6,10,10,10,20,69,67,0,32,10111
20180429,7,30,20,20,40,88,79,2,63,10103
20180429,8,40,30,20,50,101,89,0,62,10100
20180429,9,40,20,20,40,104,92,0,28,10102
20180429,10,20,20,20,40,107,100,0,30,10099
20180429,11,40,30,30,50,111,105,0,41,10094
20180429,12,30,40,40,60,117,102,0,67,10083
20180429,13,20,40,40,70,116,102,0,45,10073
20180429,14,20,40,40,80,118,98,0,50,10066
20180429,15,20,40,30,80,117,101,0,25,10061
20180429,16,330,30,20,70,120,107,0,12,10054
20180429,17,20,30,40,70,121,107,0,7,10049
20180429,18,20,50,50,90,116,100,0,7,10046
20180429,19,20,50,60,110,113,95,0,2,10045
20180429,20,10,60,50,120,104,94,0,0,10045
20180429,21,10,50,50,100,99,93,0,0,10043
20180429,22,20,50,70,120,95,88,0,0,10023
20180429,23,40,70,70,130,92,85,0,0,10021
20180429,24,30,60,60,130,92,85,0,0,10006
20180430,1,30,50,50,100,92,89,0,0,9993
20180430,2,340,50,30,90,92,87,0,0,9978
20180430,3,340,30,20,70,92,90,0,0,9978
20180430,4,320,20,30,50,94,91,0,0,9971
20180430,5,30,30,30,60,97,92,0,0,9972
20180430,6,320,30,20,80,98,95,0,10,9968
20180430,7,260,10,10,30,101,94,0,12,9972
20180430,8,200,20,30,40,103,98,0,24,9973
20180430,9,200,30,30,60,110,105,0,30,9974
20180430,10,200,40,50,80,115,103,0,33,9976
20180430,11,200,40,40,70,114,103,0,31,9975
20180430,12,180,30,20,60,119,109,0,34,9975
20180430,13,190,30,30,70,129,99,0,90,9973
20180430,14,210,40,40,130,112,91,0,54,9975
20180430,15,200,50,70,130,109,63,0,36,9980
20180430,16,210,70,60,170,112,52,5,105,9982
20180430,17,190,50,50,100,107,49,1,54,9981
20180430,18,190,60,70,120,90,33,3,33,9980
20180430,19,190,50,50,100,75,32,0,5,9981
20180430,20,180,50,50,100,65,36,0,0,9979
20180430,21,190,50,60,90,58,44,0,0,9974
20180430,22,200,50,50,100,67,62,0,0,9971
20180430,23,230,60,70,110,65,54,0,0,9976
20180430,24,240,70,80,140,64,51,0,0,9980
20180501,1,250,80,80,160,57,46,0,0,9990
20180501,2,250,80,70,170,58,47,0,0,10000
20180501,3,260,80,90,150,61,49,0,0,10012
20180501,4,260,80,80,150,60,45,0,0,10026
20180501,5,260,80,90,150,59,43,0,1,10041
20180501,6,260,60,60,150,56,45,0,11,10055
20180501,7,250,50,50,110,61,48,0,20,10066
20180501,8,250,50,50,100,64,50,0,30,10077
20180501,9,260,50,40,110,79,48,1,100,10086
20180501,10,250,60,60,110,89,29,4,192,10093
20180501,11,240,60,60,100,102,25,3,191,10100
20180501,12,260,60,70,120,113,1,8,260,10109
20180501,13,250,60,60,120,116,-10,10,261,10115
20180501,14,270,50,40,100,128,12,10,240,10116
20180501,15,250,50,50,90,121,1,10,174,10118
20180501,16,260,40,40,100,126,-2,10,177,10120
20180501,17,230,40,40,70,121,-65,10,114,10122
20180501,18,240,30,20,70,117,-50,10,69,10120
20180501,19,150,20,20,30,90,28,5,21,10121
20180501,20,150,10,10,20,59,34,0,0,10122
20180501,21,170,10,20,30,54,30,0,0,10124
20180501,22,130,20,10,30,42,31,0,0,10124
20180501,23,130,10,10,30,30,22,0,0,10126
20180501,24,140,10,10,20,29,22,0,0,10124
20180502,1,160,20,20,20,24,21,0,0,10120
20180502,2,150,20,20,30,22,18,0,0,10120
20180502,3,160,30,20,40,36,32,0,0,10118
20180502,4,140,20,20,40,32,28,0,0,10115
20180502,5,150,20,20,40,41,33,0,6,10116
20180502,6,160,20,30,40,70,49,3,40,10117
20180502,7,180,30,40,80,93,51,10,110,10116
20180502,8,180,40,40,80,116,59,10,168,10114
20180502,9,190,60,70,100,125,33,10,221,10112
20180502,10,190,70,80,120,131,15,10,271,10108
20180502,11,180,70,70,110,140,16,9,256,10105
20180502,12,200,70,70,110,150,28,10,307,10101
20180502,13,210,60,60,100,157,30,10,291,10094
20180502,14,180,70,70,130,162,39,10,268,10087
20180502,15,210,70,70,120,165,33,10,230,10083
20180502,16,200,70,60,110,168,27,10,172,10082
20180502,17,200,60,50,130,159,34,5,86,10083
20180502,18,220,60,70,110,148,33,3,25,10090
20180502,19,210,60,50,120,135,51,2,6,10095
20180502,20,210,40,40,90,119,74,0,0,10104
20180502,21,220,50,40,90,113,87,0,0,10106
20180502,22,230,40,40,80,114,90,0,0,10106
20180502,23,260,40,30,80,102,80,0,0,10116
20180502,24,270,20,20,50,89,69,0,0,10124
20180503,1,270,10,10,30,76,63,0,0,10129
20180503,2,280,10,10,30,71,59,0,0,10135
20180503,3,280,20,20,40,74,59,0,0,10141
20180503,4,290,20,10,40,58,49,0,0,10148
20180503,5,270,10,10,20,56,52,3,9,10158
20180503,6,290,10,20,40,97,60,10,51,10167
20180503,7,320,20,30,50,108,55,10,118,10173
20180503,8,320,30,40,60,114,44,10,169,10177
20180503,9,300,30,40,60,123,46,10,220,10182
20180503,10,310,40,40,80,133,29,10,265,10185
20180503,11,280,40,40,80,139,37,10,302,10190
20180503,12,310,40,30,80,141,25,10,268,10193
20180503,13,330,40,30,70,146,19,10,289,10195
20180503,14,300,30,30,60,149,26,10,272,10197
20180503,15,330,30,40,70,148,20,10,233,10198
20180503,16,350,30,30,60,145,17,10,182,10198
20180503,17,320,30,30,60,143,13,10,122,10200
20180503,18,350,30,20,60,134,22,10,62,10209
20180503,19,40,30,30,50,109,27,5,16,10216
20180503,20,30,20,20,40,98,36,0,0,10223
20180503,21,20,20,20,30,90,40,0,0,10224
20180503,22,40,10,10,40,57,44,0,0,10224
20180503,23,60,10,10,20,45,40,0,0,10226
20180503,24,50,10,10,20,41,37,0,0,10226
20180504,1,40,10,10,20,41,36,0,0,10228
20180504,2,60,10,10,20,34,30,0,0,10229
20180504,3,90,10,10,20,31,27,0,0,10231
20180504,4,50,10,10,20,24,20,0,0,10230
20180504,5,60,10,10,20,42,38,3,10,10234
20180504,6,60,10,10,20,78,38,10,53,10241
20180504,7,80,10,10,20,117,40,10,111,10241
20180504,8,90,10,10,20,138,44,10,169,10241
20180504,9,60,10,20,60,148,38,10,221,10241
20180504,10,990,20,10,40,160,43,10,262,10241
20180504,11,30,20,20,50,168,46,10,288,10238
20180504,12,40,20,30,60,167,31,10,298,10238
20180504,13,70,20,30,80,174,55,10,290,10240
20180504,14,30,20,30,60,178,53,10,267,10236
20180504,15,20,40,30,80,177,39,10,230,10237
20180504,16,20,50,60,80,168,43,10,180,10241
20180504,17,20,50,40,80,168,34,10,124,10240
20180504,18,30,50,40,80,156,44,10,65,10243
20180504,19,30,30,30,70,143,51,5,18,10246
20180504,20,20,30,30,60,128,63,0,0,10252
20180504,21,10,30,30,50,119,74,0,0,10255
20180504,22,30,30,20,50,107,76,0,0,10256
20180504,23,40,30,20,40,98,64,0,0,10259
20180504,24,60,20,20,40,86,55,0,0,10260
20180505,1,50,20,20,40,82,54,0,0,10261
20180505,2,30,20,20,30,77,53,0,0,10259
20180505,3,50,20,20,30,59,49,0,0,10259
20180505,4,50,20,20,40,60,44,0,0,10258
20180505,5,80,10,10,20,69,46,5,11,10258
20180505,6,50,20,20,40,93,50,10,55,10265
20180505,7,60,20,20,40,120,56,10,111,10268
20180505,8,60,20,20,40,154,68,10,170,10266
20180505,9,90,30,30,60,173,61,10,223,10266
20180505,10,90,50,50,80,184,72,10,264,10262
20180505,11,80,60,60,90,192,47,10,292,10259
20180505,12,50,50,40,90,201,55,10,303,10254
20180505,13,70,40,40,80,209,61,10,294,10250
20180505,14,70,40,50,80,213,59,10,271,10244
20180505,15,80,40,40,80,218,52,10,233,10239
20180505,16,80,40,40,70,217,59,10,183,10237
20180505,17,80,40,40,70,212,64,10,126,10234
20180505,18,90,40,40,60,197,63,10,66,10236
20180505,19,80,30,30,60,178,62,5,18,10238
20180505,20,50,20,30,40,160,61,0,0,10243
20180505,21,40,20,20,30,115,80,0,0,10247
20180505,22,60,20,30,30,110,69,0,0,10246
20180505,23,50,20,20,40,115,59,0,0,10248
20180505,24,50,20,20,30,116,51,0,0,10245
20180506,1,70,20,10,40,92,57,0,0,10244
20180506,2,90,20,20,40,93,43,0,0,10241
20180506,3,90,20,20,40,89,41,0,0,10239
20180506,4,60,20,20,30,67,49,0,0,10239
20180506,5,50,10,10,20,86,60,5,13,10240
20180506,6,40,10,10,20,123,55,10,59,10245
20180506,7,80,20,30,40,149,68,10,118,10245
20180506,8,140,20,30,40,172,70,10,176,10244
20180506,9,100,20,20,40,198,87,10,228,10242
20180506,10,110,30,30,50,212,93,10,269,10238
20180506,11,130,30,30,60,228,108,10,295,10234
20180506,12,140,30,40,70,235,98,10,304,10230
20180506,13,160,40,40,60,243,109,10,298,10224
20180506,14,100,30,30,50,250,90,10,275,10218
20180506,15,100,30,30,60,256,87,10,237,10213
20180506,16,110,40,40,70,252,76,10,187,10209
20180506,17,120,40,50,80,245,69,10,130,10204
20180506,18,100,50,50,70,231,72,10,70,10205
20180506,19,80,30,30,70,210,75,5,20,10207
20180506,20,70,20,20,40,163,91,0,0,10209
20180506,21,80,20,20,40,138,98,0,0,10211
20180506,22,80,20,20,50,136,93,0,0,10211
20180506,23,70,20,20,50,140,91,0,0,10211
20180506,24,90,20,20,30,122,93,0,0,10210
20180507,1,100,30,20,40,116,89,0,0,10208
20180507,2,110,30,20,40,105,87,0,0,10208
20180507,3,100,20,20,30,97,85,0,0,10207
20180507,4,100,10,20,30,87,83,0,0,10204
20180507,5,90,20,10,20,115,92,5,14,10204
20180507,6,100,20,20,30,157,107,10,59,10203
20180507,7,110,20,30,50,175,96,10,119,10203
20180507,8,120,30,40,60,193,86,10,177,10200
20180507,9,140,30,20,50,208,99,10,229,10199
20180507,10,70,20,20,50,225,96,10,268,10194
20180507,11,110,30,20,60,232,88,10,297,10190
20180507,12,140,30,30,60,248,107,10,304,10184
20180507,13,160,40,40,80,240,83,10,299,10180
20180507,14,140,30,30,70,244,102,10,274,10173
20180507,15,120,30,30,80,250,89,10,235,10168
20180507,16,160,30,30,60,248,85,10,184,10163
20180507,17,160,30,20,60,244,86,10,126,10159
20180507,18,160,20,20,40,237,86,10,65,10156
20180507,19,60,20,10,30,199,109,7,18,10156
20180507,20,70,10,20,20,153,131,0,0,10157
20180507,21,50,20,20,20,134,116,0,0,10154
20180507,22,70,20,20,40,129,102,0,0,10153
20180507,23,80,30,30,40,151,84,0,0,10150
20180507,24,110,20,20,40,134,90,0,0,10145
20180508,1,100,20,20,30,115,92,0,0,10140
20180508,2,120,20,20,30,113,89,0,0,10136
20180508,3,110,20,20,30,100,87,0,0,10131
20180508,4,120,20,20,30,99,84,0,0,10129
20180508,5,120,20,10,30,132,90,5,14,10126
20180508,6,130,20,20,40,164,103,10,59,10126
20180508,7,140,30,30,60,183,105,10,117,10124
20180508,8,150,40,40,60,199,102,10,175,10121
20180508,9,120,30,40,60,216,124,10,226,10117
20180508,10,150,30,20,50,234,117,10,267,10110
20180508,11,150,30,30,50,248,96,10,295,10102
20180508,12,120,40,50,90,256,87,10,305,10096
20180508,13,150,40,40,80,259,86,10,298,10092
20180508,14,150,30,30,80,265,85,10,270,10087
20180508,15,130,40,40,80,261,82,10,229,10082
20180508,16,130,30,30,60,258,91,10,179,10079
20180508,17,120,20,20,40,255,86,10,123,10076
20180508,18,120,20,20,30,245,103,10,65,10074
20180508,19,80,10,10,20,202,122,7,18,10074
20180508,20,70,10,10,20,161,125,0,0,10077
20180508,21,330,20,30,50,190,116,0,0,10080
20180508,22,330,20,20,40,167,118,0,0,10079
20180508,23,20,10,10,30,134,115,0,0,10076
20180508,24,20,10,10,20,118,107,0,0,10073
20180509,1,10,10,10,10,113,105,0,0,10071
20180509,2,90,10,10,30,106,101,0,0,10069
20180509,3,340,10,20,40,105,91,0,0,10074
20180509,4,0,10,0,30,102,92,0,0,10076
20180509,5,10,10,10,30,124,113,5,16,10075
20180509,6,990,10,10,30,167,114,7,53,10075
20180509,7,100,10,10,30,191,121,10,108,10074
20180509,8,130,20,40,50,208,112,10,169,10073
20180509,9,190,30,30,60,229,118,10,221,10074
20180509,10,210,30,30,50,240,109,10,259,10074
20180509,11,220,30,30,50,246,123,10,280,10072
20180509,12,270,20,30,50,250,120,10,285,10069
20180509,13,290,30,40,60,244,119,10,280,10067
20180509,14,290,30,40,60,252,104,10,260,10062
20180509,15,300,30,30,60,242,102,10,211,10060
20180509,16,310,30,40,70,218,130,10,169,10064
20180509,17,310,40,30,70,205,122,10,125,10064
20180509,18,310,30,30,60,189,119,8,50,10063
20180509,19,310,20,20,50,174,118,3,11,10065
20180509,20,310,20,30,50,162,111,0,0,10067
20180509,21,310,20,20,40,149,115,0,0,10072
20180509,22,300,20,20,50,138,111,0,0,10072
20180509,23,280,20,30,40,132,106,0,0,10070
20180509,24,310,30,20,50,120,103,0,0,10069
20180510,1,270,20,20,60,121,104,0,0,10070
20180510,2,260,30,30,60,127,99,0,0,10071
20180510,3,280,30,20,60,129,97,0,0,10071
20180510,4,220,20,30,50,124,94,0,0,10076
20180510,5,250,20,20,50,116,96,0,1,10078
20180510,6,230,20,20,50,112,100,0,6,10082
20180510,7,220,20,20,40,114,103,0,11,10087
20180510,8,220,30,30,50,120,103,0,48,10093
20180510,9,230,30,30,60,127,107,0,75,10099
20180510,10,230,20,30,50,140,116,0,62,10104
20180510,11,280,40,40,80,149,110,4,178,10113
20180510,12,310,50,50,110,149,103,2,167,10125
20180510,13,310,50,60,100,158,85,7,236,10137
20180510,14,310,50,50,100,156,78,7,227,10146
20180510,15,320,50,50,90,162,69,8,180,10154
20180510,16,290,50,40,100,141,82,8,163,10166
20180510,17,300,40,30,80,138,85,6,83,10174
20180510,18,310,40,30,70,128,77,10,63,10183
20180510,19,300,30,30,70,114,66,7,24,10191
20180510,20,330,10,10,40,91,67,0,1,10200
20180510,21,310,10,20,20,80,65,0,0,10206
20180510,22,290,20,20,30,80,61,0,0,10209
20180510,23,290,20,20,30,72,65,0,0,10209
20180510,24,290,10,10,20,53,52,0,0,10212
20180511,1,0,10,0,20,42,42,0,0,10215
20180511,2,280,10,10,10,37,36,0,0,10215
20180511,3,320,10,10,10,30,29,0,0,10214
20180511,4,0,10,0,20,28,27,0,0,10211
20180511,5,100,10,10,10,48,45,7,19,10213
20180511,6,50,10,10,20,90,60,10,64,10213
20180511,7,80,20,30,50,119,60,10,118,10212
20180511,8,110,30,30,60,121,66,10,159,10211
20180511,9,140,20,20,50,141,73,9,210,10206
20180511,10,110,20,20,50,153,72,8,229,10201
20180511,11,150,30,30,60,161,65,10,305,10196
20180511,12,140,30,20,70,167,68,10,308,10189
20180511,13,140,30,30,60,174,81,10,290,10185
20180511,14,150,30,30,60,183,84,9,241,10179
20180511,15,130,30,40,70,180,78,8,206,10175
20180511,16,150,30,30,60,186,86,9,153,10168
20180511,17,140,30,40,60,179,81,8,103,10165
20180511,18,120,30,30,60,172,83,5,45,10161
20180511,19,90,20,20,50,150,93,3,11,10161
20180511,20,70,20,20,30,124,94,0,0,10164
20180511,21,90,20,20,40,119,89,0,0,10165
20180511,22,100,20,20,30,120,84,0,0,10165
20180511,23,100,20,20,40,116,79,0,0,10161
20180511,24,100,20,20,30,108,78,0,0,10159
20180512,1,110,20,20,30,106,75,0,0,10156
20180512,2,110,20,10,30,90,75,0,0,10153
20180512,3,130,10,10,20,79,70,0,0,10154
20180512,4,110,10,20,20,73,71,0,0,10152
20180512,5,110,20,20,30,99,80,7,18,10152
20180512,6,130,20,20,30,143,97,10,83,10152
20180512,7,120,10,10,30,155,111,2,71,10154
20180512,8,160,20,20,40,167,111,0,103,10155
20180512,9,130,30,30,50,182,109,2,152,10150
20180512,10,130,20,30,50,195,101,1,152,10147
20180512,11,130,30,30,60,202,80,4,199,10143
20180512,12,130,30,40,60,207,88,5,229,10139
20180512,13,130,40,50,70,222,76,5,253,10134
20180512,14,140,40,40,80,223,88,7,251,10127
20180512,15,150,40,40,60,226,77,10,210,10122
20180512,16,150,40,40,60,226,90,9,156,10117
20180512,17,90,40,40,70,216,90,3,79,10112
20180512,18,90,30,30,60,208,85,0,34,10106
20180512,19,90,30,40,60,195,87,3,13,10108
20180512,20,80,30,30,50,185,86,0,0,10110
20180512,21,80,30,30,50,173,88,0,0,10108
20180512,22,70,30,40,60,170,86,0,0,10105
20180512,23,90,40,40,70,171,104,0,0,10105
20180512,24,90,40,30,70,163,114,0,0,10100
20180513,1,90,30,30,50,153,117,0,0,10097
20180513,2,990,20,10,40,139,118,0,0,10099
20180513,3,100,0,10,20,124,116,0,0,10099
20180513,4,100,10,10,20,123,117,0,0,10101
20180513,5,200,20,20,50,149,124,0,12,10104
20180513,6,260,40,40,90,151,114,0,48,10111
20180513,7,280,40,40,80,148,111,0,45,10118
20180513,8,310,30,30,70,138,114,0,29,10117
20180513,9,260,30,30,60,144,115,0,84,10124
20180513,10,280,40,40,70,143,111,0,96,10127
20180513,11,270,30,30,60,141,109,0,74,10132
20180513,12,280,30,30,60,142,110,0,55,10130
20180513,13,280,30,20,60,140,108,0,59,10139
20180513,14,300,30,40,70,131,109,0,52,10135
20180513,15,310,30,30,70,126,113,0,48,10139
20180513,16,310,30,30,70,126,118,0,35,10137
20180513,17,310,30,30,70,122,112,0,27,10139
20180513,18,320,30,30,60,120,108,0,23,10142
20180513,19,300,30,30,60,117,109,0,2,10139
20180513,20,300,30,30,70,115,108,0,0,10137
20180513,21,310,30,30,70,114,106,0,0,10135
20180513,22,340,20,10,60,115,106,0,0,10142
20180513,23,330,20,20,50,114,106,0,0,10141
20180513,24,320,30,30,50,113,104,0,0,10136
20180514,1,330,30,20,50,112,105,0,0,10131
20180514,2,340,20,30,50,113,107,0,0,10133
20180514,3,330,20,30,50,113,109,0,0,10134
20180514,4,330,30,20,60,113,113,0,0,10131
20180514,5,330,30,30,60,117,117,0,4,10132
20180514,6,340,30,30,60,123,123,0,14,10131
20180514,7,340,40,30,60,127,124,0,30,10134
20180514,8,350,30,30,60,135,132,0,42,10136
20180514,9,350,30,40,60,166,151,4,143,10133
20180514,10,10,40,40,70,204,149,10,267,10132
20180514,11,30,40,40,70,215,153,10,291,10133
20180514,12,40,50,60,80,229,140,10,302,10135
20180514,13,50,50,40,80,242,141,10,294,10133
20180514,14,40,50,50,80,253,142,10,272,10131
20180514,15,60,50,50,90,257,104,10,237,10130
20180514,16,70,50,40,80,255,112,10,185,10129
20180514,17,70,50,50,90,252,98,10,126,10131
20180514,18,40,40,40,80,245,109,10,72,10133
20180514,19,20,30,30,70,233,116,8,23,10137
20180514,20,20,30,30,60,216,129,0,1,10144
20180514,21,20,30,30,60,206,126,0,0,10146
20180514,22,360,30,30,50,194,133,0,0,10147
20180514,23,350,30,30,60,184,139,0,0,10148
20180514,24,20,30,30,50,179,140,0,0,10148
20180515,1,10,30,20,50,171,136,0,0,10148
20180515,2,50,20,20,40,154,127,0,0,10150
20180515,3,50,20,20,30,145,120,0,0,10150
20180515,4,60,20,20,40,126,108,0,0,10153
20180515,5,50,30,30,50,148,111,7,18,10158
20180515,6,60,30,30,50,165,110,10,62,10161
20180515,7,80,30,40,60,189,102,10,121,10167
20180515,8,50,30,20,50,208,95,10,178,10169
20180515,9,90,40,50,80,219,95,10,229,10170
20180515,10,50,40,30,80,226,57,10,267,10171
20180515,11,70,40,30,80,230,36,10,295,10168
20180515,12,50,40,40,80,235,57,10,304,10166
20180515,13,40,40,40,70,235,65,10,269,10163
20180515,14,50,40,40,90,240,68,10,276,10161
20180515,15,20,40,40,80,231,67,8,203,10158
20180515,16,360,50,60,100,235,82,10,181,10155
20180515,17,360,60,50,100,231,85,10,128,10154
20180515,18,360,50,40,90,217,102,10,71,10154
20180515,19,360,40,40,70,204,94,8,24,10156
20180515,20,360,30,20,60,182,105,0,1,10162
20180515,21,350,30,30,50,170,127,0,0,10165
20180515,22,360,30,30,50,159,124,0,0,10163
20180515,23,360,30,20,50,151,108,0,0,10164
20180515,24,360,20,20,40,143,107,0,0,10162
20180516,1,350,30,30,50,143,110,0,0,10163
20180516,2,340,30,20,40,134,113,0,0,10162
20180516,3,330,20,30,40,135,110,0,0,10162
20180516,4,340,20,20,40,144,110,0,0,10161
20180516,5,340,20,20,40,152,129,0,12,10164
20180516,6,10,30,40,60,166,134,0,28,10169
20180516,7,20,40,50,80,167,128,0,34,10177
20180516,8,10,30,30,60,164,133,0,34,10179
20180516,9,360,30,30,60,184,139,1,106,10183
20180516,10,350,30,30,60,203,140,5,222,10185
20180516,11,330,40,40,80,199,138,3,202,10186
20180516,12,340,50,60,100,192,129,8,298,10188
20180516,13,350,60,70,110,186,128,4,222,10191
20180516,14,360,70,80,120,182,115,7,238,10193
20180516,15,350,70,80,130,171,113,5,178,10195
20180516,16,360,80,90,140,155,104,6,140,10198
20180516,17,360,80,80,140,144,101,6,92,10201
20180516,18,360,70,70,140,137,101,0,31,10207
20180516,19,10,70,60,140,134,90,2,12,10214
20180516,20,10,60,70,140,122,79,0,1,10220
20180516,21,10,60,50,110,116,69,0,0,10225
20180516,22,10,40,30,90,113,69,0,0,10227
20180516,23,350,30,40,80,115,75,0,0,10227
20180516,24,350,40,40,80,110,70,0,0,10228
20180517,1,330,30,40,70,102,75,0,0,10226
20180517,2,330,40,40,70,100,70,0,0,10226
20180517,3,330,40,40,70,96,67,0,0,10226
20180517,4,340,30,30,60,92,65,0,1,10227
20180517,5,330,30,40,70,97,65,0,16,10230
20180517,6,330,40,40,70,101,64,2,41,10231
20180517,7,330,40,40,80,111,66,3,78,10232
20180517,8,340,50,50,90,117,60,7,160,10235
20180517,9,340,60,50,100,125,59,8,221,10236
20180517,10,350,50,60,100,136,55,9,246,10236
20180517,11,360,50,50,90,141,52,10,297,10236
20180517,12,360,60,50,100,144,56,10,314,10233
20180517,13,360,50,50,100,146,62,10,305,10234
20180517,14,360,60,50,110,145,61,10,283,10234
20180517,15,350,60,60,100,140,55,10,226,10234
20180517,16,350,50,50,110,140,55,10,176,10233
20180517,17,350,50,50,90,123,55,10,138,10234
20180517,18,340,50,50,100,119,52,10,82,10234
20180517,19,330,50,50,90,107,53,8,31,10237
20180517,20,340,40,30,80,97,53,0,2,10239
20180517,21,340,30,30,70,92,53,0,0,10240
20180517,22,330,30,20,60,90,54,0,0,10240
20180517,23,330,30,30,60,86,54,0,0,10239
20180517,24,330,30,40,70,85,52,0,0,10238
20180518,1,330,30,30,60,83,52,0,0,10234
20180518,2,330,30,30,60,85,53,0,0,10234
20180518,3,330,30,30,60,84,51,0,0,10231
20180518,4,330,30,30,60,87,50,0,0,10232
20180518,5,320,30,40,70,89,49,0,11,10233
20180518,6,330,30,30,70,93,49,0,37,10237
20180518,7,350,30,40,70,98,48,1,55,10241
20180518,8,340,30,40,60,113,51,2,116,10239
20180518,9,330,40,40,80,125,54,5,180,10241
20180518,10,300,40,40,70,125,52,4,199,10239
20180518,11,320,30,40,60,130,57,1,177,10238
20180518,12,350,40,40,70,129,56,3,215,10236
20180518,13,330,40,30,80,133,62,3,202,10235
20180518,14,330,30,40,70,136,57,4,198,10233
20180518,15,330,40,40,70,139,60,2,122,10231
20180518,16,320,40,40,70,133,57,4,128,10232
20180518,17,340,40,40,70,120,55,7,91,10232
20180518,18,340,40,30,70,115,51,7,60,10233
20180518,19,330,30,30,60,108,53,5,16,10233
20180518,20,340,30,30,60,103,49,0,1,10234
20180518,21,320,30,30,60,102,52,0,0,10234
20180518,22,340,20,20,50,101,60,0,0,10234
20180518,23,340,30,20,50,98,59,0,0,10231
20180518,24,360,20,20,40,97,61,0,0,10230
20180519,1,320,20,20,30,96,66,0,0,10230
20180519,2,290,20,20,40,92,70,0,0,10229
20180519,3,280,20,20,40,91,74,0,0,10227
20180519,4,280,20,20,40,89,79,0,0,10227
20180519,5,310,20,20,40,94,77,0,3,10229
20180519,6,320,20,20,40,99,74,0,11,10231
20180519,7,320,20,30,40,102,73,0,32,10236
20180519,8,300,20,20,40,109,74,0,60,10236
20180519,9,320,20,20,40,117,81,0,91,10237
20180519,10,320,30,20,40,123,85,0,116,10239
20180519,11,310,30,30,50,123,86,0,127,10239
20180519,12,310,30,30,50,127,92,0,159,10238
20180519,13,290,30,30,50,133,94,1,168,10236
20180519,14,290,30,20,50,132,97,0,97,10236
20180519,15,320,20,20,40,135,93,0,65,10233
20180519,16,320,10,10,30,139,93,0,56,10231
20180519,17,280,10,10,20,140,98,0,36,10228
20180519,18,360,10,10,20,138,95,0,16,10228
20180519,19,0,10,0,10,136,97,0,10,10228
20180519,20,0,10,0,10,124,103,0,1,10233
20180519,21,20,10,10,30,101,90,0,0,10235
20180519,22,320,10,10,10,79,77,0,0,10239
20180519,23,0,10,0,10,70,68,0,0,10239
20180519,24,0,10,0,10,62,60,0,0,10237
20180520,1,360,10,10,10,54,54,0,0,10237
20180520,2,30,10,10,20,49,47,0,0,10235
20180520,3,350,10,10,20,65,65,0,0,10237
20180520,4,10,10,10,30,64,64,0,1,10235
20180520,5,30,10,10,20,74,71,0,18,10236
20180520,6,40,10,20,20,100,91,3,59,10239
20180520,7,70,10,10,20,141,90,10,120,10239
20180520,8,80,30,20,50,165,92,10,180,10239
20180520,9,80,20,20,50,180,67,10,234,10238
20180520,10,90,20,20,60,192,62,10,273,10235
20180520,11,90,30,30,70,200,73,10,299,10231
20180520,12,70,30,30,60,210,80,10,307,10226
20180520,13,90,30,30,70,223,93,10,298,10219
20180520,14,130,30,40,70,230,93,10,273,10212
20180520,15,100,30,20,80,237,99,10,239,10204
20180520,16,100,30,20,70,241,99,10,192,10199
20180520,17,80,30,40,60,229,104,8,103,10195
20180520,18,20,40,50,70,207,122,8,60,10195
20180520,19,30,30,30,70,192,126,8,25,10197
20180520,20,10,20,20,50,171,127,0,2,10201
20180520,21,30,10,10,30,130,116,0,0,10202
20180520,22,70,10,10,30,120,111,0,0,10201
20180520,23,30,20,20,40,114,95,0,0,10197
20180520,24,40,10,20,30,97,91,0,0,10193
20180521,1,80,20,20,40,103,78,0,0,10191
20180521,2,60,30,20,40,114,62,0,0,10189
20180521,3,50,20,20,40,102,59,0,0,10187
20180521,4,60,20,20,40,95,60,0,1,10184
20180521,5,60,20,20,40,127,64,8,24,10181
20180521,6,80,30,30,60,151,69,10,74,10178
20180521,7,90,40,40,60,180,78,10,134,10176
20180521,8,80,40,40,60,193,83,8,157,10172
20180521,9,100,40,30,70,214,92,10,238,10168
20180521,10,90,40,50,70,229,90,9,271,10161
20180521,11,80,60,50,110,241,81,9,304,10153
20180521,12,110,60,60,130,249,74,10,314,10146
20180521,13,110,60,70,110,241,49,7,260,10143
20180521,14,130,40,40,100,234,77,0,88,10139
20180521,15,140,30,30,60,233,83,0,63,10134
20180521,16,90,40,50,70,249,86,6,138,10128
20180521,17,70,40,40,80,247,69,10,148,10125
20180521,18,70,40,50,80,240,77,10,84,10123
20180521,19,70,40,30,70,225,82,8,23,10124
20180521,20,60,30,30,50,205,83,0,3,10126
20180521,21,60,30,30,50,204,94,0,0,10126
20180521,22,80,30,40,60,203,93,0,0,10125
20180521,23,100,30,20,60,180,93,0,0,10123
20180521,24,90,20,20,30,158,107,0,0,10121
20180522,1,30,10,10,20,153,114,0,0,10120
20180522,2,50,10,20,20,149,117,0,0,10122
20180522,3,360,10,10,20,147,120,0,0,10122
20180522,4,50,20,20,40,148,114,0,0,10123
20180522,5,50,20,30,40,154,114,0,9,10128
20180522,6,20,20,20,40,162,113,0,23,10129
20180522,7,20,20,20,30,173,121,0,51,10131
20180522,8,60,20,10,30,204,134,5,136,10131
20180522,9,50,20,30,50,212,126,3,157,10131
20180522,10,30,40,50,70,217,113,10,281,10131
20180522,11,50,30,30,80,232,101,10,313,10130
20180522,12,360,30,30,60,233,107,7,281,10129
20180522,13,330,40,40,90,214,123,0,114,10132
20180522,14,340,40,30,70,212,108,0,70,10132
20180522,15,330,30,40,70,213,107,0,89,10132
20180522,16,330,30,30,70,213,108,0,47,10135
20180522,17,120,30,40,70,184,124,0,12,10144
20180522,18,320,20,10,40,175,149,0,14,10144
20180522,19,20,20,30,50,182,137,0,11,10147
20180522,20,10,30,30,60,187,116,0,1,10153
20180522,21,170,20,20,40,167,136,0,0,10160
20180522,22,340,10,20,30,153,132,0,0,10161
20180522,23,0,10,0,30,149,135,0,0,10165
20180522,24,100,10,20,30,149,127,0,0,10166
20180523,1,80,10,10,20,146,131,0,0,10170
20180523,2,40,10,10,20,145,137,0,0,10174
20180523,3,340,10,20,30,148,134,0,0,10175
20180523,4,10,20,20,40,157,128,0,1,10178
20180523,5,20,20,20,50,159,128,0,8,10183
20180523,6,30,30,20,50,152,137,0,5,10192
20180523,7,350,20,20,40,155,141,0,17,10196
20180523,8,20,30,30,50,162,139,0,40,10198
20180523,9,50,20,20,50,179,145,1,108,10202
20180523,10,60,30,30,60,198,136,1,170,10204
20180523,11,40,30,40,60,199,130,1,143,10208
20180523,12,20,30,30,50,202,139,0,124,10207
20180523,13,60,30,30,60,213,140,0,113,10207
20180523,14,20,20,10,50,221,149,0,113,10203
20180523,15,70,20,30,60,250,123,7,210,10196
20180523,16,70,40,50,110,246,100,5,137,10196
20180523,17,70,50,40,80,235,96,2,70,10197
20180523,18,80,50,50,90,228,95,2,39,10201
20180523,19,70,40,40,70,216,89,10,24,10207
20180523,20,50,30,30,60,198,91,0,3,10211
20180523,21,40,30,30,40,189,88,0,0,10213
20180523,22,50,40,40,60,182,95,0,0,10214
20180523,23,40,40,40,70,173,101,0,0,10216
20180523,24,40,40,40,60,165,101,0,0,10214
20180524,1,50,40,40,60,156,97,0,0,10212
20180524,2,40,30,30,50,145,96,0,0,10212
20180524,3,50,30,40,50,139,92,0,0,10208
20180524,4,40,30,20,50,134,92,0,2,10206
20180524,5,50,30,40,60,149,92,8,24,10206
20180524,6,60,30,40,60,164,101,7,66,10207
20180524,7,70,30,30,70,176,97,8,110,10206
20180524,8,40,20,30,50,177,103,0,52,10205
20180524,9,30,20,20,50,181,110,0,63,10201
20180524,10,40,20,20,40,208,128,1,129,10198
20180524,11,90,30,20,40,187,143,1,95,10195
20180524,12,990,20,10,40,191,146,0,98,10192
20180524,13,150,10,10,20,202,152,0,89,10185
20180524,14,60,10,30,60,212,140,0,47,10180
20180524,15,100,20,20,50,219,152,0,60,10174
20180524,16,90,40,50,90,224,136,1,101,10171
20180524,17,90,40,30,80,218,146,0,58,10170
20180524,18,100,50,50,90,205,140,0,20,10170
20180524,19,90,40,60,80,200,143,5,16,10172
20180524,20,90,50,40,90,190,144,0,3,10174
20180524,21,90,30,30,60,184,145,0,0,10176
20180524,22,90,40,40,70,184,146,0,0,10174
20180524,23,90,40,30,70,179,148,0,0,10175
20180524,24,90,40,30,60,179,147,0,0,10173
20180525,1,90,40,30,60,175,148,0,0,10171
20180525,2,100,40,30,60,170,148,0,0,10170
20180525,3,110,30,20,50,163,148,0,0,10171
20180525,4,90,20,20,30,160,146,0,2,10173
20180525,5,90,20,20,30,168,149,7,25,10174
20180525,6,130,20,30,40,179,151,8,62,10176
20180525,7,140,30,20,50,183,156,2,73,10180
20180525,8,120,20,20,40,201,154,5,144,10183
20180525,9,120,20,20,40,221,154,10,230,10182
20180525,10,130,30,30,60,231,154,10,271,10182
20180525,11,180,30,30,50,241,157,8,283,10180
20180525,12,150,20,30,50,247,148,8,295,10180
20180525,13,160,20,30,70,250,133,6,243,10180
20180525,14,170,20,20,50,257,137,8,233,10179
20180525,15,30,20,30,50,252,154,5,180,10179
20180525,16,360,30,20,50,259,151,6,158,10178
20180525,17,70,30,50,80,241,155,7,102,10175
20180525,18,70,40,40,80,238,160,5,50,10179
20180525,19,50,40,30,70,219,164,10,27,10181
20180525,20,40,30,30,50,203,164,0,2,10187
20180525,21,50,20,10,40,184,163,0,0,10189
20180525,22,30,10,10,20,168,159,0,0,10192
20180525,23,40,20,20,30,177,160,0,0,10192
20180525,24,50,20,10,30,168,157,0,0,10192
20180526,1,40,10,10,30,159,151,0,0,10193
20180526,2,40,20,20,40,163,149,0,0,10191
20180526,3,60,20,20,40,155,143,0,0,10189
20180526,4,50,10,10,30,148,139,0,1,10191
20180526,5,80,10,20,30,169,142,0,20,10196
20180526,6,80,20,20,40,193,155,5,68,10200
20180526,7,100,20,20,50,216,155,10,114,10200
20180526,8,90,30,30,60,236,158,10,166,10201
20180526,9,100,30,30,70,254,158,10,217,10201
20180526,10,80,40,40,70,263,159,10,257,10201
20180526,11,120,40,40,70,270,145,9,267,10200
20180526,12,80,40,50,80,271,139,9,278,10200
20180526,13,130,40,40,70,284,147,8,266,10198
20180526,14,130,40,50,70,274,134,10,293,10195
20180526,15,120,40,40,70,287,135,10,239,10192
20180526,16,110,40,40,70,282,125,9,174,10190
20180526,17,80,30,30,60,276,134,9,135,10190
20180526,18,80,40,40,70,267,128,0,47,10190
20180526,19,70,40,40,60,256,119,10,29,10193
20180526,20,50,30,30,50,235,119,0,3,10196
20180526,21,50,30,30,50,221,123,0,0,10198
20180526,22,60,40,40,60,219,115,0,0,10200
20180526,23,60,40,40,60,212,116,0,0,10200
20180526,24,60,40,40,60,202,115,0,0,10196
20180527,1,70,40,40,60,197,112,0,0,10193
20180527,2,60,40,40,70,189,112,0,0,10191
20180527,3,70,40,40,60,187,114,0,0,10190
20180527,4,80,40,40,70,186,115,0,2,10188
20180527,5,60,30,30,60,185,118,0,11,10190
20180527,6,60,40,40,70,190,122,1,36,10189
20180527,7,70,40,40,70,211,132,9,110,10190
20180527,8,80,50,50,90,227,139,10,178,10186
20180527,9,90,40,40,70,243,140,8,214,10186
20180527,10,100,40,50,70,248,134,2,162,10183
20180527,11,100,40,40,70,252,141,1,161,10180
20180527,12,70,30,30,60,229,168,0,55,10178
20180527,13,100,30,30,50,224,171,0,71,10174
20180527,14,140,30,30,50,211,168,0,26,10172
20180527,15,160,30,30,60,210,170,0,23,10174
20180527,16,120,30,30,50,214,165,0,77,10168
20180527,17,140,20,10,40,214,161,0,62,10161
20180527,18,120,10,10,20,211,173,0,30,10165
20180527,19,70,20,30,40,197,168,0,4,10166
20180527,20,100,20,10,40,187,167,0,2,10167
20180527,21,100,10,10,30,172,165,0,0,10173
20180527,22,120,20,20,20,170,163,0,0,10174
20180527,23,20,10,20,20,168,163,0,0,10177
20180527,24,60,10,20,30,153,151,0,0,10177
20180528,1,80,10,10,20,149,146,0,0,10171
20180528,2,40,10,10,20,143,140,0,0,10171
20180528,3,0,10,0,20,136,133,0,0,10174
20180528,4,110,10,10,20,133,130,0,2,10175
20180528,5,80,10,10,20,157,154,7,27,10177
20180528,6,40,10,10,30,185,156,5,66,10180
20180528,7,40,10,20,30,210,161,10,129,10182
20180528,8,80,20,30,40,230,169,10,181,10183
20180528,9,80,30,30,50,251,163,10,230,10184
20180528,10,130,40,40,70,265,167,10,270,10185
20180528,11,150,30,20,60,272,173,10,292,10183
20180528,12,190,20,30,50,274,168,6,254,10181
20180528,13,140,20,20,50,283,165,5,239,10177
20180528,14,150,20,20,40,289,160,8,273,10173
20180528,15,330,20,30,50,250,198,2,90,10170
20180528,16,30,20,30,60,284,156,10,193,10163
20180528,17,20,40,40,80,274,157,9,123,10164
20180528,18,20,40,40,80,259,162,4,56,10167
20180528,19,20,40,40,80,247,164,10,34,10172
20180528,20,10,30,30,70,236,178,0,6,10173
20180528,21,20,30,30,50,229,187,0,0,10169
20180528,22,20,40,30,60,222,175,0,0,10172
20180528,23,20,40,40,60,214,160,0,0,10169
20180528,24,20,40,40,70,206,159,0,0,10162
20180529,1,20,30,30,70,202,162,0,0,10159
20180529,2,30,30,30,50,194,163,0,0,10154
20180529,3,30,30,30,60,189,168,0,0,10148
20180529,4,20,30,30,50,187,172,0,2,10147
20180529,5,20,30,30,60,195,177,7,25,10144
20180529,6,30,30,30,60,209,180,5,69,10143
20180529,7,30,30,40,60,223,184,10,120,10143
20180529,8,40,40,40,60,236,185,10,175,10140
20180529,9,20,30,30,60,254,188,10,225,10135
20180529,10,40,30,20,50,268,192,10,249,10131
20180529,11,50,30,40,70,278,192,10,284,10124
20180529,12,60,30,30,90,293,170,9,285,10118
20180529,13,50,30,30,80,302,170,8,272,10109
20180529,14,60,20,30,50,287,177,1,93,10104
20180529,15,320,40,20,170,211,180,0,21,10111
20180529,16,40,20,10,50,231,197,0,70,10102
20180529,17,240,10,30,70,236,183,0,41,10103
20180529,18,20,30,30,60,197,189,0,8,10113
20180529,19,300,30,20,60,192,183,0,0,10122
20180529,20,190,20,20,50,186,181,0,0,10109
20180529,21,260,20,20,40,181,177,0,0,10120
20180529,22,330,20,20,30,183,179,0,0,10116
20180529,23,200,10,20,30,183,180,0,0,10116
20180529,24,100,10,10,30,183,180,0,0,10120
20180530,1,120,20,20,30,174,171,0,0,10121
20180530,2,150,20,20,30,171,169,0,0,10120
20180530,3,130,20,20,30,173,171,0,0,10120
20180530,4,160,20,20,30,177,174,0,2,10122
20180530,5,200,20,20,40,184,180,0,11,10125
20180530,6,200,20,20,40,192,176,0,28,10130
20180530,7,200,20,20,50,203,180,2,85,10136
20180530,8,170,20,20,40,214,182,7,164,10140
20180530,9,170,20,20,40,224,177,8,216,10143
20180530,10,200,20,10,40,233,173,10,280,10142
20180530,11,190,20,20,50,241,164,9,277,10143
20180530,12,130,20,20,50,250,171,8,253,10141
20180530,13,130,20,20,50,259,184,9,282,10139
20180530,14,140,20,30,50,257,173,6,202,10135
20180530,15,160,30,40,60,254,163,4,155,10134
20180530,16,180,40,20,90,228,174,0,77,10134
20180530,17,990,10,10,40,254,169,5,78,10133
20180530,18,990,10,10,10,260,177,8,68,10135
20180530,19,330,20,20,50,227,189,10,31,10139
20180530,20,350,30,30,50,209,192,0,3,10144
20180530,21,20,20,20,40,208,190,0,0,10145
20180530,22,30,20,20,40,203,192,0,0,10147
20180530,23,360,20,10,40,194,189,0,0,10143
20180530,24,350,10,10,20,179,176,0,0,10139
20180531,1,340,10,10,20,182,179,0,0,10140
20180531,2,350,10,10,20,173,172,0,0,10137
20180531,3,350,10,10,20,168,168,0,0,10135
20180531,4,320,10,10,20,172,172,0,3,10135
20180531,5,0,10,0,20,188,186,8,26,10136
20180531,6,110,10,10,20,199,193,1,51,10142
20180531,7,100,20,30,60,202,177,0,38,10145
20180531,8,990,20,10,50,222,181,3,84,10145
20180531,9,170,10,30,50,226,189,3,143,10149
20180531,10,240,60,60,130,206,175,2,114,10150
20180531,11,310,40,30,110,207,175,0,61,10153
20180531,12,300,30,30,90,203,169,1,113,10155
20180531,13,340,40,40,70,212,173,1,166,10148
20180531,14,310,40,40,70,223,176,9,276,10150
20180531,15,10,30,30,70,232,169,7,220,10150
20180531,16,30,40,40,70,234,177,10,211,10151
20180531,17,40,30,20,60,229,166,10,141,10146
20180531,18,50,20,10,40,230,166,10,86,10145
20180531,19,20,20,10,30,224,176,10,36,10146
20180531,20,360,20,20,30,208,179,2,5,10150
20180531,21,0,10,0,20,185,179,0,0,10155
20180531,22,300,10,10,10,176,173,0,0,10155
20180531,23,350,10,10,20,169,166,0,0,10151
20180531,24,330,10,10,30,175,172,0,0,10153
20180601,1,330,10,10,20,163,163,0,0,10155
20180601,2,310,10,10,20,157,157,0,0,10153
20180601,3,340,10,10,20,153,153,0,0,10156
20180601,4,320,20,20,30,174,174,0,2,10155
20180601,5,290,20,20,30,179,179,0,14,10156
20180601,6,340,10,10,30,183,180,0,36,10157
20180601,7,290,10,10,30,186,183,0,51,10157
20180601,8,320,20,30,40,198,174,0,66,10155
20180601,9,310,30,30,50,216,174,2,145,10156
20180601,10,290,30,30,50,232,180,8,260,10160
20180601,11,300,30,30,60,229,175,2,193,10163
20180601,12,290,40,30,70,218,159,0,135,10165
20180601,13,250,30,30,70,195,164,0,35,10172
20180601,14,280,30,40,70,180,167,0,27,10165
20180601,15,280,40,40,80,175,159,0,74,10166
20180601,16,280,30,30,60,171,155,0,78,10172
20180601,17,290,30,20,50,165,150,0,29,10175
20180601,18,280,20,20,40,154,142,0,7,10180
20180601,19,260,30,30,60,150,137,0,6,10174
20180601,20,270,30,30,80,146,134,0,2,10176
20180601,21,280,30,30,70,145,134,0,0,10181
20180601,22,270,30,30,70,148,139,0,0,10182
20180601,23,260,30,20,50,151,145,0,0,10181
20180601,24,230,20,30,50,155,147,0,0,10178
20180602,1,240,20,20,50,159,151,0,0,10176
20180602,2,250,20,30,50,158,152,0,0,10175
20180602,3,240,20,20,50,157,153,0,0,10170
20180602,4,230,20,20,50,158,155,0,0,10172
20180602,5,230,30,30,60,158,155,0,5,10175
20180602,6,240,40,40,70,158,151,0,12,10177
20180602,7,230,40,40,80,158,150,0,21,10180
20180602,8,230,40,30,70,160,152,0,33,10180
20180602,9,230,30,30,60,166,150,0,46,10183
20180602,10,230,30,40,60,174,151,0,79,10182
20180602,11,250,30,30,70,177,151,0,54,10185
20180602,12,250,30,30,70,179,149,0,70,10186
20180602,13,230,30,40,60,188,152,0,87,10185
20180602,14,240,30,30,60,193,147,0,94,10184
20180602,15,240,30,30,60,194,151,1,112,10181
20180602,16,240,40,40,70,192,159,0,85,10182
20180602,17,240,30,30,60,179,155,0,42,10182
20180602,18,240,30,30,60,176,155,0,15,10182
20180602,19,230,30,20,60,176,155,0,11,10181
20180602,20,230,20,20,40,177,156,0,1,10183
20180602,21,240,20,10,40,173,157,0,0,10187
20180602,22,310,10,10,30,164,156,0,0,10190
20180602,23,250,10,10,20,152,148,0,0,10190
20180602,24,260,10,10,30,159,148,0,0,10194
20180603,1,280,10,10,20,162,151,0,0,10192
20180603,2,220,10,10,20,162,153,0,0,10188
20180603,3,200,20,20,30,163,151,0,0,10186
20180603,4,220,20,10,40,157,144,0,2,10187
20180603,5,210,10,10,30,164,144,0,23,10188
20180603,6,200,20,20,40,173,151,2,59,10190
20180603,7,210,20,30,40,186,138,6,109,10194
20180603,8,210,30,30,60,191,152,1,98,10195
20180603,9,230,30,30,60,197,154,0,94,10194
20180603,10,220,30,30,50,206,154,0,152,10193
20180603,11,270,20,20,40,219,152,7,270,10191
20180603,12,290,20,10,30,224,149,0,98,10188
20180603,13,320,20,20,30,226,151,1,135,10185
20180603,14,310,20,20,30,227,159,0,73,10180
20180603,15,330,30,30,50,225,158,0,74,10175
20180603,16,340,30,30,60,232,151,2,99,10170
20180603,17,350,40,40,70,225,165,9,146,10168
20180603,18,20,30,20,60,224,167,10,99,10163
20180603,19,40,30,30,60,201,168,8,33,10167
20180603,20,10,30,30,50,191,162,0,4,10169
20180603,21,10,20,20,40,182,163,0,0,10169
20180603,22,10,20,30,40,173,160,0,0,10169
20180603,23,360,20,20,40,167,158,0,0,10168
20180603,24,360,20,20,40,161,155,0,0,10164
20180604,1,10,20,20,40,159,153,0,0,10162
20180604,2,20,20,20,40,165,156,0,0,10159
20180604,3,30,20,20,40,165,155,0,0,10157
20180604,4,40,20,20,40,164,155,0,1,10155
20180604,5,40,20,20,40,165,156,0,8,10156
20180604,6,40,20,20,30,169,158,0,19,10154
20180604,7,40,20,20,40,175,157,0,41,10152
20180604,8,40,20,30,40,180,157,0,52,10153
20180604,9,50,20,20,40,185,156,0,60,10154
20180604,10,40,20,20,30,190,158,0,68,10153
20180604,11,20,10,20,30,207,163,2,166,10151
20180604,12,340,20,30,50,212,155,4,194,10147
20180604,13,20,30,30,60,226,156,6,234,10145
20180604,14,350,30,40,60,225,150,8,254,10141
20180604,15,20,40,40,70,214,150,9,222,10140
20180604,16,40,40,50,70,208,152,8,174,10137
20180604,17,20,50,50,80,190,146,10,153,10136
20180604,18,20,50,50,80,172,138,2,57,10136
20180604,19,20,50,50,80,171,139,0,13,10137
20180604,20,20,40,30,70,171,139,0,2,10142
20180604,21,20,40,50,70,168,140,0,0,10145
20180604,22,360,40,40,70,166,143,0,0,10147
20180604,23,30,30,20,60,163,135,0,0,10149
20180604,24,40,30,40,60,159,130,0,0,10146
20180605,1,40,30,40,60,154,128,0,0,10146
20180605,2,50,30,20,50,152,128,0,0,10146
20180605,3,50,20,20,30,151,126,0,0,10144
20180605,4,50,10,10,30,152,127,0,0,10147
20180605,5,50,10,10,30,154,129,0,5,10147
20180605,6,20,20,30,50,156,130,0,9,10148
20180605,7,40,30,30,50,156,125,0,24,10151
20180605,8,30,30,30,60,156,121,0,42,10155
20180605,9,30,30,40,60,161,118,0,69,10155
20180605,10,40,30,40,60,170,119,0,138,10156
20180605,11,40,30,20,60,177,122,3,204,10155
20180605,12,40,30,20,50,190,120,7,275,10151
20180605,13,20,30,40,60,194,121,8,290,10147
20180605,14,10,30,40,70,198,125,9,278,10145
20180605,15,350,40,30,70,201,127,10,252,10143
20180605,16,360,30,30,60,201,128,10,205,10140
20180605,17,20,30,40,60,196,128,10,150,10138
20180605,18,30,40,40,70,184,128,10,93,10137
20180605,19,30,40,40,70,171,127,10,40,10141
20180605,20,10,30,30,70,160,126,2,7,10147
20180605,21,360,30,30,60,152,123,0,0,10150
20180605,22,20,30,20,50,145,122,0,0,10149
20180605,23,20,30,30,60,139,115,0,0,10149
20180605,24,20,30,20,60,134,110,0,0,10150
20180606,1,10,20,20,40,128,109,0,0,10149
20180606,2,20,20,30,40,122,109,0,0,10145
20180606,3,40,20,20,60,119,109,0,0,10143
20180606,4,30,20,20,40,119,110,0,3,10141
20180606,5,30,20,20,40,132,112,10,28,10143
20180606,6,40,20,20,40,150,118,10,76,10144
20180606,7,40,20,20,40,172,130,10,133,10142
20180606,8,60,30,40,50,190,138,10,190,10142
20180606,9,30,20,20,50,213,154,10,241,10141
20180606,10,50,30,30,50,226,151,10,280,10140
20180606,11,30,30,20,50,240,151,10,304,10140
20180606,12,40,20,30,60,250,162,10,305,10135
20180606,13,50,20,20,50,257,170,7,240,10131
20180606,14,50,30,20,70,269,141,7,234,10129
20180606,15,60,20,10,50,271,132,7,197,10126
20180606,16,40,30,20,60,265,161,9,174,10124
20180606,17,30,40,40,70,260,157,10,148,10125
20180606,18,30,40,40,60,249,164,10,88,10126
20180606,19,330,30,20,60,230,180,10,34,10130
20180606,20,340,20,20,40,211,182,2,6,10136
20180606,21,340,20,10,40,186,178,0,0,10138
20180606,22,340,10,20,30,175,171,0,0,10139
20180606,23,350,10,10,30,166,163,0,0,10136
20180606,24,30,10,10,30,153,152,0,0,10134
20180607,1,0,10,0,20,144,141,0,0,10134
20180607,2,10,10,10,20,137,134,0,0,10136
20180607,3,360,10,10,20,130,127,0,0,10135
20180607,4,350,10,10,10,136,133,0,3,10137
20180607,5,360,10,10,20,162,154,10,30,10140
20180607,6,0,10,0,20,197,152,10,75,10145
20180607,7,110,0,10,10,224,150,10,130,10147
20180607,8,40,10,10,30,240,160,10,183,10146
20180607,9,50,20,20,50,254,148,10,233,10149
20180607,10,990,20,10,40,266,139,9,260,10151
20180607,11,320,20,30,50,269,124,9,290,10150
20180607,12,330,20,20,50,276,102,10,311,10146
20180607,13,300,30,30,60,279,127,10,299,10145
20180607,14,320,30,30,60,281,101,10,283,10143
20180607,15,340,30,30,60,282,103,10,244,10141
20180607,16,330,30,30,60,280,122,10,194,10141
20180607,17,340,30,30,60,273,140,10,154,10141
20180607,18,10,40,40,60,259,127,8,85,10142
20180607,19,40,40,40,70,239,144,10,36,10146
20180607,20,350,30,30,50,231,128,2,11,10145
20180607,21,350,20,20,40,220,137,0,0,10150
20180607,22,320,20,30,40,208,149,0,0,10150
20180607,23,320,20,20,40,197,170,0,0,10149
20180607,24,300,20,20,40,187,167,0,0,10148
20180608,1,320,20,30,50,187,176,0,0,10145
20180608,2,320,30,20,50,183,174,0,0,10145
20180608,3,340,20,20,50,180,171,0,0,10145
20180608,4,320,20,20,40,174,167,0,2,10145
20180608,5,320,20,20,40,176,168,0,8,10145
20180608,6,330,10,20,30,181,173,0,17,10148
20180608,7,330,20,30,40,180,171,0,19,10152
20180608,8,320,20,20,40,179,169,0,19,10154
20180608,9,310,10,10,30,181,175,0,14,10160
20180608,10,340,10,10,30,181,177,0,17,10158
20180608,11,360,20,20,30,189,181,0,51,10158
20180608,12,20,30,30,60,190,171,0,79,10156
20180608,13,360,30,30,60,197,172,0,87,10152
20180608,14,360,20,20,50,198,163,0,51,10149
20180608,15,20,30,20,50,196,169,0,51,10147
20180608,16,360,30,30,50,197,161,0,46,10146
20180608,17,40,30,20,50,195,169,0,32,10145
20180608,18,20,30,30,60,193,167,0,30,10147
20180608,19,360,20,20,60,190,165,0,12,10148
20180608,20,10,20,30,50,186,165,0,1,10150
20180608,21,360,30,30,70,179,170,0,0,10149
20180608,22,10,30,30,50,178,169,0,0,10150
20180608,23,360,30,30,60,176,167,0,0,10149
20180608,24,10,20,20,50,174,166,0,0,10147
20180609,1,20,30,30,50,171,163,0,0,10143
20180609,2,10,30,30,60,167,159,0,0,10141
20180609,3,360,20,20,50,162,155,0,0,10142
20180609,4,350,20,20,40,165,155,0,0,10145
20180609,5,10,20,20,40,169,154,0,10,10144
20180609,6,10,20,20,40,177,158,0,40,10144
20180609,7,360,30,30,60,181,154,0,64,10146
20180609,8,360,30,30,50,195,157,1,82,10146
20180609,9,350,30,40,60,203,155,3,169,10146
20180609,10,20,30,30,50,212,155,6,228,10145
20180609,11,50,30,30,60,225,164,5,243,10143
20180609,12,40,30,30,60,236,164,7,294,10140
20180609,13,10,30,30,70,237,158,10,303,10137
20180609,14,320,40,50,80,236,153,10,289,10135
20180609,15,350,40,40,80,237,165,9,235,10131
20180609,16,360,40,40,70,234,159,9,187,10130
20180609,17,30,40,50,70,221,167,4,97,10131
20180609,18,360,40,40,60,219,171,10,90,10132
20180609,19,350,40,40,80,204,165,10,33,10135
20180609,20,350,30,30,70,190,161,3,6,10136
20180609,21,350,30,20,60,182,159,0,0,10140
20180609,22,360,20,20,40,175,158,0,0,10139
20180609,23,340,20,20,40,172,155,0,0,10136
20180609,24,10,20,20,40,173,152,0,0,10135
20180610,1,10,20,30,50,172,153,0,0,10134
20180610,2,360,30,30,60,165,149,0,0,10128
20180610,3,360,10,10,40,158,149,0,0,10131
20180610,4,340,10,10,30,154,149,0,1,10133
20180610,5,40,20,20,40,162,149,0,14,10132
20180610,6,20,30,30,60,174,148,3,56,10133
20180610,7,20,40,40,70,189,149,8,131,10134
20180610,8,10,40,30,70,185,145,2,107,10136
20180610,9,30,40,50,70,190,146,1,138,10135
20180610,10,30,40,40,70,196,150,3,195,10136
20180610,11,30,30,30,60,207,152,6,248,10137
20180610,12,10,30,30,60,214,151,7,283,10136
20180610,13,340,40,40,80,222,146,8,285,10136
20180610,14,360,40,30,70,225,151,10,281,10136
20180610,15,360,40,50,80,217,145,10,240,10133
20180610,16,360,40,50,80,214,144,9,190,10129
20180610,17,360,50,50,80,208,145,10,151,10130
20180610,18,360,50,50,70,191,138,8,93,10135
20180610,19,30,40,50,80,177,135,10,42,10135
20180610,20,20,30,20,80,165,131,3,10,10144
20180610,21,360,30,30,60,158,125,0,0,10148
20180610,22,360,30,30,50,150,123,0,0,10145
20180610,23,30,30,30,50,143,122,0,0,10145
20180610,24,90,20,20,50,129,113,0,0,10150
20180611,1,60,20,10,30,121,108,0,0,10149
20180611,2,60,20,10,40,113,104,0,0,10146
20180611,3,60,20,10,30,106,101,0,0,10144
20180611,4,20,10,10,30,101,99,0,3,10142
20180611,5,50,20,20,40,128,108,10,35,10142
20180611,6,70,20,20,50,145,117,8,77,10145
20180611,7,50,30,30,50,162,122,9,119,10147
20180611,8,30,40,50,70,171,115,10,192,10144
20180611,9,40,40,40,80,177,115,7,220,10142
20180611,10,30,40,40,70,187,120,1,147,10144
20180611,11,40,40,40,70,198,126,8,289,10140
20180611,12,50,40,50,90,207,128,8,296,10136
20180611,13,30,50,50,80,216,129,10,310,10128
20180611,14,40,60,60,100,216,128,9,283,10121
20180611,15,30,50,50,90,220,142,9,212,10122
20180611,16,20,50,60,90,208,136,7,183,10121
20180611,17,20,50,50,100,207,139,9,112,10121
20180611,18,360,50,50,90,200,136,10,78,10122
20180611,19,20,50,50,90,192,135,10,55,10123
20180611,20,20,50,50,90,174,133,3,13,10128
20180611,21,20,40,30,80,160,131,0,0,10134
20180611,22,30,40,40,80,150,122,0,0,10134
20180611,23,20,30,40,60,146,118,0,0,10133
20180611,24,20,40,30,70,139,115,0,0,10131
20180612,1,40,30,40,80,137,113,0,0,10132
20180612,2,40,40,30,70,141,113,0,0,10131
20180612,3,30,40,30,80,135,107,0,0,10129
20180612,4,50,30,40,70,132,101,0,2,10134
20180612,5,60,30,30,60,138,103,3,27,10134
20180612,6,60,30,30,60,143,101,1,53,10138
20180612,7,30,40,40,70,144,99,0,62,10142
20180612,8,40,30,30,70,157,107,0,89,10141
20180612,9,50,40,40,60,157,107,0,120,10142
20180612,10,20,30,30,60,164,108,0,127,10144
20180612,11,40,40,40,60,158,109,0,109,10147
20180612,12,10,30,30,60,159,113,0,76,10148
20180612,13,20,30,30,60,151,119,0,38,10148
20180612,14,340,30,30,70,165,110,0,56,10147
20180612,15,350,40,40,70,158,109,0,53,10149
20180612,16,350,40,40,70,157,110,0,33,10146
20180612,17,350,40,40,80,160,105,2,78,10146
20180612,18,340,40,40,80,155,100,0,39,10148
20180612,19,340,30,30,70,150,94,0,14,10149
20180612,20,330,30,20,60,144,96,0,3,10154
20180612,21,330,20,20,50,133,94,0,0,10161
20180612,22,330,20,20,50,135,107,0,0,10160
20180612,23,330,20,10,40,136,106,0,0,10160
20180612,24,330,20,20,40,140,104,0,0,10159
20180613,1,340,20,20,40,140,100,0,0,10159
20180613,2,330,30,20,60,136,101,0,0,10160
20180613,3,320,20,20,50,136,101,0,0,10162
20180613,4,330,30,30,50,138,101,0,2,10163
20180613,5,330,30,20,60,138,97,0,18,10165
20180613,6,330,30,30,50,143,94,0,53,10167
20180613,7,340,40,50,80,152,84,1,89,10169
20180613,8,350,40,40,90,142,77,1,64,10173
20180613,9,320,40,50,80,161,89,2,150,10174
20180613,10,320,50,40,90,159,86,1,147,10175
20180613,11,340,50,60,100,169,84,2,180,10176
20180613,12,320,40,40,90,164,97,1,148,10176
20180613,13,330,40,40,80,171,96,2,152,10174
20180613,14,330,40,30,80,167,91,0,107,10174
20180613,15,330,20,30,60,181,92,6,167,10173
20180613,16,320,40,30,70,176,86,9,212,10171
20180613,17,320,30,30,60,186,93,9,130,10171
20180613,18,310,30,30,50,172,86,8,89,10172
20180613,19,310,20,20,50,163,86,10,36,10169
20180613,20,310,10,10,20,130,100,3,6,10173
20180613,21,0,10,0,10,110,98,0,0,10171
20180613,22,170,10,10,20,98,93,0,0,10170
20180613,23,160,20,20,30,99,93,0,0,10166
20180613,24,150,20,20,30,107,96,0,0,10162
20180614,1,190,10,10,30,99,89,0,0,10159
20180614,2,180,10,10,30,92,88,0,0,10156
20180614,3,170,20,20,30,107,95,0,0,10150
20180614,4,170,20,20,40,115,96,0,3,10146
20180614,5,160,20,20,40,124,98,5,23,10141
20180614,6,180,30,40,60,143,105,4,56,10139
20180614,7,190,40,40,60,164,109,5,109,10138
20180614,8,190,50,50,100,176,109,5,160,10134
20180614,9,190,50,50,110,188,112,3,157,10132
20180614,10,220,60,70,110,191,96,0,128,10131
20180614,11,220,60,70,120,191,101,0,106,10131
20180614,12,200,50,50,110,180,126,0,61,10125
20180614,13,190,50,60,100,188,119,0,81,10127
20180614,14,200,60,70,110,193,121,0,87,10123
20180614,15,230,60,70,120,187,118,0,48,10127
20180614,16,240,50,40,110,154,144,0,31,10135
20180614,17,220,40,40,80,155,146,0,28,10136
20180614,18,220,40,30,70,164,146,2,33,10140
20180614,19,230,30,40,60,166,145,8,32,10143
20180614,20,220,30,20,60,165,143,0,3,10150
20180614,21,250,20,20,40,160,150,0,0,10153
20180614,22,280,10,20,30,157,146,0,0,10158
20180614,23,280,10,10,20,157,147,0,0,10159
20180614,24,270,10,10,20,155,152,0,0,10158
20180615,1,80,10,10,20,154,151,0,0,10156
20180615,2,110,10,10,10,153,150,0,0,10156
20180615,3,0,10,0,10,150,147,0,0,10156
20180615,4,80,10,10,20,150,147,0,2,10159
20180615,5,150,10,10,20,156,154,0,16,10161
20180615,6,130,10,20,30,163,153,0,34,10163
20180615,7,150,20,20,30,171,149,2,86,10165
20180615,8,150,30,30,50,190,149,8,184,10167
20180615,9,180,30,40,60,190,144,9,245,10168
20180615,10,200,30,30,50,209,141,10,295,10167
20180615,11,240,20,20,60,218,128,5,226,10166
20180615,12,200,20,20,50,227,118,6,244,10164
20180615,13,250,30,20,50,231,93,9,310,10162
20180615,14,180,20,30,50,231,94,5,209,10161
20180615,15,200,20,20,50,239,93,8,224,10157
20180615,16,20,20,20,50,228,106,3,141,10157
20180615,17,10,30,40,60,218,128,7,114,10158
20180615,18,10,30,30,60,212,126,3,54,10159
20180615,19,350,30,20,60,200,111,8,38,10159
20180615,20,30,20,20,40,184,112,0,3,10157
20180615,21,70,20,20,30,165,129,0,0,10156
20180615,22,320,10,10,20,159,136,0,0,10157
20180615,23,40,20,10,40,164,135,0,0,10155
20180615,24,50,10,10,20,154,140,0,0,10155
20180616,1,90,10,10,20,158,135,0,0,10152
20180616,2,90,0,10,10,152,140,0,0,10149
20180616,3,270,10,20,40,150,130,0,0,10147
20180616,4,290,20,20,30,156,127,0,1,10147
20180616,5,280,20,10,30,162,122,0,11,10148
20180616,6,230,10,30,50,174,126,1,48,10149
20180616,7,220,20,20,50,178,121,0,80,10148
20180616,8,200,30,30,60,181,116,0,102,10147
20180616,9,230,40,40,70,183,86,0,114,10150
20180616,10,220,50,50,90,188,68,1,171,10151
20180616,11,220,50,50,100,189,72,1,176,10149
20180616,12,220,40,40,80,197,91,0,131,10146
20180616,13,240,40,40,70,203,113,2,193,10143
20180616,14,250,40,50,80,203,113,3,194,10143
20180616,15,280,40,30,90,199,128,2,164,10142
20180616,16,260,40,40,90,200,103,3,139,10143
20180616,17,260,40,40,90,187,106,1,59,10146
20180616,18,260,40,40,90,183,92,8,83,10145
20180616,19,250,30,30,80,176,96,7,34,10146
20180616,20,240,30,30,80,169,98,3,13,10148
20180616,21,230,30,30,80,157,91,0,0,10149
20180616,22,220,30,30,60,154,96,0,0,10150
20180616,23,220,30,40,70,158,107,0,0,10148
20180616,24,220,30,30,60,152,104,0,0,10147
20180617,1,210,30,30,60,146,107,0,0,10144
20180617,2,220,30,40,60,145,105,0,0,10143
20180617,3,220,40,40,80,147,108,0,0,10145
20180617,4,230,50,40,80,146,116,0,3,10145
20180617,5,230,40,40,70,152,120,0,14,10147
20180617,6,230,40,40,90,154,121,0,34,10150
20180617,7,240,40,40,90,159,110,0,44,10155
20180617,8,220,50,60,90,161,113,0,76,10161
20180617,9,230,50,40,90,163,115,0,88,10164
20180617,10,230,50,50,90,158,113,0,84,10168
20180617,11,230,40,40,80,155,113,0,70,10170
20180617,12,220,40,40,80,163,114,0,63,10172
20180617,13,230,40,40,80,175,112,3,168,10174
20180617,14,240,50,40,90,173,109,0,100,10177
20180617,15,200,50,50,100,150,120,0,48,10182
20180617,16,200,50,50,110,148,117,0,41,10183
20180617,17,200,30,30,80,156,122,0,31,10183
20180617,18,190,30,30,60,162,130,1,45,10183
20180617,19,250,30,30,60,165,105,0,21,10185
20180617,20,230,30,40,80,159,101,0,2,10187
20180617,21,240,30,20,70,147,103,0,0,10189
20180617,22,190,20,20,50,151,109,0,0,10189
20180617,23,200,30,30,40,150,116,0,0,10188
20180617,24,220,30,50,80,154,109,0,0,10185
20180618,1,210,40,30,80,147,118,0,0,10184
20180618,2,190,30,30,60,148,120,0,0,10180
20180618,3,200,30,30,60,150,124,0,0,10179
20180618,4,200,40,40,60,156,125,0,1,10182
20180618,5,210,40,40,80,161,129,0,12,10182
20180618,6,210,40,40,80,163,134,0,19,10179
20180618,7,210,40,50,80,161,140,0,27,10183
20180618,8,210,40,40,80,158,149,0,24,10188
20180618,9,210,40,40,70,167,151,0,44,10187
20180618,10,210,50,40,100,170,158,0,48,10189
20180618,11,230,50,60,100,176,151,0,41,10192
20180618,12,240,50,40,110,167,153,0,46,10197
20180618,13,240,50,60,100,179,143,1,93,10197
20180618,14,240,50,50,100,181,138,0,64,10197
20180618,15,240,60,50,110,180,137,2,83,10197
20180618,16,240,50,40,110,186,139,2,94,10194
20180618,17,250,50,40,100,185,129,1,60,10197
20180618,18,240,50,50,90,182,126,5,52,10195
20180618,19,220,40,40,80,182,128,7,43,10197
20180618,20,230,40,40,70,172,122,3,10,10199
20180618,21,230,40,40,70,166,128,0,0,10203
20180618,22,210,30,30,70,157,123,0,0,10202
20180618,23,210,30,30,60,153,123,0,0,10197
20180618,24,220,40,50,70,159,122,0,0,10197
20180619,1,220,40,40,80,159,124,0,0,10199
20180619,2,220,40,40,80,156,127,0,0,10201
20180619,3,220,40,40,80,157,135,0,0,10204
20180619,4,220,40,30,70,159,142,0,1,10209
20180619,5,220,30,30,60,164,149,0,6,10212
20180619,6,230,30,30,60,172,154,0,14,10215
20180619,7,240,30,30,60,177,157,0,27,10221
20180619,8,260,30,30,60,180,160,0,39,10226
20180619,9,280,30,30,70,185,153,0,76,10230
20180619,10,300,30,30,70,186,153,0,86,10233
20180619,11,300,30,20,70,182,151,0,53,10237
20180619,12,300,20,10,40,186,153,0,46,10238
20180619,13,270,20,20,40,186,150,0,44,10240
20180619,14,250,20,20,40,193,153,0,55,10240
20180619,15,250,30,30,50,200,149,1,123,10239
20180619,16,240,20,30,50,199,149,0,62,10238
20180619,17,220,20,20,40,198,148,0,33,10236
20180619,18,220,10,10,30,196,153,0,26,10235
20180619,19,200,20,20,30,193,156,0,7,10233
20180619,20,230,20,20,40,191,152,0,2,10236
20180619,21,220,20,20,40,186,156,0,0,10238
20180619,22,210,20,20,30,161,151,0,0,10236
20180619,23,200,20,20,30,147,142,0,0,10231
20180619,24,220,20,20,30,140,137,0,0,10230
20180620,1,210,20,20,40,155,151,0,0,10226
20180620,2,210,20,20,40,150,148,0,0,10223
20180620,3,200,20,30,40,154,149,0,0,10220
20180620,4,220,20,20,40,153,148,0,4,10221
20180620,5,220,30,30,60,159,149,3,26,10219
20180620,6,230,40,40,70,168,149,7,72,10216
20180620,7,230,40,40,70,167,147,0,50,10219
20180620,8,220,40,30,70,174,153,0,57,10218
20180620,9,220,40,40,70,181,151,0,71,10216
20180620,10,220,40,40,70,184,154,0,85,10216
20180620,11,210,40,40,70,191,154,0,120,10213
20180620,12,220,40,40,70,197,157,0,123,10207
20180620,13,210,50,50,90,212,159,3,209,10200
20180620,14,220,40,50,80,230,162,10,296,10196
20180620,15,220,40,50,80,238,159,10,257,10191
20180620,16,230,40,50,90,246,154,10,212,10184
20180620,17,240,50,50,80,249,144,10,155,10181
20180620,18,270,40,40,90,237,151,10,102,10177
20180620,19,250,30,30,80,217,150,10,48,10174
20180620,20,240,30,20,60,199,156,3,10,10172
20180620,21,240,30,30,60,189,151,0,0,10173
20180620,22,220,30,20,50,179,150,0,0,10167
20180620,23,240,30,30,50,180,154,0,0,10164
20180620,24,260,20,20,50,176,155,0,0,10158
20180621,1,270,30,40,70,170,150,0,0,10155
20180621,2,280,30,20,70,159,150,0,0,10155
20180621,3,280,20,30,40,158,148,0,0,10152
20180621,4,280,30,30,60,157,144,0,1,10155
20180621,5,300,40,40,90,148,123,0,10,10161
20180621,6,300,40,40,90,145,108,0,25,10166
20180621,7,290,50,50,120,142,96,0,38,10174
20180621,8,300,60,60,130,151,70,4,113,10183
20180621,9,310,70,70,130,150,63,9,201,10192
20180621,10,310,60,60,120,144,52,4,164,10201
20180621,11,310,70,70,130,152,47,9,277,10208
20180621,12,300,70,60,130,155,60,7,220,10215
20180621,13,290,60,60,120,147,72,4,166,10222
20180621,14,300,60,60,120,147,75,3,147,10225
20180621,15,310,60,70,120,161,68,9,240,10231
20180621,16,320,60,60,140,142,78,4,104,10238
20180621,17,310,60,60,120,135,76,5,79,10243
20180621,18,320,50,60,120,138,67,10,76,10245
20180621,19,300,60,60,110,128,57,10,49,10249
20180621,20,300,40,40,100,119,49,3,11,10252
20180621,21,280,30,30,80,117,64,0,0,10250
20180621,22,310,40,40,80,124,60,0,0,10246
20180621,23,310,50,50,110,130,58,0,0,10246
20180621,24,310,50,50,130,130,60,0,0,10244
20180622,1,310,50,40,110,128,62,0,0,10241
20180622,2,300,50,50,100,126,62,0,0,10238
20180622,3,300,50,50,100,127,65,0,0,10239
20180622,4,300,50,60,120,129,62,0,2,10239
20180622,5,310,60,70,130,129,61,0,8,10240
20180622,6,320,60,70,150,127,50,0,19,10245
20180622,7,310,50,40,130,128,72,0,23,10249
20180622,8,320,50,50,120,134,80,0,65,10254
20180622,9,330,40,40,90,131,87,0,60,10259
20180622,10,310,50,50,100,156,81,3,153,10260
20180622,11,310,60,50,120,156,85,4,213,10263
20180622,12,300,50,50,100,165,93,5,248,10265
20180622,13,320,50,40,110,151,79,2,129,10269
20180622,14,310,50,50,100,142,88,0,84,10271
20180622,15,330,50,50,100,140,86,0,81,10276
20180622,16,330,40,40,90,140,88,1,87,10277
20180622,17,310,50,40,100,140,83,0,74,10278
20180622,18,300,40,50,80,140,79,0,41,10278
20180622,19,320,40,40,80,134,77,0,22,10281
20180622,20,340,30,30,70,128,80,0,3,10282
20180622,21,320,30,40,70,126,72,0,0,10286
20180622,22,310,20,20,60,110,70,0,0,10285
20180622,23,280,20,20,30,107,69,0,0,10283
20180622,24,280,20,20,30,91,67,0,0,10281
20180623,1,270,10,20,30,100,76,0,0,10280
20180623,2,270,20,20,40,110,80,0,0,10278
20180623,3,270,20,20,50,116,83,0,0,10275
20180623,4,270,20,20,40,115,88,0,2,10275
20180623,5,300,20,20,40,126,96,5,28,10276
20180623,6,300,20,30,50,131,98,2,51,10277
20180623,7,320,40,40,80,143,95,6,102,10279
20180623,8,310,40,30,70,146,97,1,83,10279
20180623,9,320,30,20,60,148,103,0,43,10278
20180623,10,300,30,20,50,152,101,0,74,10278
20180623,11,320,30,20,50,161,108,0,90,10278
20180623,12,290,30,30,50,173,99,2,162,10275
20180623,13,290,30,30,60,181,91,3,196,10269
20180623,14,300,30,40,60,189,79,4,209,10262
20180623,15,280,30,30,60,199,76,8,228,10258
20180623,16,310,30,30,60,186,68,5,159,10255
20180623,17,310,30,30,50,188,91,4,104,10249
20180623,18,320,30,30,70,174,100,7,70,10247
20180623,19,320,30,30,50,165,101,2,26,10245
20180623,20,310,20,20,40,155,112,0,3,10246
20180623,21,290,20,10,40,148,110,0,0,10248
20180623,22,310,20,20,50,143,112,0,0,10246
20180623,23,310,10,10,40,134,117,0,0,10244
20180623,24,330,20,20,40,135,115,0,0,10241
20180624,1,310,20,20,30,127,114,0,0,10237
20180624,2,330,10,10,30,120,111,0,0,10234
20180624,3,350,10,10,30,110,105,0,0,10233
20180624,4,330,20,20,30,110,104,0,3,10235
20180624,5,320,10,10,30,120,110,0,21,10240
20180624,6,340,20,30,50,132,101,0,44,10241
20180624,7,340,30,30,60,142,94,0,71,10243
20180624,8,340,30,30,60,147,85,0,104,10245
20180624,9,340,40,40,70,158,90,1,145,10245
20180624,10,340,40,40,70,162,94,2,181,10247
20180624,11,350,30,40,60,168,97,1,180,10245
20180624,12,320,30,30,60,173,103,1,162,10242
20180624,13,310,30,30,70,168,110,0,69,10241
20180624,14,320,40,40,70,174,109,1,122,10240
20180624,15,320,40,40,80,168,108,0,78,10242
20180624,16,310,40,40,70,169,108,1,81,10237
20180624,17,340,40,40,80,164,100,0,47,10237
20180624,18,350,40,40,80,155,116,0,19,10237
20180624,19,330,40,30,80,147,128,0,18,10236
20180624,20,340,30,30,60,146,123,0,4,10240
20180624,21,330,30,30,50,144,124,0,0,10241
20180624,22,330,20,20,50,144,121,0,0,10241
20180624,23,340,20,20,60,141,119,0,0,10240
20180624,24,320,30,20,60,139,122,0,0,10240
20180625,1,330,30,20,50,140,122,0,0,10240
20180625,2,330,30,20,50,140,123,0,0,10240
20180625,3,320,30,30,50,140,123,0,0,10239
20180625,4,330,20,20,40,141,124,0,2,10243
20180625,5,330,30,20,50,145,125,0,17,10245
20180625,6,350,30,30,60,145,123,0,31,10251
20180625,7,330,30,30,50,146,123,0,45,10253
20180625,8,320,30,20,60,152,124,0,68,10254
20180625,9,340,20,20,50,168,132,0,96,10257
20180625,10,350,20,20,40,184,135,3,145,10258
20180625,11,330,30,30,60,195,125,10,275,10255
20180625,12,340,30,30,60,204,126,10,287,10254
20180625,13,330,30,40,70,201,108,10,321,10253
20180625,14,330,30,40,70,211,112,10,286,10254
20180625,15,330,40,40,70,211,117,10,254,10252
20180625,16,310,40,40,80,206,127,10,219,10253
20180625,17,360,40,40,90,200,125,10,158,10252
20180625,18,20,40,40,70,186,118,10,98,10254
20180625,19,10,40,40,80,176,96,10,50,10257
20180625,20,30,30,30,70,158,98,3,12,10260
20180625,21,10,20,30,60,146,103,0,0,10264
20180625,22,360,20,20,40,137,108,0,0,10263
20180625,23,310,20,10,50,123,107,0,0,10263
20180625,24,0,10,0,20,105,101,0,0,10261
20180626,1,320,10,10,20,101,96,0,0,10261
20180626,2,350,10,10,20,91,88,0,0,10259
20180626,3,360,10,10,30,104,101,0,0,10260
20180626,4,340,10,10,20,91,88,0,2,10260
20180626,5,40,10,10,20,111,107,0,21,10261
20180626,6,30,20,20,30,136,107,0,52,10264
20180626,7,40,30,30,50,151,110,4,106,10265
20180626,8,10,30,30,60,165,106,8,170,10265
20180626,9,10,30,30,70,173,95,10,247,10266
20180626,10,10,30,40,70,189,97,10,283,10265
20180626,11,350,30,40,60,198,98,10,310,10264
20180626,12,10,40,40,70,204,98,10,323,10262
20180626,13,10,40,40,70,208,117,10,314,10261
20180626,14,30,40,50,80,207,102,10,289,10259
20180626,15,40,40,50,90,207,116,10,256,10259
20180626,16,30,40,40,80,209,113,10,213,10256
20180626,17,40,40,50,80,200,122,10,164,10254
20180626,18,20,40,40,70,191,118,10,109,10256
20180626,19,20,40,30,70,179,120,10,47,10257
20180626,20,20,40,30,80,164,119,3,16,10259
20180626,21,360,30,30,60,153,121,0,0,10260
20180626,22,20,20,20,50,146,122,0,0,10260
20180626,23,30,30,30,50,140,113,0,0,10262
20180626,24,20,30,20,50,130,109,0,0,10260
20180627,1,30,20,20,40,121,106,0,0,10260
20180627,2,40,20,20,30,107,100,0,0,10261
20180627,3,30,20,20,30,105,99,0,0,10262
20180627,4,30,20,20,40,102,98,0,3,10265
20180627,5,30,20,30,50,116,103,10,33,10266
20180627,6,40,30,30,60,129,106,10,78,10266
20180627,7,40,40,30,60,135,111,2,83,10268
20180627,8,40,40,30,70,147,116,0,98,10269
20180627,9,30,30,30,60,168,121,4,196,10266
20180627,10,20,30,30,60,175,125,7,242,10264
20180627,11,40,30,30,60,196,136,9,304,10258
20180627,12,30,30,40,70,210,138,10,318,10254
20180627,13,20,40,40,70,225,147,10,311,10248
20180627,14,40,40,40,80,235,147,10,285,10243
20180627,15,20,40,50,80,237,152,10,248,10239
20180627,16,20,50,50,90,238,154,10,199,10235
20180627,17,20,50,50,90,237,155,10,142,10235
20180627,18,30,50,50,90,233,153,10,98,10235
20180627,19,40,50,40,80,226,149,10,42,10238
20180627,20,40,40,30,70,214,154,3,10,10240
20180627,21,30,30,30,60,202,161,0,0,10243
20180627,22,40,30,40,60,190,159,0,0,10246
20180627,23,40,40,30,70,180,152,0,0,10248
20180627,24,40,30,30,50,170,147,0,0,10248
20180628,1,50,30,30,50,161,144,0,0,10247
20180628,2,40,30,30,50,155,141,0,0,10245
20180628,3,30,20,20,50,150,140,0,0,10245
20180628,4,40,20,20,40,146,139,0,3,10245
20180628,5,40,20,20,30,158,142,10,30,10247
20180628,6,40,20,30,40,174,144,10,75,10247
20180628,7,40,20,10,30,201,152,10,131,10248
20180628,8,360,20,20,40,221,148,10,186,10246
20180628,9,30,20,20,40,243,133,10,237,10244
20180628,10,10,30,40,70,256,104,10,279,10241
20180628,11,10,40,40,80,252,115,9,278,10236
20180628,12,40,40,50,100,252,128,9,284,10232
20180628,13,30,40,40,100,260,122,7,226,10227
20180628,14,30,40,30,130,258,125,7,209,10220
20180628,15,360,50,50,90,266,118,10,229,10216
20180628,16,20,60,60,100,259,130,10,198,10213
20180628,17,20,50,50,100,254,136,10,151,10211
20180628,18,10,60,60,110,243,136,10,96,10211
20180628,19,20,60,60,110,232,127,10,45,10213
20180628,20,20,50,50,100,216,138,3,11,10216
20180628,21,30,40,40,80,204,129,0,0,10220
20180628,22,30,30,30,60,189,125,0,0,10222
20180628,23,20,40,40,70,177,125,0,0,10222
20180628,24,30,40,40,70,165,120,0,0,10221
20180629,1,30,40,30,70,156,115,0,0,10221
20180629,2,20,30,30,60,147,114,0,0,10219
20180629,3,10,20,20,50,138,116,0,0,10219
20180629,4,20,20,20,40,139,123,0,3,10219
20180629,5,20,30,30,60,155,130,10,30,10218
20180629,6,20,30,30,60,171,130,10,77,10218
20180629,7,20,40,40,70,192,138,10,134,10216
20180629,8,40,40,40,60,206,130,10,190,10212
20180629,9,360,40,30,60,223,126,10,241,10210
20180629,10,20,40,40,70,239,104,10,282,10206
20180629,11,30,30,30,70,248,100,10,311,10202
20180629,12,10,40,40,80,253,108,10,321,10197
20180629,13,10,40,40,90,260,99,10,311,10192
20180629,14,20,50,50,80,256,124,10,287,10187
20180629,15,30,50,40,100,249,148,10,249,10185
20180629,16,360,60,60,100,238,128,10,205,10181
20180629,17,360,50,50,90,221,133,10,154,10180
20180629,18,360,50,40,80,212,133,10,100,10180
20180629,19,360,50,40,90,189,140,10,47,10180
20180629,20,360,50,50,80,172,137,3,11,10180
20180629,21,360,40,40,70,163,135,0,0,10182
20180629,22,10,30,30,70,158,136,0,0,10181
20180629,23,20,20,20,50,154,135,0,0,10181
20180629,24,30,20,20,40,145,126,0,0,10180
20180630,1,30,20,20,40,137,125,0,0,10178
20180630,2,20,20,10,30,132,125,0,0,10176
20180630,3,30,20,10,30,127,122,0,0,10175
20180630,4,40,20,30,40,132,124,0,2,10174
20180630,5,50,30,30,50,148,128,10,34,10173
20180630,6,40,30,30,50,167,132,10,85,10172
20180630,7,40,30,30,50,189,140,10,135,10171
20180630,8,50,30,30,50,210,141,10,190,10169
20180630,9,40,30,30,70,230,140,10,239,10166
20180630,10,90,50,40,80,245,130,10,279,10165
20180630,11,50,40,40,80,252,118,10,306,10160
20180630,12,90,40,40,80,264,104,10,320,10156
20180630,13,60,40,50,100,269,57,10,315,10152
20180630,14,110,50,50,90,276,68,10,295,10150
20180630,15,70,60,60,90,275,61,10,261,10148
20180630,16,80,50,50,90,272,42,10,215,10147
20180630,17,90,60,50,100,268,33,10,162,10145
20180630,18,90,60,70,100,257,47,10,104,10144
20180630,19,80,60,60,100,246,43,10,51,10148
20180630,20,70,50,40,90,226,48,3,12,10153
20180630,21,60,40,30,70,202,59,0,0,10157
20180630,22,70,40,40,80,198,61,0,0,10159
20180630,23,70,50,50,80,193,54,0,0,10160
20180630,24,80,60,60,100,188,52,0,0,10158
20180701,1,90,50,50,90,176,54,0,0,10161
20180701,2,90,50,40,80,166,54,0,0,10162
20180701,3,80,40,40,70,160,53,0,0,10165
20180701,4,90,50,50,80,159,54,0,4,10165
20180701,5,90,40,50,80,169,61,10,32,10167
20180701,6,90,50,60,100,184,62,10,80,10169
20180701,7,100,60,60,100,202,73,10,139,10171
20180701,8,110,70,80,120,216,67,10,197,10171
20180701,9,100,80,70,120,229,63,10,249,10170
20180701,10,100,90,90,140,237,61,10,288,10169
20180701,11,90,80,100,150,247,53,10,315,10168
20180701,12,110,90,80,140,250,49,10,328,10169
20180701,13,100,70,80,130,260,57,10,320,10164
20180701,14,90,70,60,120,259,46,10,297,10161
20180701,15,100,60,70,120,258,46,10,263,10160
20180701,16,90,60,60,120,257,42,10,216,10155
20180701,17,100,60,50,110,254,46,10,162,10154
20180701,18,100,60,60,100,246,44,10,104,10154
20180701,19,90,50,50,90,233,60,10,50,10155
20180701,20,70,40,40,80,213,63,3,12,10157
20180701,21,70,40,40,70,204,53,0,0,10162
20180701,22,60,40,30,70,187,51,0,0,10167
20180701,23,80,50,50,70,184,45,0,0,10166
20180701,24,80,40,40,70,173,45,0,0,10163
20180702,1,90,40,30,70,161,47,0,0,10160
20180702,2,80,30,30,50,147,50,0,0,10164
20180702,3,70,30,30,50,141,51,0,0,10164
20180702,4,70,20,20,50,135,55,0,3,10169
20180702,5,80,30,40,60,155,61,10,32,10169
20180702,6,80,40,40,70,173,64,10,80,10168
20180702,7,70,50,50,70,196,65,10,139,10171
20180702,8,80,50,60,90,214,57,10,196,10174
20180702,9,70,60,80,120,225,46,10,247,10173
20180702,10,70,70,70,110,235,45,10,287,10173
20180702,11,80,60,60,120,244,53,10,314,10171
20180702,12,70,50,50,110,253,47,10,326,10169
20180702,13,80,50,60,90,261,49,10,318,10167
20180702,14,60,40,30,110,265,55,10,295,10164
20180702,15,30,40,60,90,261,56,10,259,10162
20180702,16,30,60,60,100,261,54,10,213,10161
20180702,17,30,60,60,110,253,43,10,160,10161
20180702,18,40,60,60,110,245,32,10,104,10165
20180702,19,40,40,40,80,232,46,10,51,10166
20180702,20,30,40,50,80,211,73,3,11,10174
20180702,21,30,50,50,90,190,89,0,0,10181
20180702,22,40,50,50,90,177,84,0,0,10184
20180702,23,40,40,40,70,165,84,0,0,10185
20180702,24,50,40,40,70,152,85,0,0,10187
20180703,1,40,40,40,70,149,87,0,0,10186
20180703,2,30,30,20,70,140,93,0,0,10186
20180703,3,20,20,20,50,130,97,0,0,10181
20180703,4,30,20,20,40,129,103,0,3,10179
20180703,5,40,30,30,50,147,118,10,30,10183
20180703,6,40,30,30,60,166,122,10,78,10186
20180703,7,50,30,30,60,179,117,10,135,10186
20180703,8,40,30,30,60,203,113,10,191,10185
20180703,9,40,40,40,80,219,98,10,243,10180
20180703,10,20,40,50,80,230,86,10,285,10178
20180703,11,20,40,40,80,243,92,10,311,10177
20180703,12,20,30,30,70,247,89,10,320,10174
20180703,13,30,40,30,80,252,100,10,310,10170
20180703,14,20,40,50,70,254,116,10,287,10167
20180703,15,360,40,50,90,250,121,10,255,10165
20180703,16,20,50,40,80,244,124,10,208,10164
20180703,17,20,40,40,80,240,129,10,154,10161
20180703,18,20,50,50,90,221,122,10,99,10159
20180703,19,10,50,50,80,206,129,10,42,10161
20180703,20,10,40,40,80,194,127,3,10,10164
20180703,21,20,40,40,70,181,130,0,0,10166
20180703,22,30,40,40,70,168,125,0,0,10167
20180703,23,30,40,30,80,158,120,0,0,10167
20180703,24,30,30,30,50,150,117,0,0,10168
20180704,1,40,20,20,40,142,116,0,0,10165
20180704,2,30,20,20,40,138,115,0,0,10162
20180704,3,40,30,30,50,133,113,0,0,10158
20180704,4,30,20,20,50,132,114,0,4,10156
20180704,5,30,30,30,60,139,114,3,18,10156
20180704,6,20,30,30,50,144,121,0,24,10154
20180704,7,40,30,40,60,161,127,5,101,10155
20180704,8,40,30,20,50,184,132,9,176,10154
20180704,9,30,30,20,50,207,120,10,222,10150
20180704,10,40,30,30,50,227,129,10,264,10149
20180704,11,20,20,30,50,239,124,10,290,10146
20180704,12,300,30,30,60,243,138,10,302,10143
20180704,13,310,40,40,70,243,122,10,298,10144
20180704,14,320,40,40,70,245,104,9,269,10143
20180704,15,330,40,40,60,238,122,3,156,10142
20180704,16,340,40,30,60,244,124,10,202,10138
20180704,17,340,30,30,60,237,131,10,142,10136
20180704,18,330,30,30,60,227,131,7,84,10135
20180704,19,10,20,20,50,218,125,10,52,10136
20180704,20,40,30,30,50,194,122,3,10,10136
20180704,21,20,20,20,40,182,127,0,0,10136
20180704,22,360,20,10,40,173,129,0,0,10143
20180704,23,340,10,20,30,161,130,0,0,10142
20180704,24,350,20,10,30,157,132,0,0,10138
20180705,1,10,20,20,30,159,139,0,0,10137
20180705,2,20,20,20,30,154,135,0,0,10140
20180705,3,360,20,30,40,148,134,0,0,10135
20180705,4,10,10,10,30,136,128,0,2,10137
20180705,5,60,10,10,30,151,135,5,24,10142
20180705,6,50,10,20,30,165,140,5,61,10145
20180705,7,330,10,20,30,178,142,10,126,10146
20180705,8,320,20,20,40,191,134,8,168,10147
20180705,9,300,30,30,50,201,129,8,213,10147
20180705,10,320,30,30,50,212,140,6,234,10146
20180705,11,310,30,30,50,227,134,9,289,10146
20180705,12,330,30,40,70,228,134,10,309,10145
20180705,13,310,40,30,80,236,135,10,305,10147
20180705,14,320,40,40,80,235,141,10,285,10148
20180705,15,330,40,40,80,231,146,10,249,10149
20180705,16,350,40,40,90,225,146,10,204,10151
20180705,17,350,40,40,80,222,139,10,152,10153
20180705,18,340,40,40,70,209,136,10,98,10158
20180705,19,340,40,30,70,199,140,10,43,10161
20180705,20,340,30,30,60,186,142,3,10,10164
20180705,21,10,20,20,40,176,142,0,0,10168
20180705,22,330,10,20,30,161,141,0,0,10174
20180705,23,330,10,10,30,145,135,0,0,10177
20180705,24,300,10,20,30,152,137,0,0,10181
20180706,1,300,20,20,40,153,136,0,0,10182
20180706,2,310,20,20,40,155,139,0,0,10184
20180706,3,340,20,10,40,159,143,0,0,10185
20180706,4,320,10,10,30,160,144,0,1,10189
20180706,5,320,20,30,50,164,134,0,12,10193
20180706,6,330,30,30,60,167,135,0,26,10199
20180706,7,330,20,20,60,176,136,1,63,10202
20180706,8,320,20,20,50,193,141,3,131,10202
20180706,9,340,20,20,50,213,144,9,211,10205
20180706,10,300,20,30,50,222,140,10,269,10207
20180706,11,330,30,30,50,224,134,6,248,10210
20180706,12,310,30,30,60,230,130,2,202,10210
20180706,13,310,30,30,60,241,143,7,275,10209
20180706,14,360,30,30,60,247,140,2,185,10209
20180706,15,350,30,30,60,240,143,1,136,10211
20180706,16,310,30,30,50,241,147,0,93,10214
20180706,17,360,30,30,50,228,130,3,97,10212
20180706,18,40,40,40,60,216,116,7,80,10213
20180706,19,30,40,40,60,206,75,10,43,10215
20180706,20,20,30,20,60,192,76,3,10,10220
20180706,21,10,20,20,50,181,105,0,0,10227
20180706,22,10,20,20,40,174,114,0,0,10229
20180706,23,30,20,10,40,159,113,0,0,10230
20180706,24,10,10,10,20,130,113,0,0,10231
20180707,1,50,10,10,20,116,109,0,0,10232
20180707,2,60,10,10,20,108,101,0,0,10230
20180707,3,30,10,10,20,101,92,0,0,10232
20180707,4,50,10,10,30,105,94,0,2,10238
20180707,5,40,20,10,30,143,95,10,27,10242
20180707,6,70,20,10,30,162,95,10,71,10241
20180707,7,50,10,10,20,181,85,9,120,10244
20180707,8,70,10,10,20,199,47,9,172,10246
20180707,9,990,10,10,30,212,76,7,211,10245
20180707,10,990,10,10,50,227,86,10,276,10243
20180707,11,300,30,40,60,231,87,6,252,10246
20180707,12,320,30,30,60,235,96,6,269,10245
20180707,13,340,30,30,60,238,112,4,222,10243
20180707,14,340,30,40,70,241,126,6,238,10243
20180707,15,340,40,40,60,241,130,5,200,10243
20180707,16,340,40,40,70,237,121,7,167,10243
20180707,17,340,40,40,70,231,115,9,135,10241
20180707,18,10,40,40,70,216,113,10,96,10241
20180707,19,30,40,40,70,194,94,8,38,10243
20180707,20,30,30,30,60,183,126,3,9,10245
20180707,21,20,20,20,50,173,129,0,0,10245
20180707,22,20,10,10,30,145,126,0,0,10247
20180707,23,10,10,10,30,131,120,0,0,10246
20180707,24,30,20,20,30,146,115,0,0,10247
20180708,1,40,10,10,20,119,109,0,0,10248
20180708,2,30,10,10,20,113,106,0,0,10249
20180708,3,0,10,0,20,104,99,0,0,10250
20180708,4,40,10,10,10,102,99,0,2,10252
20180708,5,40,10,10,10,126,118,7,23,10255
20180708,6,60,10,10,30,160,118,8,68,10257
20180708,7,60,20,20,40,182,118,10,124,10256
20180708,8,360,20,20,40,201,116,10,182,10255
20180708,9,330,20,30,50,213,115,10,234,10257
20180708,10,320,30,40,80,219,112,10,276,10256
20180708,11,320,40,40,80,236,110,10,304,10254
20180708,12,340,40,40,80,233,119,10,320,10252
20180708,13,330,40,50,80,238,104,10,294,10250
20180708,14,320,50,50,90,239,113,10,285,10249
20180708,15,320,50,40,90,238,121,10,256,10249
20180708,16,350,50,50,100,237,111,10,206,10248
20180708,17,10,50,50,90,227,117,10,153,10248
20180708,18,340,50,50,80,219,117,10,96,10246
20180708,19,340,40,30,90,209,121,10,43,10247
20180708,20,330,30,20,50,192,121,3,8,10247
20180708,21,350,20,30,50,181,121,0,0,10250
20180708,22,340,30,30,50,173,118,0,0,10250
20180708,23,340,20,20,40,161,122,0,0,10249
20180708,24,320,20,20,30,148,124,0,0,10247
20180709,1,320,20,20,30,142,126,0,0,10246
20180709,2,330,20,20,30,142,134,0,0,10247
20180709,3,330,10,10,20,122,118,0,0,10246
20180709,4,330,10,10,20,120,115,0,1,10248
20180709,5,320,10,10,20,142,139,0,14,10249
20180709,6,310,10,10,20,171,156,1,40,10248
20180709,7,290,20,20,40,188,153,10,110,10247
20180709,8,310,20,30,50,198,145,2,118,10248
20180709,9,320,30,40,60,201,148,1,136,10247
20180709,10,320,30,30,60,214,140,3,184,10243
20180709,11,350,30,40,70,224,146,2,171,10242
20180709,12,320,40,30,60,214,145,0,134,10239
20180709,13,340,30,30,50,209,150,0,71,10238
20180709,14,350,30,40,60,207,154,0,78,10234
20180709,15,340,40,50,90,204,148,1,90,10231
20180709,16,350,40,40,80,196,152,2,83,10228
20180709,17,350,40,50,80,187,141,0,45,10228
20180709,18,350,50,40,90,178,127,0,26,10227
20180709,19,340,40,40,80,170,121,0,12,10227
20180709,20,330,40,40,80,164,101,0,2,10226
20180709,21,310,40,30,80,159,94,0,0,10223
20180709,22,330,30,40,90,155,91,0,0,10220
20180709,23,320,40,40,80,148,99,0,0,10219
20180709,24,340,30,40,90,147,97,0,0,10217
20180710,1,310,30,30,80,141,97,0,0,10210
20180710,2,300,30,30,50,142,98,0,0,10206
20180710,3,280,20,20,50,142,99,0,0,10202
20180710,4,290,20,20,50,144,98,0,0,10201
20180710,5,310,20,40,70,150,89,0,8,10198
20180710,6,300,40,30,80,150,96,0,21,10196
20180710,7,300,30,30,60,155,98,0,25,10192
20180710,8,300,40,40,90,155,107,0,27,10188
20180710,9,280,40,40,100,143,128,0,23,10184
20180710,10,280,40,40,80,149,141,0,44,10179
20180710,11,300,40,50,80,171,147,1,121,10175
20180710,12,300,50,50,100,183,148,1,118,10172
20180710,13,300,50,40,100,186,152,2,114,10170
20180710,14,320,50,50,100,193,151,5,147,10168
20180710,15,340,60,60,120,212,114,6,160,10165
20180710,16,360,60,70,110,198,104,7,161,10167
20180710,17,360,60,70,120,195,111,6,93,10168
20180710,18,10,60,60,130,185,85,3,52,10173
20180710,19,360,50,50,110,183,86,8,38,10176
20180710,20,360,30,30,80,170,94,3,9,10180
20180710,21,360,20,20,50,156,92,0,0,10185
20180710,22,350,20,20,30,119,94,0,0,10187
20180710,23,330,20,20,30,122,98,0,0,10188
20180710,24,330,20,20,30,122,105,0,0,10187
20180711,1,330,20,20,40,129,113,0,0,10186
20180711,2,340,20,10,30,115,108,0,0,10184
20180711,3,310,10,20,30,98,95,0,0,10186
20180711,4,320,20,20,30,109,107,0,1,10187
20180711,5,330,10,20,30,132,125,8,26,10187
20180711,6,350,20,20,30,161,131,10,69,10190
20180711,7,360,20,20,40,182,128,10,126,10191
20180711,8,330,20,20,50,186,121,6,134,10190
20180711,9,340,30,30,60,192,111,0,92,10190
20180711,10,330,40,40,70,195,117,3,145,10190
20180711,11,340,30,40,70,204,126,1,102,10186
20180711,12,320,40,50,100,225,129,4,195,10182
20180711,13,350,50,50,90,204,128,2,124,10184
20180711,14,340,50,40,90,210,133,3,162,10184
20180711,15,330,50,60,110,217,128,7,211,10178
20180711,16,350,50,60,100,220,117,4,128,10176
20180711,17,350,50,50,90,219,120,7,122,10175
20180711,18,340,40,40,80,217,127,9,80,10177
20180711,19,350,40,40,80,198,141,3,28,10180
20180711,20,330,30,30,60,186,145,2,5,10184
20180711,21,320,30,20,50,176,150,0,0,10186
20180711,22,330,30,20,50,168,152,0,0,10186
20180711,23,320,20,20,40,160,151,0,0,10187
20180711,24,330,20,30,40,160,152,0,0,10186
20180712,1,320,30,30,50,158,151,0,0,10186
20180712,2,330,30,30,60,158,149,0,0,10184
20180712,3,340,30,30,60,155,148,0,0,10185
20180712,4,340,30,20,60,157,148,0,1,10186
20180712,5,330,30,30,50,156,147,0,17,10188
20180712,6,350,30,40,70,163,146,2,35,10189
20180712,7,350,40,40,70,168,139,3,81,10194
20180712,8,350,30,30,60,183,139,9,176,10199
20180712,9,330,30,40,60,194,142,10,239,10199
20180712,10,320,30,30,70,203,139,4,210,10200
20180712,11,340,30,40,70,221,141,4,226,10199
20180712,12,350,40,40,70,235,133,9,316,10197
20180712,13,320,40,40,80,240,139,10,306,10195
20180712,14,340,40,40,90,243,133,10,286,10195
20180712,15,340,40,40,80,242,142,10,248,10193
20180712,16,330,40,40,70,237,144,10,203,10193
20180712,17,340,50,50,70,228,138,10,149,10193
20180712,18,340,40,40,80,218,135,10,93,10198
20180712,19,350,40,40,70,200,133,10,41,10200
20180712,20,340,40,40,70,181,131,3,8,10205
20180712,21,330,30,20,60,167,132,0,0,10209
20180712,22,330,20,30,50,158,134,0,0,10211
20180712,23,330,20,20,40,149,134,0,0,10211
20180712,24,320,20,20,30,137,130,0,0,10210
20180713,1,310,20,20,30,138,131,0,0,10211
20180713,2,310,20,20,30,130,125,0,0,10211
20180713,3,330,10,10,30,128,124,0,0,10211
20180713,4,320,10,10,30,138,132,0,2,10214
20180713,5,310,10,10,30,147,137,7,20,10214
20180713,6,320,20,20,30,161,143,0,38,10216
20180713,7,330,20,20,40,174,140,0,72,10218
20180713,8,350,20,20,40,183,136,1,100,10220
20180713,9,10,20,30,50,194,135,4,157,10219
20180713,10,10,20,20,40,205,125,10,263,10220
20180713,11,330,20,20,50,223,130,9,302,10219
20180713,12,320,30,30,60,231,137,9,303,10215
20180713,13,330,30,30,70,239,135,10,305,10211
20180713,14,330,40,40,70,241,130,10,295,10211
20180713,15,320,30,30,70,239,129,10,254,10208
20180713,16,330,40,50,70,233,136,8,191,10206
20180713,17,360,40,40,80,221,131,10,150,10205
20180713,18,40,40,40,70,206,130,10,92,10205
20180713,19,20,40,30,60,199,126,10,39,10207
20180713,20,20,30,30,60,181,133,3,8,10210
20180713,21,10,30,20,60,172,133,0,0,10212
20180713,22,10,30,20,50,165,133,0,0,10215
20180713,23,30,20,20,50,154,127,0,0,10216
20180713,24,30,20,20,40,149,122,0,0,10217
20180714,1,40,20,20,40,136,120,0,0,10214
20180714,2,360,20,20,40,134,119,0,0,10215
20180714,3,20,20,20,30,131,117,0,0,10216
20180714,4,10,10,10,30,109,102,0,1,10215
20180714,5,50,10,10,20,137,120,5,21,10214
20180714,6,60,20,20,30,158,125,10,67,10217
20180714,7,50,20,30,40,176,125,10,125,10219
20180714,8,50,30,30,60,193,126,10,178,10218
20180714,9,20,20,30,50,202,116,10,232,10217
20180714,10,20,30,20,50,213,114,10,273,10215
20180714,11,330,20,20,50,224,113,10,298,10210
20180714,12,340,30,30,60,228,107,10,311,10207
20180714,13,360,30,30,60,237,117,10,309,10202
20180714,14,320,40,40,90,239,106,10,291,10198
20180714,15,40,40,40,70,240,105,10,257,10194
20180714,16,360,30,30,60,244,110,10,211,10194
20180714,17,40,30,40,60,232,118,10,156,10192
20180714,18,30,40,40,60,221,130,10,98,10191
20180714,19,20,40,40,60,205,135,10,44,10191
20180714,20,20,30,30,60,191,140,3,8,10192
20180714,21,20,30,20,50,180,146,0,0,10193
20180714,22,30,20,20,40,170,142,0,0,10193
20180714,23,50,20,20,40,158,127,0,0,10194
20180714,24,60,20,20,30,148,117,0,0,10192
20180715,1,80,20,20,30,141,109,0,0,10189
20180715,2,60,20,10,40,135,109,0,0,10187
20180715,3,60,10,20,20,117,106,0,0,10185
20180715,4,80,10,10,20,107,101,0,1,10183
20180715,5,60,10,20,20,142,114,8,23,10183
20180715,6,90,10,10,20,171,124,10,69,10185
20180715,7,120,10,20,30,197,119,10,126,10184
20180715,8,990,10,10,30,216,114,10,181,10183
20180715,9,140,10,20,40,238,108,10,233,10181
20180715,10,40,20,20,40,247,105,10,270,10178
20180715,11,90,20,20,60,261,116,9,295,10175
20180715,12,50,20,30,50,259,108,8,304,10169
20180715,13,70,20,30,50,270,101,9,293,10163
20180715,14,360,20,20,70,277,105,8,258,10156
20180715,15,40,30,30,60,274,102,10,259,10153
20180715,16,30,30,20,70,279,96,8,142,10149
20180715,17,40,30,40,70,272,104,10,155,10146
20180715,18,50,40,50,70,264,96,10,96,10145
20180715,19,40,40,20,70,248,129,10,41,10147
20180715,20,30,30,30,50,227,144,0,3,10152
20180715,21,30,20,10,40,193,149,0,0,10155
20180715,22,30,10,10,20,159,142,0,0,10154
20180715,23,50,10,10,20,147,136,0,0,10153
20180715,24,80,20,20,30,145,129,0,0,10152
20180716,1,90,20,20,30,141,118,0,0,10150
20180716,2,100,20,20,30,135,112,0,0,10147
20180716,3,80,20,10,20,121,108,0,0,10146
20180716,4,80,10,10,20,115,110,0,1,10145
20180716,5,90,10,10,20,154,120,8,21,10146
20180716,6,120,10,10,20,199,123,10,64,10146
20180716,7,150,10,20,30,222,125,10,121,10145
20180716,8,150,20,30,40,239,118,10,179,10144
20180716,9,180,20,20,50,255,110,10,230,10141
20180716,10,990,10,10,40,275,105,10,269,10138
20180716,11,360,20,20,40,281,106,9,273,10136
20180716,12,210,20,20,50,286,90,9,291,10133
20180716,13,350,20,20,50,293,104,9,295,10128
20180716,14,330,30,20,70,287,95,8,262,10124
20180716,15,320,30,30,70,287,96,8,237,10121
20180716,16,50,30,30,70,278,104,7,163,10120
20180716,17,30,20,30,60,280,84,7,125,10117
20180716,18,40,30,30,60,274,90,10,92,10119
20180716,19,30,30,30,50,261,102,10,39,10122
20180716,20,30,20,20,40,222,119,2,5,10126
20180716,21,60,10,10,30,184,134,0,0,10128
20180716,22,240,30,20,60,219,142,0,0,10135
20180716,23,190,20,20,50,213,139,0,0,10136
20180716,24,990,20,10,50,210,130,0,0,10130
20180717,1,60,20,20,40,188,137,0,0,10125
20180717,2,160,10,10,20,179,142,0,0,10129
20180717,3,230,10,20,30,164,138,0,0,10128
20180717,4,100,10,20,20,163,144,0,1,10128
20180717,5,200,10,20,30,174,148,0,12,10131
20180717,6,240,20,30,60,208,139,3,57,10134
20180717,7,240,30,30,50,218,140,10,117,10134
20180717,8,230,30,30,60,224,151,10,175,10139
20180717,9,220,30,30,80,244,169,10,227,10141
20180717,10,230,40,50,80,240,149,9,246,10146
20180717,11,250,40,40,80,241,144,7,220,10149
20180717,12,260,40,40,90,246,138,7,233,10149
20180717,13,240,50,50,90,254,129,9,272,10151
20180717,14,250,50,50,100,244,138,10,264,10155
20180717,15,260,50,50,100,236,116,10,251,10157
20180717,16,270,50,40,90,229,116,10,202,10159
20180717,17,280,50,50,90,212,107,10,146,10163
20180717,18,290,40,40,100,206,115,10,95,10166
20180717,19,290,40,20,80,197,118,10,41,10172
20180717,20,290,30,20,70,185,120,2,6,10177
20180717,21,300,20,10,50,166,122,0,0,10179
20180717,22,0,10,0,20,137,123,0,0,10181
20180717,23,0,0,0,10,128,121,0,0,10181
20180717,24,0,10,0,10,120,115,0,0,10180
20180718,1,160,10,10,10,116,114,0,0,10181
20180718,2,150,10,10,10,114,113,0,0,10179
20180718,3,140,10,10,20,108,105,0,0,10180
20180718,4,100,10,20,20,105,104,0,1,10181
20180718,5,120,10,10,20,128,121,3,18,10184
20180718,6,210,10,10,20,173,120,10,63,10187
20180718,7,210,20,20,40,195,117,10,119,10188
20180718,8,210,20,20,50,212,109,10,175,10189
20180718,9,220,30,30,60,222,110,9,215,10189
20180718,10,220,40,40,70,224,102,6,207,10189
20180718,11,230,30,20,60,230,99,6,224,10189
20180718,12,200,30,30,70,243,106,6,243,10187
20180718,13,200,20,20,60,239,97,8,298,10186
20180718,14,70,20,10,50,239,101,1,130,10183
20180718,15,990,10,10,30,246,90,2,111,10182
20180718,16,300,20,30,50,231,127,0,53,10182
20180718,17,320,30,30,70,240,128,5,98,10182
20180718,18,300,40,40,70,228,118,10,103,10184
20180718,19,340,30,30,70,211,123,10,38,10187
20180718,20,330,20,20,50,194,118,2,3,10188
20180718,21,340,20,30,40,186,127,0,0,10191
20180718,22,340,20,20,40,162,131,0,0,10192
20180718,23,20,20,20,40,185,143,0,0,10190
20180718,24,350,10,10,30,161,140,0,0,10190
20180719,1,990,10,10,20,150,139,0,0,10189
20180719,2,310,20,20,30,144,136,0,0,10189
20180719,3,330,10,20,20,129,123,0,0,10188
20180719,4,350,10,10,20,119,116,0,0,10187
20180719,5,310,10,10,10,137,133,2,16,10189
20180719,6,310,10,10,20,181,139,8,64,10188
20180719,7,320,20,20,30,192,135,6,85,10190
20180719,8,350,20,30,50,215,148,7,157,10190
20180719,9,330,30,40,60,228,119,10,220,10188
20180719,10,330,30,30,50,242,130,10,255,10187
20180719,11,330,30,30,60,245,112,10,290,10185
20180719,12,280,30,20,60,248,124,7,259,10182
20180719,13,320,30,30,50,244,119,1,143,10181
20180719,14,330,20,30,40,243,107,0,72,10181
20180719,15,310,30,30,70,259,89,6,190,10178
20180719,16,320,40,40,80,240,75,2,123,10176
20180719,17,340,40,40,80,240,84,7,122,10173
20180719,18,330,40,30,70,228,125,10,91,10173
20180719,19,360,40,40,70,214,142,10,32,10174
20180719,20,340,30,20,60,197,135,2,4,10177
20180719,21,340,20,20,40,178,140,0,0,10175
20180719,22,330,20,20,30,165,141,0,0,10172
20180719,23,340,20,20,30,148,136,0,0,10171
20180719,24,350,10,20,30,122,118,0,0,10167
20180720,1,330,20,10,30,123,121,0,0,10164
20180720,2,320,10,20,30,114,112,0,0,10162
20180720,3,350,20,20,30,106,101,0,0,10160
20180720,4,30,10,10,30,105,101,0,0,10157
20180720,5,20,10,10,20,126,123,7,18,10156
20180720,6,330,10,10,30,153,131,8,60,10153
20180720,7,290,10,20,30,173,136,9,110,10152
20180720,8,330,20,30,40,190,134,10,165,10151
20180720,9,350,30,30,60,208,135,10,225,10146
20180720,10,300,30,40,60,220,134,10,276,10147
20180720,11,300,30,30,60,224,133,10,296,10143
20180720,12,330,30,30,50,231,134,7,271,10141
20180720,13,300,30,30,60,237,132,6,255,10137
20180720,14,300,30,30,60,233,118,6,218,10135
20180720,15,330,30,30,60,241,108,9,237,10131
20180720,16,320,30,30,70,239,75,7,167,10125
20180720,17,310,30,30,50,246,83,8,149,10123
20180720,18,340,30,40,70,229,137,8,74,10123
20180720,19,340,40,20,70,218,146,7,26,10122
20180720,20,340,30,20,60,207,147,2,7,10124
20180720,21,320,20,20,40,196,141,0,0,10124
20180720,22,330,20,30,40,190,134,0,0,10120
20180720,23,330,30,20,60,187,141,0,0,10118
20180720,24,350,20,20,30,184,141,0,0,10115
20180721,1,10,20,20,40,184,128,0,0,10112
20180721,2,10,20,20,40,178,128,0,0,10112
20180721,3,350,10,10,40,158,131,0,0,10108
20180721,4,330,10,10,30,150,131,0,0,10107
20180721,5,320,10,10,30,165,132,5,15,10109
20180721,6,330,10,20,20,181,131,5,57,10112
20180721,7,310,10,20,30,197,140,10,112,10117
20180721,8,310,20,20,40,210,149,10,166,10116
20180721,9,270,20,20,40,225,153,10,218,10114
20180721,10,330,20,20,50,233,147,10,258,10115
20180721,11,320,30,20,60,245,144,10,285,10116
20180721,12,340,30,30,60,258,146,10,298,10115
20180721,13,310,30,30,70,267,145,10,296,10115
20180721,14,340,30,30,60,262,141,9,253,10116
20180721,15,310,40,30,70,264,143,10,238,10116
20180721,16,330,30,30,70,261,149,10,191,10117
20180721,17,330,40,40,80,252,149,10,121,10117
20180721,18,340,40,40,90,238,140,10,81,10120
20180721,19,340,40,30,80,220,140,10,33,10126
20180721,20,330,30,30,60,205,127,2,3,10134
20180721,21,310,20,20,40,186,128,0,0,10136
20180721,22,310,20,20,40,180,144,0,0,10136
20180721,23,320,20,20,30,171,149,0,0,10137
20180721,24,320,20,20,30,163,132,0,0,10138
20180722,1,300,10,10,20,143,134,0,0,10138
20180722,2,300,20,20,40,159,136,0,0,10141
20180722,3,300,20,20,40,163,154,0,0,10141
20180722,4,300,20,10,40,162,157,0,0,10142
20180722,5,280,10,20,20,167,161,2,15,10143
20180722,6,290,20,20,30,188,160,3,53,10147
20180722,7,320,20,20,40,204,149,10,105,10149
20180722,8,300,10,20,30,220,146,9,151,10150
20180722,9,250,10,20,40,237,144,6,192,10151
20180722,10,250,20,30,50,244,139,5,216,10153
20180722,11,220,30,40,70,251,135,6,257,10151
20180722,12,260,30,40,80,257,136,4,197,10149
20180722,13,230,30,30,70,258,123,5,201,10146
20180722,14,290,40,50,90,259,131,6,207,10150
20180722,15,290,50,50,90,255,106,10,252,10153
20180722,16,300,40,40,80,247,146,10,206,10152
20180722,17,290,40,40,80,241,145,10,131,10152
20180722,18,320,30,40,70,233,119,10,86,10153
20180722,19,310,30,30,60,216,135,10,36,10157
20180722,20,310,20,20,50,202,142,2,5,10161
20180722,21,300,20,10,30,189,139,0,0,10165
20180722,22,270,10,10,30,165,138,0,0,10168
20180722,23,320,10,10,20,145,136,0,0,10168
20180722,24,320,0,10,10,142,139,0,0,10169
20180723,1,0,0,0,10,145,139,0,0,10167
20180723,2,0,0,0,10,146,139,0,0,10167
20180723,3,0,0,0,10,135,129,0,0,10168
20180723,4,0,10,0,10,132,128,0,0,10169
20180723,5,100,0,10,10,156,142,5,16,10172
20180723,6,0,10,0,10,190,145,10,60,10173
20180723,7,130,10,10,20,207,140,10,110,10174
20180723,8,230,10,10,30,225,145,10,164,10174
20180723,9,990,10,10,30,240,150,10,216,10173
20180723,10,250,10,20,50,258,151,10,254,10173
20180723,11,270,20,20,40,267,154,10,283,10169
20180723,12,300,20,30,60,272,163,10,288,10171
20180723,13,350,30,20,50,276,165,10,295,10168
20180723,14,340,30,30,50,286,161,10,280,10167
20180723,15,340,20,30,60,290,165,10,237,10164
20180723,16,330,20,20,50,291,163,10,182,10161
20180723,17,310,20,20,50,292,162,10,142,10160
20180723,18,320,20,20,50,285,164,10,83,10160
20180723,19,320,30,20,50,265,165,10,32,10162
20180723,20,340,20,20,40,245,170,2,4,10164
20180723,21,20,20,20,30,231,176,0,0,10165
20180723,22,40,20,10,40,210,179,0,0,10164
20180723,23,50,10,10,20,191,173,0,0,10163
20180723,24,80,10,10,20,176,168,0,0,10160
20180724,1,70,10,10,10,170,162,0,0,10157
20180724,2,70,10,10,10,165,161,0,0,10153
20180724,3,0,10,0,10,162,159,0,0,10153
20180724,4,150,10,10,10,164,159,0,0,10153
20180724,5,0,10,0,10,180,176,0,14,10152
20180724,6,150,10,10,20,224,182,2,51,10152
20180724,7,0,10,0,20,248,185,10,101,10152
20180724,8,210,10,10,20,261,186,3,114,10152
20180724,9,230,10,10,30,279,166,5,171,10149
20180724,10,230,20,20,40,292,165,10,251,10147
20180724,11,190,30,30,60,289,163,9,265,10144
20180724,12,990,20,10,60,310,149,7,245,10141
20180724,13,160,20,20,50,309,157,7,239,10138
20180724,14,290,20,20,50,299,155,7,223,10136
20180724,15,320,30,30,60,302,163,4,150,10134
20180724,16,330,30,30,70,298,165,7,137,10134
20180724,17,320,40,30,80,289,153,10,125,10136
20180724,18,320,30,30,70,280,151,10,68,10137
20180724,19,350,30,30,60,263,145,10,27,10140
20180724,20,350,20,20,50,240,141,0,2,10145
20180724,21,20,20,10,40,228,130,0,0,10149
20180724,22,20,20,20,40,229,149,0,0,10150
20180724,23,20,20,20,40,210,159,0,0,10151
20180724,24,360,10,20,30,213,160,0,0,10149
20180725,1,330,20,10,30,212,162,0,0,10149
20180725,2,10,10,10,30,191,164,0,0,10148
20180725,3,360,10,10,30,198,166,0,0,10150
20180725,4,40,20,20,30,197,154,0,0,10149
20180725,5,360,10,20,30,192,158,0,7,10153
20180725,6,260,20,30,50,224,149,2,41,10164
20180725,7,290,20,10,40,244,154,4,88,10165
20180725,8,320,20,20,40,234,164,0,35,10170
20180725,9,330,20,10,30,231,160,0,33,10173
20180725,10,360,20,20,50,233,157,0,24,10167
20180725,11,20,20,10,50,244,161,0,57,10167
20180725,12,340,20,30,50,274,163,3,177,10166
20180725,13,310,20,30,50,290,139,7,251,10163
20180725,14,330,40,40,70,291,150,10,263,10163
20180725,15,330,40,40,80,296,151,10,227,10160
20180725,16,10,40,40,80,297,155,10,182,10157
20180725,17,10,40,40,80,287,166,10,130,10155
20180725,18,20,50,50,80,279,167,10,76,10157
20180725,19,30,40,40,70,268,160,10,29,10162
20180725,20,30,30,30,60,257,159,0,3,10161
20180725,21,20,20,20,50,242,160,0,0,10160
20180725,22,30,20,20,40,228,157,0,0,10162
20180725,23,30,20,20,40,220,157,0,0,10161
20180725,24,20,20,20,40,215,161,0,0,10162
20180726,1,10,20,20,40,208,166,0,0,10161
20180726,2,20,20,20,40,204,167,0,0,10159
20180726,3,40,20,30,40,198,167,0,0,10158
20180726,4,30,20,20,40,194,166,0,0,10156
20180726,5,30,20,20,30,199,168,0,11,10156
20180726,6,50,20,20,40,213,173,2,44,10155
20180726,7,70,20,20,40,236,174,9,93,10153
20180726,8,100,20,20,40,268,179,10,150,10152
20180726,9,110,20,20,40,293,171,10,201,10150
20180726,10,110,20,20,40,312,174,10,241,10146
20180726,11,160,30,30,50,329,167,10,270,10142
20180726,12,160,30,30,70,342,147,10,287,10139
20180726,13,170,40,40,80,350,140,10,289,10134
20180726,14,170,30,30,60,353,133,10,271,10130
20180726,15,150,30,30,70,354,137,10,236,10126
20180726,16,160,30,40,60,349,123,10,188,10123
20180726,17,130,30,20,60,349,123,10,138,10120
20180726,18,150,30,60,120,316,144,7,67,10126
20180726,19,160,50,30,110,307,119,0,11,10126
20180726,20,300,20,20,60,285,147,0,0,10134
20180726,21,10,20,20,30,266,169,0,0,10134
20180726,22,50,10,20,20,236,180,0,0,10134
20180726,23,50,10,10,30,239,177,0,0,10134
20180726,24,70,20,20,30,236,171,0,0,10130
20180727,1,110,30,30,50,266,140,0,0,10128
20180727,2,130,30,30,50,261,134,0,0,10127
20180727,3,130,30,30,60,264,126,0,0,10125
20180727,4,120,30,40,60,255,119,0,0,10125
20180727,5,130,40,50,80,266,111,5,14,10126
20180727,6,130,50,40,90,277,116,10,62,10127
20180727,7,130,50,40,80,289,123,10,110,10128
20180727,8,140,50,40,70,297,128,9,161,10127
20180727,9,130,50,50,90,318,113,9,204,10125
20180727,10,120,60,70,100,332,101,10,250,10121
20180727,11,140,60,60,100,339,102,10,283,10116
20180727,12,140,50,60,90,342,96,10,293,10112
20180727,13,150,50,50,90,348,88,10,296,10106
20180727,14,150,50,50,80,351,104,10,273,10100
20180727,15,140,50,50,80,352,95,10,242,10093
20180727,16,150,40,40,80,348,71,10,196,10088
20180727,17,150,40,40,70,335,94,7,108,10083
20180727,18,140,30,30,60,322,104,2,44,10077
20180727,19,110,20,20,40,298,138,10,30,10075
20180727,20,90,20,20,40,253,160,0,3,10077
20180727,21,90,30,40,50,275,113,0,0,10077
20180727,22,90,30,30,50,263,116,0,0,10072
20180727,23,90,30,30,50,252,118,0,0,10064
20180727,24,320,50,50,120,224,165,0,0,10074
20180728,1,340,30,20,80,219,165,0,0,10065
20180728,2,240,30,50,90,220,163,0,0,10075
20180728,3,250,30,20,70,209,174,0,0,10073
20180728,4,990,20,10,50,206,173,0,0,10061
20180728,5,240,10,20,20,202,173,0,4,10059
20180728,6,250,30,30,70,212,178,0,32,10066
20180728,7,100,20,10,60,208,181,0,20,10063
20180728,8,140,20,30,50,206,178,0,20,10065
20180728,9,200,30,30,90,203,180,0,40,10073
20180728,10,190,30,30,70,217,193,1,73,10074
20180728,11,170,50,50,100,206,184,4,159,10072
20180728,12,250,30,60,100,232,184,4,137,10072
20180728,13,260,70,60,130,226,156,6,195,10082
20180728,14,270,60,60,110,225,131,7,219,10089
20180728,15,270,60,50,110,226,126,9,214,10094
20180728,16,250,60,60,120,225,108,10,198,10101
20180728,17,260,50,50,110,226,101,10,139,10106
20180728,18,250,60,70,110,214,101,10,84,10111
20180728,19,240,50,40,100,202,102,10,33,10120
20180728,20,270,30,10,70,186,116,0,3,10129
20180728,21,210,20,20,30,163,119,0,0,10132
20180728,22,200,20,20,40,159,116,0,0,10134
20180728,23,180,20,10,30,135,120,0,0,10136
20180728,24,170,20,20,30,147,117,0,0,10136
20180729,1,150,20,20,30,140,120,0,0,10136
20180729,2,150,20,20,30,153,120,0,0,10134
20180729,3,150,20,20,30,152,121,0,0,10132
20180729,4,130,20,20,30,154,117,0,0,10129
20180729,5,140,20,20,40,160,112,0,6,10130
20180729,6,130,20,20,40,180,119,7,50,10124
20180729,7,140,30,40,70,194,145,4,84,10121
20180729,8,170,50,50,90,217,128,6,133,10120
20180729,9,180,50,40,90,236,108,6,179,10116
20180729,10,180,60,70,110,251,105,9,254,10113
20180729,11,190,70,70,120,250,96,6,235,10111
20180729,12,200,70,60,120,251,94,1,153,10110
20180729,13,180,60,70,120,256,93,3,201,10109
20180729,14,220,50,60,110,244,92,0,75,10110
20180729,15,200,40,40,100,247,94,0,72,10107
20180729,16,230,40,50,80,245,99,2,90,10110
20180729,17,230,40,40,80,246,95,0,42,10109
20180729,18,250,30,30,70,235,108,0,25,10114
20180729,19,200,30,30,70,232,121,0,7,10115
20180729,20,170,20,20,50,223,132,0,1,10119
20180729,21,170,20,30,40,221,138,0,0,10123
20180729,22,200,20,30,50,223,142,0,0,10125
20180729,23,170,20,20,50,215,148,0,0,10126
20180729,24,160,20,20,30,194,149,0,0,10126
20180730,1,170,20,20,40,208,148,0,0,10127
20180730,2,180,20,30,50,206,149,0,0,10130
20180730,3,170,20,20,50,198,153,0,0,10133
20180730,4,160,20,10,30,200,157,0,0,10134
20180730,5,150,20,20,40,206,160,2,9,10136
20180730,6,160,20,20,50,217,167,3,35,10138
20180730,7,180,30,30,60,235,162,8,104,10143
20180730,8,180,40,30,70,245,166,5,117,10145
20180730,9,190,50,60,80,254,165,9,203,10143
20180730,10,190,50,50,90,267,161,10,251,10142
20180730,11,210,50,50,100,276,160,7,226,10140
20180730,12,200,50,40,90,291,150,8,253,10139
20180730,13,200,50,60,100,295,156,8,275,10138
20180730,14,200,50,50,110,295,156,8,249,10136
20180730,15,220,40,30,100,304,156,9,225,10134
20180730,16,250,40,30,90,295,162,5,145,10135
20180730,17,220,30,20,60,285,166,7,108,10132
20180730,18,310,20,20,50,269,186,2,48,10139
20180730,19,250,20,20,40,268,174,2,11,10143
20180730,20,300,50,30,140,208,166,0,2,10157
20180730,21,360,20,20,60,200,166,0,0,10156
20180730,22,50,10,10,30,185,165,0,0,10155
20180730,23,70,10,10,20,172,164,0,0,10156
20180730,24,0,0,0,10,171,162,0,0,10154
20180731,1,110,10,10,20,174,166,0,0,10150
20180731,2,110,0,10,10,174,166,0,0,10150
20180731,3,0,10,0,10,174,168,0,0,10149
20180731,4,160,10,10,20,176,170,0,0,10146
20180731,5,990,10,10,10,182,173,0,5,10146
20180731,6,150,20,10,30,199,175,0,24,10145
20180731,7,150,30,30,40,217,170,0,61,10145
20180731,8,150,40,50,70,236,184,3,110,10146
20180731,9,190,50,50,80,253,185,7,173,10150
20180731,10,210,60,70,100,258,164,4,167,10155
20180731,11,260,70,60,120,240,165,4,168,10167
20180731,12,260,70,60,130,243,140,8,262,10172
20180731,13,270,50,60,110,245,135,6,228,10176
20180731,14,250,50,50,90,249,123,10,242,10180
20180731,15,280,50,40,90,249,114,10,242,10183
20180731,16,240,50,50,100,246,109,10,195,10185
20180731,17,280,40,30,80,243,118,10,139,10187
20180731,18,320,30,30,70,223,125,10,80,10193
20180731,19,320,30,30,60,205,117,10,26,10197
20180731,20,320,20,20,50,188,131,0,2,10201
20180731,21,320,10,10,30,155,135,0,0,10203
20180731,22,0,10,0,20,139,132,0,0,10206
20180731,23,0,0,0,10,133,126,0,0,10207
20180731,24,0,10,0,20,131,125,0,0,10206
20180801,1,60,10,10,10,123,119,0,0,10208
20180801,2,0,0,0,10,120,115,0,0,10210
20180801,3,0,0,0,10,114,109,0,0,10208
20180801,4,20,10,10,10,114,109,0,0,10208
20180801,5,70,10,10,10,126,122,3,11,10209
20180801,6,70,0,10,10,166,145,3,43,10213
20180801,7,0,10,0,20,195,145,7,90,10217
20180801,8,990,10,10,20,212,142,3,114,10219
20180801,9,330,10,10,30,232,114,9,197,10219
20180801,10,310,20,20,40,250,116,9,243,10217
20180801,11,360,20,20,40,255,126,8,281,10217
20180801,12,300,30,30,50,262,129,8,286,10215
20180801,13,340,20,20,50,258,123,7,249,10215
20180801,14,270,20,20,50,266,124,4,188,10213
20180801,15,310,20,20,50,268,129,5,181,10211
20180801,16,300,30,40,60,267,137,9,192,10209
20180801,17,320,40,40,70,257,139,10,135,10207
20180801,18,340,40,40,70,247,135,10,70,10210
20180801,19,340,30,20,70,228,124,8,24,10212
20180801,20,340,20,20,40,213,118,0,1,10219
20180801,21,350,20,20,30,197,122,0,0,10220
20180801,22,350,20,20,30,178,131,0,0,10222
20180801,23,330,20,20,30,178,134,0,0,10222
20180801,24,340,20,20,30,166,142,0,0,10221
20180802,1,340,20,20,30,174,156,0,0,10223
20180802,2,350,20,10,30,167,159,0,0,10223
20180802,3,360,20,20,30,159,154,0,0,10222
20180802,4,40,10,10,20,150,146,0,0,10223
20180802,5,60,10,10,20,157,153,2,9,10223
20180802,6,50,10,10,20,209,153,3,47,10225
20180802,7,990,10,10,20,237,140,10,92,10229
20180802,8,990,10,10,20,257,129,10,151,10230
20180802,9,290,20,30,40,258,137,10,207,10233
20180802,10,320,30,30,50,267,140,10,247,10233
20180802,11,300,30,30,60,277,143,10,274,10232
20180802,12,340,30,30,60,282,141,10,288,10230
20180802,13,290,30,30,50,291,145,10,281,10228
20180802,14,290,40,40,70,294,139,10,262,10228
20180802,15,310,40,40,80,285,141,10,233,10228
20180802,16,330,40,40,80,276,141,10,184,10228
20180802,17,340,40,40,70,270,140,10,129,10227
20180802,18,330,30,30,60,263,138,10,72,10228
20180802,19,340,20,20,50,246,142,8,24,10231
20180802,20,360,20,10,40,211,153,0,1,10234
20180802,21,340,10,10,20,191,151,0,0,10236
20180802,22,20,10,10,20,176,154,0,0,10238
20180802,23,350,10,10,20,169,151,0,0,10237
20180802,24,0,10,0,20,158,149,0,0,10234
20180803,1,330,10,20,30,162,152,0,0,10232
20180803,2,340,10,10,30,157,151,0,0,10231
20180803,3,330,10,10,20,147,143,0,0,10230
20180803,4,330,10,10,10,143,138,0,0,10228
20180803,5,360,0,10,20,158,153,0,8,10229
20180803,6,40,10,10,20,207,150,10,50,10229
20180803,7,20,10,20,30,234,149,10,99,10229
20180803,8,40,20,20,30,252,143,10,155,10229
20180803,9,340,20,20,40,268,139,10,207,10226
20180803,10,280,10,20,40,289,155,10,249,10222
20180803,11,310,30,30,60,288,155,10,277,10221
20180803,12,320,30,30,50,296,147,10,290,10216
20180803,13,320,30,40,60,303,157,10,286,10212
20180803,14,330,40,40,70,304,150,10,265,10208
20180803,15,330,40,30,60,299,129,10,230,10205
20180803,16,340,40,40,70,296,132,10,185,10203
20180803,17,350,40,40,70,289,147,10,129,10199
20180803,18,20,40,30,70,282,136,10,73,10199
20180803,19,40,40,30,60,258,158,8,25,10199
20180803,20,20,20,20,50,239,160,0,0,10200
20180803,21,350,20,20,40,225,159,0,0,10202
20180803,22,340,20,20,50,213,166,0,0,10207
20180803,23,30,20,30,50,219,177,0,0,10206
20180803,24,30,20,20,40,210,157,0,0,10203
20180804,1,50,20,20,40,204,156,0,0,10199
20180804,2,350,20,20,30,200,155,0,0,10198
20180804,3,80,10,10,30,185,156,0,0,10195
20180804,4,360,10,20,40,178,155,0,0,10198
20180804,5,10,10,10,30,174,155,0,5,10199
20180804,6,20,10,20,30,216,155,10,48,10200
20180804,7,360,20,20,30,235,151,10,101,10204
20180804,8,360,30,30,40,252,150,10,155,10206
20180804,9,320,30,30,50,260,177,10,203,10207
20180804,10,320,30,30,60,272,178,9,237,10206
20180804,11,320,40,40,70,273,171,8,256,10207
20180804,12,340,40,40,70,273,173,6,244,10207
20180804,13,330,30,30,60,273,179,6,239,10205
20180804,14,340,40,50,80,266,176,4,188,10203
20180804,15,330,40,50,90,263,180,3,155,10207
20180804,16,340,50,50,90,250,177,2,106,10211
20180804,17,340,50,50,90,231,177,5,85,10216
20180804,18,340,40,40,80,226,164,10,70,10215
20180804,19,340,30,30,70,209,167,5,18,10218
20180804,20,350,30,30,70,191,164,0,0,10222
20180804,21,330,20,20,50,191,163,0,0,10225
20180804,22,330,20,30,50,191,168,0,0,10226
20180804,23,320,30,30,50,186,168,0,0,10226
20180804,24,330,30,30,60,180,163,0,0,10227
20180805,1,330,20,20,50,179,163,0,0,10228
20180805,2,350,20,10,40,181,164,0,0,10230
20180805,3,50,10,10,20,166,156,0,0,10230
20180805,4,50,10,10,20,151,148,0,0,10233
20180805,5,20,10,10,20,156,151,3,9,10236
20180805,6,40,20,20,30,183,151,10,48,10240
20180805,7,40,20,20,40,197,150,9,100,10243
20180805,8,360,20,30,50,211,147,5,91,10242
20180805,9,30,30,30,60,226,149,8,202,10242
20180805,10,340,20,20,60,220,140,5,155,10242
20180805,11,10,30,30,50,241,136,6,230,10238
20180805,12,10,30,40,70,239,133,10,281,10236
20180805,13,10,30,40,70,245,123,10,285,10232
20180805,14,30,40,50,90,244,125,10,271,10229
20180805,15,20,40,30,80,248,118,10,236,10225
20180805,16,50,40,40,70,243,103,10,189,10220
20180805,17,40,30,40,60,240,117,10,133,10216
20180805,18,20,30,40,60,233,128,10,75,10213
20180805,19,20,30,40,60,217,135,8,26,10210
20180805,20,20,30,30,60,200,135,0,1,10211
20180805,21,20,20,20,50,192,140,0,0,10209
20180805,22,50,20,20,40,167,141,0,0,10209
20180805,23,60,20,20,40,169,138,0,0,10209
20180805,24,70,20,20,30,173,134,0,0,10206
20180806,1,70,20,20,30,175,133,0,0,10202
20180806,2,70,20,10,30,162,131,0,0,10195
20180806,3,90,20,20,30,139,125,0,0,10188
20180806,4,90,20,20,30,128,117,0,0,10183
20180806,5,90,10,10,20,148,125,2,8,10180
20180806,6,110,10,10,20,192,125,10,48,10179
20180806,7,140,20,20,40,216,129,10,104,10177
20180806,8,140,20,20,40,235,136,10,160,10174
20180806,9,160,20,20,40,254,130,10,211,10168
20180806,10,170,20,20,50,273,126,10,254,10163
20180806,11,140,20,30,60,285,121,10,284,10156
20180806,12,220,20,20,60,294,106,10,294,10150
20180806,13,200,20,20,50,298,96,10,285,10146
20180806,14,210,20,20,60,308,109,10,268,10141
20180806,15,250,20,20,60,309,98,10,226,10136
20180806,16,340,20,20,60,305,109,10,169,10133
20180806,17,330,30,20,60,301,114,10,126,10129
20180806,18,320,30,30,50,289,124,10,70,10127
20180806,19,40,20,20,40,266,132,8,23,10127
20180806,20,30,20,20,40,246,138,0,1,10129
20180806,21,10,20,20,30,209,154,0,0,10128
20180806,22,340,10,10,30,183,155,0,0,10127
20180806,23,10,10,10,20,168,154,0,0,10125
20180806,24,330,10,10,20,160,153,0,0,10121
20180807,1,50,10,10,10,155,148,0,0,10115
20180807,2,30,10,10,10,153,145,0,0,10111
20180807,3,0,10,0,20,150,147,0,0,10106
20180807,4,40,10,10,10,146,143,0,0,10104
20180807,5,80,10,10,10,155,151,0,6,10102
20180807,6,0,0,0,10,198,151,0,39,10103
20180807,7,280,0,10,10,231,150,10,91,10104
20180807,8,140,10,10,20,270,145,10,147,10102
20180807,9,990,10,10,20,291,134,10,200,10099
20180807,10,190,10,20,30,309,114,10,243,10093
20180807,11,240,20,20,50,324,124,10,277,10089
20180807,12,250,20,30,50,326,118,10,286,10086
20180807,13,150,20,40,60,332,53,10,285,10081
20180807,14,260,20,30,50,335,103,10,257,10077
20180807,15,190,20,20,50,335,112,10,221,10077
20180807,16,260,30,30,60,331,116,8,159,10079
20180807,17,990,10,10,50,321,139,6,79,10071
20180807,18,140,20,20,30,303,148,3,41,10069
20180807,19,120,20,20,40,280,155,2,12,10062
20180807,20,100,20,30,30,260,146,0,0,10059
20180807,21,100,30,40,60,270,126,0,0,10056
20180807,22,120,30,30,60,271,122,0,0,10054
20180807,23,280,40,60,120,261,142,0,0,10072
20180807,24,250,40,30,100,204,177,0,0,10097
20180808,1,70,40,40,90,195,180,0,0,10056
20180808,2,160,30,30,110,207,175,0,0,10068
20180808,3,200,40,50,90,202,180,0,0,10055
20180808,4,180,30,40,70,202,178,0,0,10065
20180808,5,140,30,30,60,202,183,0,1,10071
20180808,6,170,30,40,70,207,183,0,12,10074
20180808,7,200,50,60,100,208,181,2,24,10078
20180808,8,220,50,60,110,212,180,1,31,10084
20180808,9,220,60,70,120,215,177,1,72,10091
20180808,10,230,60,70,120,214,168,2,99,10103
20180808,11,230,60,60,110,222,165,1,101,10112
20180808,12,230,70,70,120,229,152,5,190,10120
20180808,13,220,60,70,120,221,141,4,182,10130
20180808,14,230,60,60,110,225,132,3,167,10134
20180808,15,240,50,50,100,219,131,2,136,10139
20180808,16,240,50,50,100,223,126,4,126,10138
20180808,17,280,40,30,90,212,145,3,66,10140
20180808,18,260,30,30,60,209,112,7,47,10144
20180808,19,260,30,20,90,195,111,7,22,10147
20180808,20,230,10,10,50,160,129,0,0,10152
20180808,21,150,10,10,20,139,127,0,0,10154
20180808,22,160,20,20,20,132,125,0,0,10153
20180808,23,140,10,10,20,128,123,0,0,10153
20180808,24,140,10,10,20,120,116,0,0,10154
20180809,1,150,20,20,30,119,114,0,0,10151
20180809,2,140,20,20,30,113,108,0,0,10150
20180809,3,130,10,20,20,114,111,0,0,10145
20180809,4,130,10,10,20,111,108,0,0,10145
20180809,5,90,10,10,20,132,125,3,10,10140
20180809,6,120,10,20,40,171,120,10,51,10140
20180809,7,130,20,20,40,192,120,9,89,10136
20180809,8,100,30,30,60,208,120,4,112,10131
20180809,9,90,30,40,60,216,121,0,91,10121
20180809,10,80,40,50,70,217,114,0,54,10112
20180809,11,70,50,60,90,221,119,1,110,10099
20180809,12,70,50,40,90,214,134,0,42,10093
20180809,13,50,40,20,120,186,166,0,42,10087
20180809,14,60,30,30,60,181,170,0,35,10072
20180809,15,990,20,10,60,183,173,0,25,10068
20180809,16,110,20,30,40,192,180,0,44,10059
20180809,17,130,30,20,50,200,184,2,57,10051
20180809,18,210,50,100,160,202,163,0,24,10050
20180809,19,240,80,70,150,179,155,2,10,10064
20180809,20,240,60,60,130,171,152,0,0,10091
20180809,21,240,50,50,110,159,153,0,0,10106
20180809,22,260,50,50,100,159,151,0,0,10122
20180809,23,270,50,40,130,151,139,0,0,10141
20180809,24,250,40,40,80,148,134,0,0,10152
20180810,1,280,50,50,110,142,122,0,0,10168
20180810,2,240,30,30,80,139,121,0,0,10175
20180810,3,230,30,30,50,129,113,0,0,10178
20180810,4,190,30,30,50,129,114,0,0,10180
20180810,5,180,30,40,60,131,123,0,6,10185
20180810,6,200,40,30,70,141,124,7,39,10190
20180810,7,200,50,50,100,152,132,6,76,10192
20180810,8,200,50,40,90,169,129,10,160,10196
20180810,9,220,50,60,100,184,119,9,185,10199
20180810,10,230,60,60,110,196,109,5,197,10199
20180810,11,210,60,60,120,193,101,5,137,10199
20180810,12,220,70,80,140,198,100,6,181,10202
20180810,13,240,60,50,120,195,100,6,184,10202
20180810,14,220,70,70,130,204,96,9,248,10200
20180810,15,220,70,60,120,182,88,1,61,10201
20180810,16,220,60,70,110,204,96,10,196,10192
20180810,17,190,50,40,100,207,93,3,74,10181
20180810,18,220,50,60,110,204,82,2,21,10180
20180810,19,250,50,40,120,171,118,0,1,10188
20180810,20,210,50,40,140,146,132,0,0,10185
20180810,21,220,50,60,120,151,135,0,0,10186
20180810,22,240,60,40,120,143,127,0,0,10188
20180810,23,230,30,30,90,130,116,0,0,10192
20180810,24,220,30,40,60,126,111,0,0,10193
20180811,1,220,40,30,70,123,109,0,0,10191
20180811,2,230,30,30,50,123,112,0,0,10193
20180811,3,220,30,30,50,122,114,0,0,10195
20180811,4,230,30,30,40,123,112,0,0,10197
20180811,5,230,30,30,50,124,107,0,2,10202
20180811,6,230,30,20,50,135,109,0,14,10208
20180811,7,240,30,40,70,157,110,7,73,10213
20180811,8,250,40,50,100,171,100,8,126,10217
20180811,9,260,50,50,100,175,97,9,155,10221
20180811,10,270,50,50,100,179,87,9,234,10224
20180811,11,260,40,40,90,192,93,9,251,10225
20180811,12,250,40,50,90,192,86,8,231,10225
20180811,13,250,40,40,80,206,97,8,230,10224
20180811,14,260,40,40,90,206,89,9,236,10224
20180811,15,280,40,40,90,195,84,9,202,10224
20180811,16,260,40,40,80,193,88,8,130,10223
20180811,17,280,40,30,90,192,77,10,125,10223
20180811,18,260,30,30,70,186,84,10,63,10220
20180811,19,270,20,20,50,165,82,5,13,10218
20180811,20,110,10,10,20,127,100,0,0,10216
20180811,21,90,10,10,10,115,103,0,0,10212
20180811,22,120,10,10,10,111,105,0,0,10207
20180811,23,160,10,10,20,114,107,0,0,10203
20180811,24,150,10,20,20,113,104,0,0,10197
20180812,1,150,20,20,30,121,107,0,0,10192
20180812,2,150,20,20,40,136,105,0,0,10184
20180812,3,170,20,20,40,141,106,0,0,10178
20180812,4,150,20,20,30,141,110,0,0,10171
20180812,5,150,20,20,30,145,113,0,1,10170
20180812,6,150,10,20,30,154,115,0,11,10165
20180812,7,170,20,30,60,168,107,0,31,10160
20180812,8,170,40,40,70,186,115,0,60,10157
20180812,9,180,40,40,70,210,123,2,130,10153
20180812,10,190,40,40,80,218,119,2,145,10150
20180812,11,180,40,50,80,235,127,1,164,10144
20180812,12,220,40,50,90,249,119,5,223,10139
20180812,13,190,50,50,90,249,118,1,160,10131
20180812,14,190,50,40,90,257,117,6,212,10121
20180812,15,210,40,40,80,265,109,8,198,10113
20180812,16,210,30,30,70,259,97,4,115,10108
20180812,17,190,20,20,50,252,111,0,51,10101
20180812,18,160,10,20,30,226,168,0,16,10095
20180812,19,310,10,10,20,210,147,0,5,10094
20180812,20,0,0,0,20,196,158,0,0,10093
20180812,21,360,10,10,10,188,164,0,0,10087
20180812,22,90,10,10,20,187,162,0,0,10081
20180812,23,150,20,20,20,185,165,0,0,10078
20180812,24,140,10,10,20,185,148,0,0,10073
20180813,1,140,10,20,20,180,160,0,0,10066
20180813,2,200,10,10,20,179,156,0,0,10061
20180813,3,150,20,20,30,182,145,0,0,10054
20180813,4,160,10,20,20,176,150,0,0,10053
20180813,5,140,20,30,40,185,138,0,1,10051
20180813,6,180,30,40,60,187,143,0,7,10053
20180813,7,220,30,40,80,212,156,5,68,10051
20180813,8,220,50,60,90,201,160,3,89,10053
20180813,9,210,40,30,80,210,170,0,96,10054
20180813,10,210,50,50,80,206,163,2,116,10054
20180813,11,230,40,40,80,207,170,1,96,10053
20180813,12,210,30,20,80,214,176,2,121,10050
20180813,13,310,30,50,80,168,151,1,56,10059
20180813,14,250,10,10,40,168,164,0,9,10056
20180813,15,990,10,10,20,190,175,0,75,10057
20180813,16,990,10,10,30,190,174,0,36,10059
20180813,17,290,30,30,80,197,168,7,109,10061
20180813,18,280,30,30,70,190,159,0,23,10065
20180813,19,270,30,30,50,186,157,5,16,10070
20180813,20,260,30,20,70,176,153,0,0,10073
20180813,21,230,20,20,40,169,150,0,0,10075
20180813,22,240,20,20,40,177,154,0,0,10080
20180813,23,250,30,20,70,173,164,0,0,10084
20180813,24,240,20,20,40,174,164,0,0,10086
20180814,1,230,20,20,40,176,166,0,0,10086
20180814,2,250,20,30,50,180,164,0,0,10089
20180814,3,270,30,40,70,179,164,0,0,10093
20180814,4,280,30,30,80,171,160,0,0,10098
20180814,5,280,30,20,60,171,154,0,2,10106
20180814,6,270,30,30,90,181,149,5,34,10113
20180814,7,270,40,40,70,186,150,8,75,10121
20180814,8,290,50,40,90,196,143,8,116,10128
20180814,9,290,50,50,100,201,136,8,167,10135
20180814,10,280,40,40,90,208,135,8,187,10140
20180814,11,280,50,50,90,206,130,5,183,10143
20180814,12,300,40,50,90,217,128,8,239,10147
20180814,13,280,50,50,90,214,136,6,191,10154
20180814,14,290,40,50,90,209,140,3,133,10159
20180814,15,270,40,40,90,203,141,0,88,10162
20180814,16,290,40,30,70,198,149,0,56,10163
20180814,17,270,30,30,60,187,161,0,19,10164
20180814,18,990,10,10,40,184,169,0,9,10166
20180814,19,270,20,20,50,179,156,3,9,10168
20180814,20,250,20,20,30,176,153,0,0,10173
20180814,21,220,10,10,20,166,156,0,0,10174
20180814,22,230,10,20,30,177,151,0,0,10175
20180814,23,230,20,20,30,174,148,0,0,10178
20180814,24,210,20,20,30,164,147,0,0,10175
20180815,1,210,20,20,30,175,154,0,0,10174
20180815,2,210,20,20,40,179,157,0,0,10173
20180815,3,210,20,20,40,179,155,0,0,10172
20180815,4,220,20,30,50,178,155,0,0,10169
20180815,5,210,30,30,50,178,159,0,3,10171
20180815,6,220,30,30,50,181,164,0,16,10176
20180815,7,220,30,40,60,192,170,0,54,10179
20180815,8,220,40,40,60,205,177,2,99,10181
20180815,9,220,40,40,60,211,174,0,105,10183
20180815,10,220,40,40,70,217,175,1,124,10183
20180815,11,200,40,40,80,217,167,1,103,10183
20180815,12,240,40,40,80,205,163,0,21,10185
20180815,13,230,40,40,70,225,158,1,93,10185
20180815,14,240,50,50,100,217,147,0,106,10185
20180815,15,240,50,50,120,214,145,4,156,10186
20180815,16,240,40,40,100,204,149,0,59,10185
20180815,17,200,40,50,70,206,153,3,53,10181
20180815,18,210,30,30,60,207,158,0,29,10178
20180815,19,200,30,20,60,202,157,3,9,10178
20180815,20,200,30,30,60,194,150,0,0,10179
20180815,21,190,30,30,50,194,145,0,0,10176
20180815,22,190,30,20,60,186,147,0,0,10175
20180815,23,210,30,30,50,179,143,0,0,10173
20180815,24,190,30,30,70,174,144,0,0,10169
20180816,1,200,30,40,70,168,142,0,0,10166
20180816,2,200,30,30,60,162,140,0,0,10163
20180816,3,200,30,30,50,158,139,0,0,10162
20180816,4,190,30,30,50,157,138,0,0,10161
20180816,5,200,30,30,60,159,138,0,3,10160
20180816,6,200,40,40,80,170,143,10,35,10159
20180816,7,200,40,40,80,181,147,10,87,10155
20180816,8,200,50,40,80,197,153,10,147,10155
20180816,9,200,50,60,110,210,148,10,208,10153
20180816,10,220,50,50,100,209,144,2,106,10152
20180816,11,230,50,50,100,204,146,0,52,10152
20180816,12,220,50,60,100,206,143,0,79,10152
20180816,13,210,60,50,100,216,149,1,134,10150
20180816,14,250,50,50,90,230,150,4,143,10148
20180816,15,270,40,40,70,231,150,7,180,10147
20180816,16,280,30,30,60,228,152,6,125,10147
20180816,17,330,30,50,80,205,161,9,98,10146
20180816,18,350,40,40,70,181,150,7,40,10150
20180816,19,70,30,20,70,170,144,3,8,10148
20180816,20,90,20,20,40,160,144,0,0,10151
20180816,21,110,10,10,30,150,144,0,0,10147
20180816,22,240,10,10,20,153,148,0,0,10152
20180816,23,990,0,10,20,159,152,0,0,10160
20180816,24,230,20,10,60,161,155,0,0,10154
20180817,1,180,20,20,40,158,153,0,0,10158
20180817,2,200,20,20,40,156,152,0,0,10160
20180817,3,190,10,10,30,155,152,0,0,10158
20180817,4,230,10,10,20,154,151,0,0,10161
20180817,5,230,10,10,30,151,148,0,1,10167
20180817,6,220,10,10,30,151,148,0,7,10170
20180817,7,0,10,0,20,160,150,0,34,10174
20180817,8,300,10,10,20,178,150,2,84,10182
20180817,9,250,10,10,20,191,146,2,126,10186
20180817,10,270,20,20,40,207,136,10,242,10187
20180817,11,310,20,20,40,216,126,6,184,10188
20180817,12,320,20,10,50,214,117,5,176,10190
20180817,13,300,30,30,60,226,114,10,281,10191
20180817,14,300,40,30,80,224,111,10,252,10191
20180817,15,280,30,30,70,218,117,9,181,10193
20180817,16,310,40,30,80,218,100,10,174,10193
20180817,17,310,30,30,60,213,100,10,115,10193
20180817,18,310,20,20,50,203,108,10,57,10198
20180817,19,300,20,20,40,178,116,5,11,10204
20180817,20,270,10,10,30,139,125,0,0,10206
20180817,21,230,10,10,20,126,121,0,0,10208
20180817,22,230,10,20,30,121,116,0,0,10210
20180817,23,160,10,10,20,117,112,0,0,10211
20180817,24,200,10,10,20,113,108,0,0,10211
20180818,1,210,20,10,30,116,111,0,0,10210
20180818,2,180,10,10,30,112,107,0,0,10210
20180818,3,180,10,10,40,118,113,0,0,10207
20180818,4,170,20,20,50,124,118,0,0,10208
20180818,5,190,20,20,30,130,122,0,3,10209
20180818,6,210,30,30,50,148,131,7,31,10212
20180818,7,200,30,40,60,166,141,10,83,10213
20180818,8,210,40,40,60,185,151,10,136,10214
20180818,9,220,40,50,80,193,148,5,132,10217
20180818,10,220,40,40,80,211,150,7,165,10216
20180818,11,210,40,50,80,201,143,1,72,10217
20180818,12,240,40,30,90,203,144,0,98,10217
20180818,13,240,40,50,90,207,144,0,103,10216
20180818,14,240,50,40,90,204,141,0,90,10215
20180818,15,250,30,40,70,206,138,0,56,10215
20180818,16,240,40,40,80,215,141,3,106,10212
20180818,17,250,40,40,70,206,136,0,51,10213
20180818,18,270,30,30,80,203,135,3,27,10215
20180818,19,240,20,20,50,193,137,2,6,10214
20180818,20,230,20,10,40,187,145,0,0,10218
20180818,21,230,20,20,30,190,148,0,0,10217
20180818,22,240,20,20,40,188,149,0,0,10219
20180818,23,230,20,20,40,187,150,0,0,10219
20180818,24,220,20,20,40,185,153,0,0,10216
20180819,1,200,20,20,40,184,154,0,0,10214
20180819,2,220,30,30,50,183,152,0,0,10211
20180819,3,220,30,30,60,177,140,0,0,10208
20180819,4,200,30,20,60,174,139,0,0,10206
20180819,5,200,30,30,50,171,140,0,1,10205
20180819,6,190,30,30,70,171,140,0,13,10205
20180819,7,210,40,40,60,172,143,0,48,10205
20180819,8,180,40,40,60,180,149,0,66,10204
20180819,9,210,40,40,70,186,154,0,78,10204
20180819,10,200,40,50,80,194,156,0,104,10201
20180819,11,210,50,50,90,203,154,0,92,10197
20180819,12,210,50,60,100,212,158,1,133,10193
20180819,13,220,50,60,100,214,152,0,106,10191
20180819,14,220,60,60,110,224,152,0,119,10185
20180819,15,220,60,60,120,221,150,1,106,10183
20180819,16,230,50,60,100,221,153,0,51,10181
20180819,17,260,50,50,100,210,164,0,20,10181
20180819,18,240,50,50,80,203,163,0,15,10180
20180819,19,250,40,30,90,198,159,0,1,10178
20180819,20,240,40,40,80,194,161,0,0,10180
20180819,21,240,30,30,80,191,165,0,0,10181
20180819,22,240,30,30,60,190,167,0,0,10182
20180819,23,230,30,30,50,191,170,0,0,10182
20180819,24,230,30,30,60,192,171,0,0,10178
20180820,1,220,30,30,60,194,174,0,0,10176
20180820,2,230,30,30,60,194,178,0,0,10178
20180820,3,230,30,20,60,194,180,0,0,10176
20180820,4,240,20,20,40,193,183,0,0,10175
20180820,5,250,20,20,50,193,183,0,1,10177
20180820,6,270,20,20,40,195,183,0,6,10183
20180820,7,290,20,30,50,194,169,0,21,10188
20180820,8,290,20,30,50,196,169,0,35,10193
20180820,9,280,20,20,40,198,166,0,42,10199
20180820,10,300,20,20,40,207,163,0,91,10199
20180820,11,340,20,20,40,212,163,1,90,10201
20180820,12,320,30,30,50,211,157,1,83,10201
20180820,13,330,30,30,50,216,157,2,118,10202
20180820,14,330,20,20,40,220,162,0,93,10201
20180820,15,320,30,20,50,219,156,2,98,10201
20180820,16,320,30,30,50,229,156,9,145,10199
20180820,17,340,30,30,50,222,152,8,102,10198
20180820,18,320,20,20,50,218,156,10,51,10199
20180820,19,340,20,20,50,198,154,3,9,10203
20180820,20,320,20,10,40,177,159,0,0,10208
20180820,21,350,20,10,30,171,157,0,0,10209
20180820,22,0,10,0,20,151,146,0,0,10210
20180820,23,340,10,10,10,148,145,0,0,10209
20180820,24,0,10,0,20,147,142,0,0,10210
20180821,1,0,0,0,10,158,153,0,0,10210
20180821,2,350,0,10,10,159,154,0,0,10210
20180821,3,150,10,10,20,156,153,0,0,10206
20180821,4,70,10,10,20,154,149,0,0,10204
20180821,5,10,10,10,10,144,141,0,1,10207
20180821,6,0,10,0,10,153,148,0,17,10209
20180821,7,100,10,10,20,191,171,7,73,10212
20180821,8,180,20,10,30,207,168,10,128,10213
20180821,9,170,20,20,40,222,174,10,183,10211
20180821,10,160,30,20,50,232,159,9,227,10209
20180821,11,150,20,20,40,238,158,4,182,10206
20180821,12,180,20,20,40,244,163,4,198,10204
20180821,13,180,20,30,50,249,163,4,197,10200
20180821,14,160,20,20,40,253,162,3,170,10196
20180821,15,190,20,20,50,243,166,1,75,10195
20180821,16,210,10,10,30,244,160,0,47,10191
20180821,17,0,10,0,20,241,177,1,46,10187
20180821,18,320,10,20,30,235,175,2,19,10185
20180821,19,310,20,20,40,216,181,3,7,10187
20180821,20,310,20,20,30,192,177,0,0,10190
20180821,21,320,10,10,30,174,169,0,0,10187
20180821,22,350,10,10,10,166,164,0,0,10190
20180821,23,90,0,10,20,169,166,0,0,10188
20180821,24,0,0,0,10,167,164,0,0,10187
20180822,1,990,10,10,10,165,162,0,0,10184
20180822,2,350,10,10,10,159,156,0,0,10181
20180822,3,340,0,10,20,150,150,0,0,10177
20180822,4,320,10,10,20,142,142,0,0,10175
20180822,5,0,10,0,20,143,143,0,1,10177
20180822,6,0,0,0,10,172,169,3,25,10177
20180822,7,300,10,10,20,198,180,5,66,10176
20180822,8,300,10,20,20,213,181,9,117,10176
20180822,9,280,20,20,40,234,182,9,177,10175
20180822,10,250,30,40,60,236,175,8,202,10174
20180822,11,250,30,40,80,244,172,6,206,10171
20180822,12,240,40,40,80,244,166,7,227,10171
20180822,13,250,40,40,80,246,165,6,206,10168
20180822,14,250,40,40,80,243,161,8,204,10166
20180822,15,240,40,40,80,245,160,10,194,10164
20180822,16,260,30,40,70,239,159,9,135,10162
20180822,17,240,30,30,60,233,156,10,95,10158
20180822,18,300,20,20,50,219,161,10,38,10157
20180822,19,310,20,20,40,197,165,2,4,10161
20180822,20,310,20,10,30,179,162,0,0,10162
20180822,21,340,10,10,20,157,154,0,0,10163
20180822,22,340,0,10,10,148,148,0,0,10161
20180822,23,340,10,10,10,141,140,0,0,10159
20180822,24,160,10,20,20,136,136,0,0,10154
20180823,1,160,20,20,30,140,140,0,0,10149
20180823,2,160,10,20,30,140,140,0,0,10145
20180823,3,200,20,20,30,146,143,0,0,10140
20180823,4,210,20,20,50,167,164,0,0,10137
20180823,5,200,30,30,50,173,166,0,0,10134
20180823,6,210,30,30,50,174,160,0,12,10131
20180823,7,210,30,30,70,185,159,2,54,10130
20180823,8,210,30,40,60,190,162,0,67,10130
20180823,9,220,40,40,70,197,163,0,83,10130
20180823,10,230,50,50,70,203,165,0,90,10128
20180823,11,220,50,50,90,212,165,0,98,10125
20180823,12,220,50,40,80,213,169,2,113,10122
20180823,13,230,40,40,80,217,161,0,63,10120
20180823,14,230,50,50,90,221,155,1,94,10115
20180823,15,230,50,40,90,218,157,0,39,10110
20180823,16,230,40,40,90,219,155,0,59,10105
20180823,17,230,40,40,80,216,158,2,32,10101
20180823,18,240,50,40,90,210,160,0,11,10099
20180823,19,260,50,50,100,191,170,0,2,10100
20180823,20,290,30,20,70,172,167,0,0,10106
20180823,21,300,20,20,60,165,156,0,0,10110
20180823,22,270,20,10,40,154,145,0,0,10108
20180823,23,200,10,20,20,129,126,0,0,10104
20180823,24,190,10,10,20,141,138,0,0,10100
20180824,1,200,20,20,40,147,142,0,0,10097
20180824,2,200,20,20,40,149,145,0,0,10092
20180824,3,210,20,20,40,154,149,0,0,10091
20180824,4,290,30,30,70,156,141,0,0,10095
20180824,5,280,30,20,70,150,124,0,0,10100
20180824,6,270,30,30,50,147,117,0,8,10107
20180824,7,260,30,40,70,161,105,7,72,10112
20180824,8,280,50,60,100,165,96,10,125,10117
20180824,9,280,50,50,100,175,91,8,140,10120
20180824,10,260,50,50,110,178,91,7,177,10123
20180824,11,280,50,60,110,177,83,9,242,10124
20180824,12,270,50,60,130,177,84,9,231,10125
20180824,13,250,50,50,110,182,77,8,198,10124
20180824,14,250,60,60,120,176,75,6,188,10123
20180824,15,250,50,40,110,171,79,0,86,10121
20180824,16,270,50,40,100,164,80,3,77,10121
20180824,17,250,50,50,110,172,76,8,66,10117
20180824,18,230,40,50,90,165,82,7,39,10111
20180824,19,210,50,50,110,150,76,2,4,10107
20180824,20,260,30,30,70,144,96,0,0,10106
20180824,21,50,20,20,60,127,103,0,0,10102
20180824,22,280,20,30,70,118,101,0,0,10107
20180824,23,160,20,20,60,110,102,0,0,10094
20180824,24,160,20,20,40,109,104,0,0,10088
20180825,1,170,20,20,40,113,107,0,0,10081
20180825,2,210,30,40,70,115,108,0,0,10072
20180825,3,240,30,40,60,112,106,0,0,10072
20180825,4,260,20,20,70,109,104,0,0,10072
20180825,5,250,20,30,60,108,102,0,0,10076
20180825,6,250,30,30,70,108,100,0,7,10078
20180825,7,250,20,30,50,122,106,2,51,10087
20180825,8,240,30,40,70,140,108,8,106,10093
20180825,9,260,40,30,80,157,105,10,189,10098
20180825,10,260,40,50,80,162,94,10,232,10100
20180825,11,270,30,30,70,157,100,5,122,10106
20180825,12,290,30,20,90,153,107,2,90,10111
20180825,13,230,30,20,210,154,122,4,126,10115
20180825,14,280,30,30,90,148,106,3,95,10122
20180825,15,290,40,40,100,166,91,8,180,10125
20180825,16,310,40,30,110,141,103,6,83,10132
20180825,17,330,40,30,80,138,84,5,79,10136
20180825,18,340,20,30,100,126,95,2,17,10142
20180825,19,360,10,10,50,111,101,2,6,10148
20180825,20,190,10,20,30,98,93,0,0,10153
20180825,21,220,20,20,30,99,94,0,0,10155
20180825,22,230,20,20,30,95,90,0,0,10156
20180825,23,250,20,30,50,111,100,0,0,10159
20180825,24,240,30,20,60,106,95,0,0,10160
20180826,1,220,20,20,40,90,87,0,0,10159
20180826,2,230,20,20,40,100,94,0,0,10160
20180826,3,220,20,20,30,89,84,0,0,10160
20180826,4,230,20,20,30,88,83,0,0,10160
20180826,5,210,20,10,30,71,70,0,1,10162
20180826,6,180,10,10,20,105,100,5,26,10165
20180826,7,200,10,20,30,129,112,5,64,10166
20180826,8,200,20,20,40,152,112,9,123,10163
20180826,9,180,30,40,60,165,92,10,176,10164
20180826,10,190,40,50,80,172,72,9,216,10159
20180826,11,200,50,40,80,178,96,9,238,10155
20180826,12,180,50,50,100,182,91,6,208,10149
20180826,13,180,50,50,90,188,93,5,196,10140
20180826,14,190,60,50,100,185,87,3,137,10132
20180826,15,200,50,60,110,180,74,0,92,10127
20180826,16,200,50,50,100,176,76,0,50,10121
20180826,17,190,40,40,80,168,77,0,28,10114
20180826,18,180,40,50,80,168,79,0,17,10106
20180826,19,190,60,60,150,159,80,0,2,10101
20180826,20,160,60,40,130,147,93,0,0,10092
20180826,21,180,70,60,150,158,89,0,0,10083
20180826,22,190,70,80,120,154,98,0,0,10076
20180826,23,180,70,80,140,134,116,0,0,10071
20180826,24,190,60,60,110,133,126,0,0,10062
20180827,1,200,60,50,110,138,132,0,0,10056
20180827,2,200,50,50,110,143,138,0,0,10052
20180827,3,200,50,50,90,152,147,0,0,10049
20180827,4,200,50,50,90,160,155,0,0,10051
20180827,5,210,40,40,80,168,161,0,0,10058
20180827,6,220,40,30,90,174,165,0,8,10065
20180827,7,220,30,30,70,181,168,1,37,10067
20180827,8,230,40,40,70,183,164,1,52,10072
20180827,9,240,40,60,110,177,156,1,36,10080
20180827,10,270,40,50,120,188,147,3,85,10089
20180827,11,260,50,50,120,185,126,2,109,10097
20180827,12,260,50,40,100,181,134,0,81,10106
20180827,13,270,50,60,120,181,117,1,104,10117
20180827,14,260,50,50,110,177,109,0,66,10124
20180827,15,270,50,50,100,177,107,0,62,10131
20180827,16,260,40,30,90,179,113,0,61,10137
20180827,17,230,40,30,70,178,123,0,35,10140
20180827,18,240,30,40,70,175,119,0,11,10147
20180827,19,230,30,30,70,171,121,0,1,10153
20180827,20,240,20,20,50,169,127,0,0,10160
20180827,21,240,20,20,40,163,131,0,0,10165
20180827,22,230,30,30,60,167,129,0,0,10167
20180827,23,220,30,30,50,167,134,0,0,10171
20180827,24,230,30,30,50,169,135,0,0,10174
20180828,1,210,30,30,50,166,139,0,0,10177
20180828,2,230,20,20,40,164,140,0,0,10179
20180828,3,220,10,10,40,161,141,0,0,10177
20180828,4,220,10,20,30,161,142,0,0,10180
20180828,5,210,20,20,40,161,143,0,0,10184
20180828,6,200,20,20,30,163,145,0,6,10188
20180828,7,200,20,20,40,165,147,0,16,10192
20180828,8,220,20,10,30,172,149,0,30,10196
20180828,9,190,20,10,30,184,152,0,69,10197
20180828,10,200,20,20,40,200,137,5,170,10194
20180828,11,180,20,30,60,202,123,1,122,10193
20180828,12,190,30,40,60,205,118,2,147,10193
20180828,13,200,30,40,60,206,119,0,100,10191
20180828,14,170,30,30,50,207,117,4,168,10188
20180828,15,180,30,30,50,202,118,7,158,10185
20180828,16,170,20,30,50,204,114,5,92,10180
20180828,17,160,30,20,50,195,117,9,72,10175
20180828,18,0,10,0,30,176,138,10,26,10172
20180828,19,40,10,10,10,142,132,0,2,10170
20180828,20,30,10,10,10,128,123,0,0,10168
20180828,21,60,10,10,10,120,117,0,0,10165
20180828,22,10,10,10,20,114,111,0,0,10161
20180828,23,30,10,10,20,105,100,0,0,10157
20180828,24,30,10,10,20,101,98,0,0,10152
20180829,1,20,10,10,10,97,97,0,0,10145
20180829,2,50,10,10,20,92,89,0,0,10140
20180829,3,50,10,10,10,89,89,0,0,10134
20180829,4,0,0,0,10,86,84,0,0,10136
20180829,5,0,0,0,10,85,82,0,1,10131
20180829,6,0,10,0,20,111,108,8,25,10130
20180829,7,140,10,10,20,143,131,4,53,10137
20180829,8,100,10,10,20,167,137,8,107,10130
20180829,9,40,10,10,20,182,146,0,86,10126
20180829,10,20,20,30,50,187,140,0,73,10115
20180829,11,70,30,30,50,189,137,0,79,10124
20180829,12,350,10,20,40,191,144,0,54,10127
20180829,13,350,20,30,50,188,144,0,44,10122
20180829,14,330,30,40,60,193,142,0,96,10125
20180829,15,10,40,40,70,195,138,0,81,10127
20180829,16,360,50,50,80,178,145,0,37,10132
20180829,17,350,40,40,80,149,134,0,5,10135
20180829,18,340,30,30,70,142,137,0,1,10141
20180829,19,330,20,20,50,139,136,0,0,10149
20180829,20,300,20,20,50,142,138,0,0,10157
20180829,21,330,20,20,40,143,138,0,0,10163
20180829,22,310,20,20,30,145,139,0,0,10168
20180829,23,310,20,20,40,145,141,0,0,10172
20180829,24,300,20,20,30,146,141,0,0,10173
20180830,1,300,20,10,40,145,141,0,0,10177
20180830,2,290,10,10,30,141,136,0,0,10180
20180830,3,290,20,20,30,134,131,0,0,10184
20180830,4,290,20,20,40,133,125,0,0,10190
20180830,5,290,20,20,40,127,118,0,0,10196
20180830,6,290,20,20,30,137,116,5,19,10199
20180830,7,290,20,20,40,150,118,8,66,10202
20180830,8,300,30,30,60,161,110,8,127,10209
20180830,9,320,30,30,70,170,109,3,129,10213
20180830,10,320,40,40,80,176,98,4,157,10215
20180830,11,300,40,40,70,189,92,10,250,10216
20180830,12,310,40,30,80,194,94,10,259,10218
20180830,13,340,40,40,80,188,97,9,246,10219
20180830,14,340,40,40,70,181,91,7,175,10222
20180830,15,310,40,40,70,194,82,6,133,10221
20180830,16,350,40,40,80,183,76,9,138,10223
20180830,17,10,30,40,60,174,93,7,71,10225
20180830,18,360,30,30,70,164,98,8,24,10227
20180830,19,350,20,20,40,151,106,0,1,10231
20180830,20,350,20,20,40,134,106,0,0,10234
20180830,21,320,10,20,20,113,105,0,0,10234
20180830,22,330,10,20,20,96,91,0,0,10235
20180830,23,0,10,0,30,91,88,0,0,10234
20180830,24,0,0,0,10,83,82,0,0,10234
20180831,1,330,10,10,10,79,77,0,0,10232
20180831,2,0,10,0,20,75,73,0,0,10232
20180831,3,0,0,0,10,73,70,0,0,10231
20180831,4,280,0,10,10,72,68,0,0,10230
20180831,5,0,0,0,20,73,69,0,0,10231
20180831,6,0,0,0,10,94,89,5,19,10234
20180831,7,0,0,0,10,114,109,0,41,10237
20180831,8,0,0,0,10,156,110,4,90,10239
20180831,9,990,10,10,20,165,111,0,104,10241
20180831,10,50,20,30,40,168,104,3,144,10241
20180831,11,360,20,30,50,163,103,0,91,10241
20180831,12,20,20,20,50,165,99,0,60,10240
20180831,13,10,20,10,30,171,78,0,79,10239
20180831,14,330,10,20,30,170,77,0,76,10237
20180831,15,340,10,20,30,177,75,0,84,10237
20180831,16,330,20,10,30,178,69,2,83,10236
20180831,17,40,10,20,40,170,81,2,52,10238
20180831,18,30,20,20,40,160,83,5,18,10240
20180831,19,20,10,10,20,122,101,0,2,10244
20180831,20,20,10,20,30,102,95,0,0,10248
20180831,21,50,10,10,20,91,86,0,0,10250
20180831,22,30,10,10,10,86,82,0,0,10251
20180831,23,20,10,10,20,76,72,0,0,10253
20180831,24,60,10,10,20,74,72,0,0,10252
20180901,1,90,10,10,20,70,67,0,0,10254
20180901,2,90,10,10,10,63,62,0,0,10255
20180901,3,80,10,10,10,59,56,0,0,10256
20180901,4,0,0,0,10,57,54,0,0,10257
20180901,5,990,10,10,10,55,52,0,0,10261
20180901,6,0,0,0,10,80,76,5,17,10267
20180901,7,0,0,0,20,118,103,10,64,10273
20180901,8,130,10,10,20,154,104,10,119,10275
20180901,9,120,10,10,30,170,103,10,174,10278
20180901,10,990,10,10,30,183,90,10,218,10278
20180901,11,990,10,10,30,188,87,10,256,10276
20180901,12,250,10,10,40,198,85,5,147,10274
20180901,13,30,20,30,40,188,95,4,154,10273
20180901,14,10,20,20,40,193,81,8,193,10272
20180901,15,30,20,30,60,194,89,7,164,10269
20180901,16,320,20,20,50,203,94,10,141,10269
20180901,17,30,30,30,50,188,92,7,60,10269
20180901,18,30,30,20,50,175,93,8,32,10272
20180901,19,30,20,30,40,155,93,0,1,10274
20180901,20,30,20,20,40,119,97,0,0,10277
20180901,21,40,20,20,30,105,92,0,0,10278
20180901,22,50,20,30,50,111,91,0,0,10279
20180901,23,50,30,20,40,117,94,0,0,10279
20180901,24,60,20,20,30,98,88,0,0,10278
20180902,1,50,20,20,30,89,83,0,0,10277
20180902,2,40,10,10,20,80,76,0,0,10277
20180902,3,40,10,10,20,75,71,0,0,10274
20180902,4,50,10,20,20,72,68,0,0,10270
20180902,5,30,10,10,20,79,75,0,0,10269
20180902,6,40,10,20,20,106,101,3,16,10269
20180902,7,60,20,20,40,134,117,10,59,10269
20180902,8,60,20,20,40,163,128,10,119,10269
20180902,9,100,30,30,40,184,130,10,173,10268
20180902,10,100,20,30,50,202,123,10,215,10263
20180902,11,110,30,30,60,211,123,10,246,10258
20180902,12,110,30,30,70,206,110,6,201,10254
20180902,13,110,30,20,60,218,112,2,147,10248
20180902,14,60,40,40,70,222,116,6,169,10241
20180902,15,90,30,30,70,222,100,7,150,10236
20180902,16,50,40,40,80,216,98,9,128,10231
20180902,17,40,40,40,70,209,94,10,79,10229
20180902,18,40,40,30,70,192,101,8,28,10227
20180902,19,40,30,30,50,174,101,0,1,10229
20180902,20,40,30,30,40,162,102,0,0,10228
20180902,21,40,30,30,40,153,101,0,0,10226
20180902,22,30,30,30,40,147,102,0,0,10225
20180902,23,30,20,20,40,142,110,0,0,10223
20180902,24,30,20,20,40,146,120,0,0,10218
20180903,1,10,20,20,40,150,127,0,0,10211
20180903,2,360,20,20,40,151,129,0,0,10207
20180903,3,360,20,10,30,152,132,0,0,10205
20180903,4,10,10,10,30,153,133,0,0,10204
20180903,5,350,20,20,30,154,136,0,0,10201
20180903,6,20,20,20,30,158,139,0,3,10200
20180903,7,350,20,20,30,165,142,0,13,10199
20180903,8,340,20,30,40,176,148,0,40,10194
20180903,9,10,20,20,40,195,150,1,87,10194
20180903,10,20,30,20,50,201,158,0,73,10191
20180903,11,10,30,30,60,204,153,0,65,10187
20180903,12,350,40,40,60,208,152,0,98,10184
20180903,13,10,30,40,70,207,154,0,83,10180
20180903,14,340,30,30,70,219,165,2,115,10178
20180903,15,10,30,20,70,218,168,1,93,10174
20180903,16,360,30,30,60,214,175,2,54,10173
20180903,17,320,30,30,50,210,178,2,38,10173
20180903,18,340,30,20,70,205,176,8,20,10173
20180903,19,340,20,20,40,196,173,0,1,10175
20180903,20,340,30,30,50,191,174,0,0,10176
20180903,21,320,20,20,40,184,175,0,0,10176
20180903,22,320,20,10,40,182,175,0,0,10176
20180903,23,320,20,20,30,180,175,0,0,10173
20180903,24,360,20,30,50,185,178,0,0,10170
20180904,1,10,30,20,50,186,181,0,0,10167
20180904,2,350,30,20,60,186,181,0,0,10164
20180904,3,340,20,20,40,184,179,0,0,10161
20180904,4,350,20,20,40,183,179,0,0,10162
20180904,5,0,10,0,40,183,179,0,0,10166
20180904,6,0,0,0,10,184,180,0,4,10168
20180904,7,310,10,10,20,190,180,0,18,10171
20180904,8,330,20,10,30,196,182,0,46,10172
20180904,9,320,10,10,30,208,183,2,110,10172
20180904,10,320,20,10,40,219,180,10,198,10171
20180904,11,350,20,20,30,232,182,5,193,10169
20180904,12,330,20,20,30,242,184,5,194,10168
20180904,13,340,20,30,50,248,187,10,264,10166
20180904,14,10,30,20,40,235,183,1,117,10167
20180904,15,340,20,10,40,230,192,0,45,10167
20180904,16,350,10,20,30,233,190,0,50,10166
20180904,17,320,20,20,30,227,189,0,32,10166
20180904,18,350,20,20,30,216,191,3,14,10169
20180904,19,350,20,10,30,205,187,0,1,10176
20180904,20,350,10,20,20,191,185,0,0,10177
20180904,21,340,10,10,20,194,186,0,0,10178
20180904,22,340,10,10,30,193,187,0,0,10177
20180904,23,340,10,20,20,186,183,0,0,10177
20180904,24,350,10,20,30,185,182,0,0,10176
20180905,1,360,20,20,30,184,177,0,0,10175
20180905,2,10,20,20,30,183,173,0,0,10174
20180905,3,30,20,20,40,180,169,0,0,10171
20180905,4,40,20,20,40,177,167,0,0,10168
20180905,5,320,20,20,50,181,168,0,0,10176
20180905,6,310,30,30,60,179,173,0,3,10180
20180905,7,10,30,40,60,180,173,0,6,10179
20180905,8,360,30,30,60,185,176,0,41,10181
20180905,9,330,30,30,60,184,173,0,45,10187
20180905,10,350,30,30,60,178,172,0,20,10186
20180905,11,340,30,30,60,186,174,0,60,10182
20180905,12,360,40,40,70,199,172,1,140,10179
20180905,13,10,40,40,70,211,172,1,143,10175
20180905,14,30,40,30,80,216,173,1,126,10170
20180905,15,40,30,30,60,225,157,9,166,10165
20180905,16,10,30,20,50,224,166,5,96,10162
20180905,17,330,30,30,60,210,175,8,58,10162
20180905,18,340,30,30,60,197,174,8,25,10162
20180905,19,340,20,20,50,191,173,0,0,10163
20180905,20,350,20,20,40,187,171,0,0,10161
20180905,21,350,20,20,40,182,171,0,0,10157
20180905,22,330,20,20,50,178,170,0,0,10154
20180905,23,240,20,30,60,180,170,0,0,10159
20180905,24,270,30,20,90,170,165,0,0,10158
20180906,1,350,20,30,40,168,162,0,0,10146
20180906,2,0,10,0,30,168,166,0,0,10144
20180906,3,320,10,10,20,168,165,0,0,10138
20180906,4,310,10,10,20,167,164,0,0,10134
20180906,5,340,20,20,40,168,165,0,0,10134
20180906,6,40,10,10,40,169,166,0,6,10135
20180906,7,310,10,10,20,172,168,0,14,10135
20180906,8,60,10,10,20,177,167,0,34,10134
20180906,9,60,10,10,20,179,168,0,53,10133
20180906,10,0,0,0,10,185,161,0,57,10130
20180906,11,290,10,10,10,189,166,0,54,10128
20180906,12,280,10,20,40,179,167,0,21,10126
20180906,13,300,20,20,60,175,169,0,35,10125
20180906,14,310,20,30,60,178,163,0,69,10122
20180906,15,310,30,40,80,168,158,0,16,10121
20180906,16,310,30,20,70,168,158,0,35,10121
20180906,17,320,30,20,50,169,154,5,64,10119
20180906,18,310,20,20,40,167,155,5,11,10121
20180906,19,270,20,20,60,158,146,0,0,10123
20180906,20,280,20,20,30,153,143,0,0,10123
20180906,21,260,20,10,30,146,136,0,0,10122
20180906,22,230,10,10,30,142,134,0,0,10121
20180906,23,230,20,20,30,141,134,0,0,10118
20180906,24,220,10,10,20,131,128,0,0,10115
20180907,1,190,20,20,30,138,130,0,0,10111
20180907,2,180,20,20,40,137,128,0,0,10108
20180907,3,160,20,20,40,136,128,0,0,10103
20180907,4,200,20,20,40,140,132,0,0,10101
20180907,5,210,20,20,40,140,135,0,0,10103
20180907,6,270,20,10,40,140,138,0,2,10105
20180907,7,260,20,20,30,146,138,0,20,10109
20180907,8,240,20,40,50,147,127,0,34,10115
20180907,9,260,40,40,90,162,106,6,133,10119
20180907,10,280,50,60,110,151,88,5,127,10128
20180907,11,270,60,60,110,160,70,10,236,10134
20180907,12,250,60,60,120,157,54,10,219,10139
20180907,13,280,50,50,110,156,66,8,178,10143
20180907,14,250,60,60,100,170,71,9,176,10146
20180907,15,250,60,70,120,164,66,10,181,10150
20180907,16,250,60,50,120,162,73,10,133,10149
20180907,17,240,40,40,100,158,68,10,74,10151
20180907,18,230,40,50,90,148,80,7,19,10151
20180907,19,210,40,40,80,139,82,0,0,10152
20180907,20,220,50,50,110,141,89,0,0,10153
20180907,21,280,40,30,80,127,111,0,0,10161
20180907,22,210,20,20,50,127,115,0,0,10162
20180907,23,220,30,30,50,127,116,0,0,10164
20180907,24,230,20,30,40,122,110,0,0,10168
20180908,1,220,20,30,40,120,108,0,0,10168
20180908,2,220,20,30,40,119,106,0,0,10172
20180908,3,210,30,30,50,119,107,0,0,10173
20180908,4,210,30,30,50,117,106,0,0,10175
20180908,5,210,30,30,50,118,108,0,0,10177
20180908,6,200,30,30,50,123,112,0,8,10177
20180908,7,200,30,30,60,132,112,3,47,10181
20180908,8,210,40,40,60,143,109,2,74,10183
20180908,9,210,40,40,70,151,109,0,66,10186
20180908,10,220,50,50,90,167,106,3,140,10187
20180908,11,220,60,70,100,174,97,7,193,10186
20180908,12,230,50,50,90,174,100,3,119,10186
20180908,13,220,50,50,100,176,95,4,145,10190
20180908,14,250,40,30,80,170,101,0,70,10190
20180908,15,240,40,40,80,181,110,5,113,10192
20180908,16,230,40,40,80,173,101,6,84,10190
20180908,17,220,30,30,70,167,101,2,36,10189
20180908,18,220,30,20,60,160,102,5,17,10189
20180908,19,200,20,20,40,152,109,0,0,10190
20180908,20,180,20,20,40,146,109,0,0,10189
20180908,21,190,20,20,40,145,107,0,0,10188
20180908,22,170,20,30,40,140,106,0,0,10186
20180908,23,180,30,30,40,141,105,0,0,10185
20180908,24,200,30,30,50,137,105,0,0,10187
20180909,1,170,20,20,40,137,108,0,0,10186
20180909,2,200,20,30,50,142,112,0,0,10188
20180909,3,200,30,20,60,145,116,0,0,10187
20180909,4,200,30,30,50,145,118,0,0,10189
20180909,5,200,30,30,50,146,119,0,0,10190
20180909,6,190,20,30,50,147,122,0,9,10193
20180909,7,190,20,30,40,152,126,0,29,10195
20180909,8,200,30,30,50,162,134,0,56,10196
20180909,9,200,30,30,60,174,140,0,85,10197
20180909,10,200,40,40,90,195,128,6,177,10195
20180909,11,220,50,60,90,199,125,8,214,10197
20180909,12,220,50,50,100,207,129,3,165,10196
20180909,13,220,50,50,100,226,129,10,253,10193
20180909,14,200,50,50,100,220,123,7,183,10192
20180909,15,210,40,40,90,225,129,2,82,10188
20180909,16,210,40,50,80,233,119,9,88,10187
20180909,17,200,40,30,80,225,125,5,55,10186
20180909,18,160,20,20,50,199,132,5,17,10184
20180909,19,160,20,20,40,190,130,0,0,10185
20180909,20,210,20,30,50,194,129,0,0,10189
20180909,21,240,20,20,50,190,131,0,0,10189
20180909,22,240,20,30,50,182,139,0,0,10190
20180909,23,240,30,20,60,180,141,0,0,10191
20180909,24,240,30,30,50,171,142,0,0,10191
20180910,1,230,30,30,50,166,146,0,0,10192
20180910,2,230,30,30,50,165,151,0,0,10194
20180910,3,240,30,30,60,168,156,0,0,10193
20180910,4,240,30,20,50,165,157,0,0,10197
20180910,5,230,20,20,40,165,158,0,0,10198
20180910,6,230,20,20,30,163,153,0,5,10204
20180910,7,230,20,20,40,173,149,0,36,10206
20180910,8,230,30,40,60,185,136,3,82,10206
20180910,9,240,40,50,80,185,133,2,98,10212
20180910,10,230,30,20,70,193,138,1,106,10213
20180910,11,260,40,40,70,191,126,0,102,10214
20180910,12,250,40,40,90,195,135,0,84,10216
20180910,13,250,40,50,90,193,128,1,102,10216
20180910,14,260,40,40,100,194,128,0,108,10216
20180910,15,270,40,40,90,191,126,0,56,10218
20180910,16,250,40,40,90,188,127,2,65,10214
20180910,17,260,40,40,80,183,129,0,30,10220
20180910,18,250,40,40,80,179,127,0,5,10217
20180910,19,230,30,30,90,169,123,0,0,10216
20180910,20,230,20,20,60,157,119,0,0,10218
20180910,21,220,30,30,60,160,129,0,0,10214
20180910,22,200,30,30,50,154,127,0,0,10211
20180910,23,190,30,30,50,153,127,0,0,10205
20180910,24,200,30,30,60,150,127,0,0,10202
20180911,1,210,30,30,60,152,133,0,0,10199
20180911,2,210,40,40,70,153,135,0,0,10198
20180911,3,210,30,40,60,157,137,0,0,10198
20180911,4,200,40,40,70,154,139,0,0,10193
20180911,5,210,40,40,70,158,143,0,0,10194
20180911,6,200,40,50,90,159,141,0,3,10195
20180911,7,210,50,50,100,165,145,0,17,10196
20180911,8,230,60,60,120,179,147,1,53,10199
20180911,9,230,60,70,130,190,147,2,86,10202
20180911,10,230,80,80,130,197,147,6,148,10205
20180911,11,230,70,60,130,215,151,7,185,10202
20180911,12,230,70,70,140,218,147,3,162,10201
20180911,13,230,60,50,130,224,152,0,92,10199
20180911,14,240,70,60,120,223,150,1,109,10198
20180911,15,230,60,60,120,223,149,0,50,10195
20180911,16,240,50,40,100,221,155,0,43,10194
20180911,17,260,40,40,90,211,155,0,17,10195
20180911,18,250,40,30,80,200,157,0,4,10196
20180911,19,230,50,40,110,192,157,0,0,10199
20180911,20,240,40,30,100,183,156,0,0,10202
20180911,21,240,30,30,70,182,158,0,0,10200
20180911,22,240,30,30,70,184,161,0,0,10201
20180911,23,240,30,40,80,186,164,0,0,10197
20180911,24,230,30,30,70,184,166,0,0,10193
20180912,1,220,30,30,60,182,168,0,0,10189
20180912,2,220,30,30,60,180,170,0,0,10185
20180912,3,220,30,30,50,181,172,0,0,10181
20180912,4,230,30,30,70,180,173,0,0,10183
20180912,5,240,40,40,80,182,171,0,0,10182
20180912,6,220,30,30,70,183,171,0,2,10182
20180912,7,350,40,40,70,159,153,0,10,10190
20180912,8,360,50,40,110,142,135,0,10,10203
20180912,9,350,40,50,90,137,130,0,21,10213
20180912,10,360,30,20,70,149,133,0,71,10214
20180912,11,10,30,20,50,151,130,0,61,10218
20180912,12,350,20,30,50,149,127,0,65,10224
20180912,13,310,20,20,60,155,128,0,71,10227
20180912,14,320,20,20,40,160,128,2,89,10225
20180912,15,40,20,20,60,153,126,0,14,10226
20180912,16,360,20,30,70,153,122,0,22,10229
20180912,17,10,30,20,60,147,120,0,6,10227
20180912,18,10,20,20,40,144,117,0,2,10227
20180912,19,360,20,20,30,143,115,0,0,10232
20180912,20,70,10,10,30,139,117,0,0,10233
20180912,21,40,10,10,20,134,117,0,0,10232
20180912,22,0,10,0,20,130,122,0,0,10234
20180912,23,0,0,0,10,122,118,0,0,10233
20180912,24,10,0,10,10,119,114,0,0,10228
20180913,1,0,0,0,10,115,112,0,0,10223
20180913,2,340,10,10,10,110,105,0,0,10225
20180913,3,340,10,10,20,101,98,0,0,10223
20180913,4,340,0,10,10,88,88,0,0,10221
20180913,5,0,0,0,10,78,78,0,0,10222
20180913,6,0,10,0,20,87,84,3,9,10223
20180913,7,330,10,10,20,122,90,10,54,10226
20180913,8,20,20,20,30,148,90,10,106,10227
20180913,9,20,20,20,40,158,90,10,161,10227
20180913,10,10,20,20,40,171,85,10,191,10226
20180913,11,320,20,20,40,175,100,10,232,10222
20180913,12,320,30,30,60,182,86,10,242,10221
20180913,13,320,30,30,60,186,70,10,236,10217
20180913,14,360,20,20,50,195,64,10,210,10214
20180913,15,320,20,20,50,189,71,10,155,10210
20180913,16,320,30,30,50,181,84,10,113,10210
20180913,17,330,20,20,50,164,90,10,51,10211
20180913,18,330,20,20,40,142,100,3,9,10213
20180913,19,340,10,10,20,110,100,0,0,10217
20180913,20,340,10,10,10,98,93,0,0,10219
20180913,21,0,10,0,10,88,83,0,0,10220
20180913,22,0,0,0,10,79,76,0,0,10220
20180913,23,0,0,0,10,73,70,0,0,10220
20180913,24,0,0,0,10,70,67,0,0,10219
20180914,1,0,10,0,10,61,57,0,0,10215
20180914,2,0,0,0,10,58,55,0,0,10214
20180914,3,130,10,10,10,54,54,0,0,10210
20180914,4,150,20,10,20,50,47,0,0,10210
20180914,5,160,10,10,10,50,47,0,0,10209
20180914,6,160,10,10,30,76,73,3,10,10208
20180914,7,180,10,10,30,113,100,10,55,10208
20180914,8,200,20,40,60,145,100,10,101,10210
20180914,9,200,40,40,60,160,100,10,157,10210
20180914,10,200,40,40,80,179,101,10,199,10207
20180914,11,210,50,50,90,186,98,10,224,10203
20180914,12,230,50,40,80,193,82,10,238,10198
20180914,13,230,50,40,90,185,89,7,164,10197
20180914,14,250,40,40,80,182,94,1,81,10196
20180914,15,250,40,40,90,179,94,4,110,10195
20180914,16,260,40,40,90,172,88,0,50,10196
20180914,17,240,40,50,90,165,85,3,31,10196
20180914,18,250,40,40,80,158,83,3,10,10198
20180914,19,230,30,30,70,152,83,0,0,10198
20180914,20,230,30,30,60,151,90,0,0,10199
20180914,21,220,30,40,60,152,99,0,0,10198
20180914,22,220,40,30,80,145,108,0,0,10200
20180914,23,210,30,30,50,136,112,0,0,10200
20180914,24,220,40,40,70,142,113,0,0,10201
20180915,1,220,40,30,70,144,117,0,0,10202
20180915,2,220,30,30,70,145,120,0,0,10202
20180915,3,220,30,30,60,145,122,0,0,10202
20180915,4,230,30,30,60,144,121,0,0,10203
20180915,5,230,30,30,60,143,124,0,0,10208
20180915,6,230,30,30,50,146,124,0,5,10213
20180915,7,240,30,20,60,145,128,0,15,10221
20180915,8,270,20,10,40,145,129,0,18,10229
20180915,9,260,20,30,60,174,130,5,107,10234
20180915,10,270,30,30,70,170,109,5,94,10238
20180915,11,280,30,30,70,176,107,6,145,10238
20180915,12,280,40,40,70,180,114,1,102,10241
20180915,13,250,30,30,80,195,110,6,162,10241
20180915,14,300,40,40,70,197,102,8,156,10240
20180915,15,270,40,40,80,193,92,10,165,10241
20180915,16,300,30,30,70,186,105,9,91,10240
20180915,17,320,20,20,50,170,104,8,40,10240
20180915,18,330,10,10,40,135,115,3,7,10242
20180915,19,0,10,0,20,112,104,0,0,10245
20180915,20,990,10,10,10,102,99,0,0,10250
20180915,21,160,10,10,20,98,93,0,0,10248
20180915,22,140,10,10,20,94,89,0,0,10248
20180915,23,150,10,10,20,91,88,0,0,10247
20180915,24,150,10,10,20,92,87,0,0,10241
20180916,1,160,20,20,20,100,95,0,0,10236
20180916,2,150,20,20,30,98,95,0,0,10228
20180916,3,160,20,20,30,98,95,0,0,10225
20180916,4,150,20,20,30,82,82,0,0,10222
20180916,5,170,20,20,40,100,97,0,0,10221
20180916,6,160,20,20,50,110,99,2,7,10221
20180916,7,180,20,20,40,126,104,0,32,10222
20180916,8,180,20,30,40,158,110,7,93,10220
20180916,9,210,30,30,50,172,110,0,78,10220
20180916,10,220,40,40,70,191,110,4,129,10219
20180916,11,220,40,40,80,196,110,3,127,10215
20180916,12,220,40,50,80,201,106,0,92,10211
20180916,13,210,50,40,90,214,107,6,177,10202
20180916,14,210,40,40,80,219,109,4,133,10197
20180916,15,210,40,40,80,212,109,7,137,10192
20180916,16,190,30,40,70,212,110,5,82,10186
20180916,17,200,20,30,60,211,112,10,59,10189
20180916,18,230,20,20,50,176,121,3,10,10194
20180916,19,200,10,10,30,130,116,0,0,10195
20180916,20,150,10,20,20,115,110,0,0,10194
20180916,21,190,20,10,40,106,103,0,0,10195
20180916,22,150,10,10,20,100,97,0,0,10193
20180916,23,180,10,10,20,90,87,0,0,10192
20180916,24,190,10,10,20,87,84,0,0,10190
20180917,1,160,10,20,30,89,84,0,0,10185
20180917,2,170,10,10,30,92,87,0,0,10186
20180917,3,170,20,10,20,86,83,0,0,10186
20180917,4,160,20,20,20,77,74,0,0,10186
20180917,5,160,20,20,30,97,94,0,0,10187
20180917,6,180,10,10,30,105,99,2,6,10189
20180917,7,170,10,20,20,134,109,3,34,10191
20180917,8,200,20,30,50,163,113,6,81,10191
20180917,9,210,20,30,40,188,124,10,134,10192
20180917,10,220,30,30,50,202,117,10,170,10190
20180917,11,210,40,30,80,214,112,10,208,10185
20180917,12,220,50,50,80,224,110,10,221,10183
20180917,13,210,40,30,80,230,108,10,209,10177
20180917,14,210,30,30,70,235,110,10,184,10171
20180917,15,180,30,30,60,238,99,10,135,10163
20180917,16,180,30,30,50,236,98,10,108,10156
20180917,17,140,20,20,40,217,132,10,49,10153
20180917,18,140,10,20,20,166,138,3,9,10150
20180917,19,130,20,20,30,137,124,0,0,10147
20180917,20,130,20,20,30,129,110,0,0,10143
20180917,21,110,20,20,30,119,103,0,0,10140
20180917,22,140,20,20,30,107,101,0,0,10135
20180917,23,150,20,20,40,101,96,0,0,10130
20180917,24,140,20,30,40,93,88,0,0,10123
20180918,1,150,30,30,40,126,86,0,0,10117
20180918,2,150,30,40,50,146,89,0,0,10113
20180918,3,150,30,30,50,145,89,0,0,10107
20180918,4,150,30,30,60,148,91,0,0,10103
20180918,5,150,40,40,60,147,96,0,0,10099
20180918,6,150,40,40,60,153,102,2,6,10097
20180918,7,170,30,30,50,170,112,10,43,10099
20180918,8,200,40,40,60,204,124,10,94,10101
20180918,9,220,50,50,90,218,127,10,147,10104
20180918,10,230,60,50,110,232,148,10,189,10107
20180918,11,240,60,70,110,230,146,10,214,10112
20180918,12,220,60,60,120,238,151,10,223,10113
20180918,13,230,60,60,120,244,146,10,213,10113
20180918,14,220,70,80,140,241,135,10,187,10115
20180918,15,230,70,80,130,240,135,10,151,10120
20180918,16,240,70,70,130,230,134,10,86,10126
20180918,17,240,60,50,120,210,141,10,43,10131
20180918,18,240,40,30,90,194,139,2,5,10137
20180918,19,250,30,50,90,188,142,0,0,10145
20180918,20,230,40,40,90,181,134,0,0,10149
20180918,21,230,40,30,70,174,138,0,0,10150
20180918,22,200,30,30,60,163,136,0,0,10150
20180918,23,220,30,30,50,161,135,0,0,10153
20180918,24,200,20,30,40,156,135,0,0,10154
20180919,1,170,30,30,50,149,132,0,0,10157
20180919,2,180,20,30,40,142,126,0,0,10160
20180919,3,170,30,30,50,147,126,0,0,10160
20180919,4,160,20,20,40,140,126,0,0,10157
20180919,5,150,20,30,40,141,126,0,0,10153
20180919,6,170,30,30,50,149,130,0,4,10150
20180919,7,170,30,30,60,165,141,5,33,10150
20180919,8,200,40,50,80,187,155,9,93,10154
20180919,9,210,50,50,80,201,157,9,141,10154
20180919,10,210,60,60,110,208,156,9,152,10159
20180919,11,210,70,70,140,221,134,10,203,10157
20180919,12,220,70,70,140,222,134,10,198,10156
20180919,13,210,70,70,120,229,133,7,154,10155
20180919,14,210,70,60,110,229,133,5,128,10154
20180919,15,220,60,50,120,232,134,6,108,10155
20180919,16,220,70,70,140,224,129,4,61,10153
20180919,17,220,60,50,120,217,133,8,36,10157
20180919,18,230,50,50,100,214,136,0,4,10160
20180919,19,220,40,40,100,203,140,0,0,10163
20180919,20,210,40,50,90,200,141,0,0,10166
20180919,21,210,40,40,100,197,139,0,0,10167
20180919,22,220,40,40,80,196,140,0,0,10166
20180919,23,200,30,30,70,184,140,0,0,10164
20180919,24,210,30,30,70,180,142,0,0,10163
20180920,1,210,40,30,70,175,139,0,0,10159
20180920,2,200,30,30,60,170,139,0,0,10159
20180920,3,210,40,40,60,170,139,0,0,10160
20180920,4,190,30,30,70,166,139,0,0,10158
20180920,5,190,30,30,60,168,140,0,0,10157
20180920,6,180,30,30,70,170,142,0,3,10156
20180920,7,190,30,40,60,176,144,2,31,10155
20180920,8,180,40,50,70,180,143,5,69,10155
20180920,9,220,50,60,100,194,148,5,97,10155
20180920,10,210,60,60,110,200,149,5,137,10153
20180920,11,220,60,60,130,206,141,6,127,10152
20180920,12,220,60,60,110,225,141,9,177,10147
20180920,13,220,60,60,110,227,137,8,173,10142
20180920,14,210,60,60,110,231,136,10,178,10134
20180920,15,210,50,50,90,232,129,10,129,10125
20180920,16,200,40,40,80,228,134,4,62,10119
20180920,17,210,40,30,70,221,134,8,28,10114
20180920,18,200,30,30,60,208,133,2,5,10108
20180920,19,170,20,20,40,190,135,0,0,10101
20180920,20,170,30,30,60,195,135,0,0,10090
20180920,21,180,30,40,60,196,136,0,0,10082
20180920,22,180,50,50,80,199,134,0,0,10072
20180920,23,190,50,50,90,199,133,0,0,10063
20180920,24,180,50,60,90,200,132,0,0,10051
20180921,1,180,50,50,90,195,132,0,0,10042
20180921,2,190,60,60,100,193,133,0,0,10028
20180921,3,180,50,50,90,189,134,0,0,10015
20180921,4,180,60,70,120,194,132,0,0,10003
20180921,5,190,70,70,130,195,131,0,0,9999
20180921,6,210,70,80,130,175,145,0,0,9998
20180921,7,230,80,70,170,158,127,0,3,10014
20180921,8,260,70,80,140,160,94,1,29,10028
20180921,9,250,50,60,130,167,102,6,89,10040
20180921,10,260,50,50,150,150,96,3,84,10055
20180921,11,260,70,70,140,150,76,3,108,10063
20180921,12,260,70,60,130,150,64,8,144,10075
20180921,13,270,70,60,140,157,59,8,159,10084
20180921,14,250,80,80,150,160,56,10,183,10090
20180921,15,250,80,70,160,157,46,10,143,10094
20180921,16,240,70,60,150,148,58,2,35,10092
20180921,17,230,70,60,160,116,79,0,7,10099
20180921,18,300,40,70,140,104,68,0,2,10111
20180921,19,240,40,60,140,122,89,0,0,10109
20180921,20,240,60,50,100,128,91,0,0,10115
20180921,21,270,50,60,130,134,77,0,0,10127
20180921,22,270,50,40,120,131,82,0,0,10137
20180921,23,270,50,50,130,131,81,0,0,10147
20180921,24,260,50,40,110,127,84,0,0,10158
20180922,1,260,30,30,70,126,84,0,0,10162
20180922,2,260,30,30,70,125,74,0,0,10168
20180922,3,250,30,30,50,125,73,0,0,10171
20180922,4,230,30,30,50,117,74,0,0,10176
20180922,5,220,30,30,40,115,75,0,0,10177
20180922,6,210,30,30,40,112,80,0,3,10179
20180922,7,200,30,30,50,124,92,5,34,10184
20180922,8,210,40,40,80,133,101,1,56,10183
20180922,9,210,50,50,80,144,106,3,96,10184
20180922,10,220,60,70,100,152,104,5,127,10184
20180922,11,230,50,50,110,155,101,2,103,10182
20180922,12,240,50,50,120,118,97,0,44,10190
20180922,13,240,50,50,110,122,99,0,50,10187
20180922,14,220,50,50,120,117,99,0,35,10187
20180922,15,220,40,40,90,115,99,0,23,10185
20180922,16,210,30,40,70,116,105,0,14,10182
20180922,17,220,40,30,70,114,106,0,7,10178
20180922,18,220,30,30,50,114,107,0,1,10180
20180922,19,210,30,20,50,112,104,0,0,10180
20180922,20,200,30,30,50,112,105,0,0,10176
20180922,21,200,20,20,40,111,103,0,0,10173
20180922,22,190,20,30,50,108,98,0,0,10166
20180922,23,180,20,20,40,107,99,0,0,10162
20180922,24,170,20,20,50,105,100,0,0,10156
20180923,1,140,20,20,30,103,99,0,0,10150
20180923,2,110,20,10,30,99,96,0,0,10144
20180923,3,80,10,10,20,97,95,0,0,10139
20180923,4,90,20,10,30,90,87,0,0,10133
20180923,5,60,10,10,20,91,88,0,0,10125
20180923,6,30,10,10,30,92,89,0,2,10129
20180923,7,60,10,20,20,97,94,0,9,10121
20180923,8,50,10,10,20,101,98,0,15,10119
20180923,9,20,10,10,30,105,101,0,20,10117
20180923,10,30,20,30,40,107,102,0,22,10114
20180923,11,10,30,30,50,106,100,0,16,10117
20180923,12,360,30,30,50,107,102,0,17,10118
20180923,13,360,30,30,60,108,100,0,28,10122
20180923,14,350,40,40,90,101,91,0,19,10136
20180923,15,350,40,30,80,106,88,4,74,10140
20180923,16,320,20,20,60,105,87,0,31,10155
20180923,17,300,20,20,40,100,90,0,7,10168
20180923,18,300,20,10,40,99,91,0,2,10185
20180923,19,280,20,20,50,98,87,0,0,10201
20180923,20,280,20,20,30,85,79,0,0,10218
20180923,21,300,20,20,30,82,76,0,0,10234
20180923,22,290,20,20,40,67,63,0,0,10246
20180923,23,280,20,20,40,68,62,0,0,10255
20180923,24,280,20,20,30,62,57,0,0,10265
20180924,1,270,20,20,40,66,57,0,0,10277
20180924,2,310,20,20,50,75,56,0,0,10283
20180924,3,270,20,20,30,57,53,0,0,10290
20180924,4,310,20,20,50,72,59,0,0,10298
20180924,5,290,20,10,50,71,57,0,0,10304
20180924,6,280,20,20,40,78,66,0,3,10310
20180924,7,270,10,10,30,97,76,5,28,10318
20180924,8,270,20,20,60,104,79,5,65,10327
20180924,9,280,20,20,50,132,88,10,137,10332
20180924,10,330,30,30,140,130,74,8,136,10337
20180924,11,340,40,40,90,150,75,10,212,10339
20180924,12,320,40,50,90,150,65,6,155,10345
20180924,13,310,50,50,100,145,30,8,147,10345
20180924,14,310,50,50,120,150,41,10,177,10347
20180924,15,310,50,40,90,141,49,9,112,10349
20180924,16,310,50,50,90,141,53,10,115,10350
20180924,17,320,40,30,80,127,56,10,41,10352
20180924,18,310,20,10,60,106,62,0,2,10357
20180924,19,330,10,10,70,81,65,0,0,10361
20180924,20,270,10,10,20,72,65,0,0,10365
20180924,21,310,10,10,20,65,62,0,0,10372
20180924,22,100,10,10,20,63,59,0,0,10376
20180924,23,0,10,0,10,51,48,0,0,10377
20180924,24,220,10,10,20,58,54,0,0,10376
20180925,1,280,10,20,30,57,53,0,0,10379
20180925,2,0,10,0,30,42,38,0,0,10378
20180925,3,100,0,10,10,34,31,0,0,10380
20180925,4,0,0,0,10,28,25,0,0,10377
20180925,5,190,10,10,10,26,23,0,0,10379
20180925,6,150,10,10,10,33,29,0,3,10382
20180925,7,0,10,0,20,71,67,8,41,10387
20180925,8,200,10,10,20,118,70,8,80,10392
20180925,9,200,10,20,30,138,70,10,139,10395
20180925,10,140,20,20,40,147,66,10,191,10396
20180925,11,190,20,20,40,152,57,10,198,10396
20180925,12,990,20,10,40,164,70,9,222,10391
20180925,13,190,30,20,50,161,59,10,227,10384
20180925,14,250,20,20,50,160,53,10,179,10380
20180925,15,190,30,30,50,155,56,10,129,10374
20180925,16,220,20,20,40,155,57,10,81,10374
20180925,17,150,20,20,30,138,66,7,24,10372
20180925,18,150,10,10,20,94,78,0,3,10373
20180925,19,120,10,10,20,75,68,0,0,10373
20180925,20,160,20,20,30,65,61,0,0,10369
20180925,21,170,20,30,40,91,60,0,0,10361
20180925,22,150,20,10,40,62,54,0,0,10363
20180925,23,130,10,10,20,52,50,0,0,10359
20180925,24,150,20,20,30,47,44,0,0,10355
20180926,1,150,10,10,30,47,44,0,0,10350
20180926,2,160,10,10,20,41,37,0,0,10344
20180926,3,180,10,10,20,44,41,0,0,10342
20180926,4,190,10,10,30,46,43,0,0,10336
20180926,5,170,10,10,20,48,45,0,0,10335
20180926,6,180,10,20,30,58,54,0,1,10332
20180926,7,210,20,30,50,88,61,0,16,10333
20180926,8,210,30,40,60,113,67,3,53,10333
20180926,9,230,40,50,90,139,60,10,142,10334
20180926,10,230,50,60,90,154,67,10,179,10333
20180926,11,220,50,60,90,164,79,10,199,10330
20180926,12,230,50,50,100,174,87,10,206,10327
20180926,13,250,50,40,90,182,89,10,199,10320
20180926,14,240,50,40,100,187,89,10,176,10318
20180926,15,220,50,60,90,183,79,10,135,10314
20180926,16,230,50,40,90,178,85,10,86,10312
20180926,17,230,40,30,80,168,86,10,34,10311
20180926,18,250,30,20,60,152,86,0,2,10313
20180926,19,240,20,20,40,142,87,0,0,10313
20180926,20,240,20,10,40,113,92,0,0,10315
20180926,21,990,20,10,40,116,95,0,0,10314
20180926,22,230,20,20,30,122,95,0,0,10313
20180926,23,190,10,10,30,100,92,0,0,10312
20180926,24,170,20,10,30,96,87,0,0,10308
20180927,1,200,10,10,20,91,86,0,0,10305
20180927,2,190,10,10,20,91,86,0,0,10300
20180927,3,150,10,10,20,86,83,0,0,10296
20180927,4,160,10,10,20,91,84,0,0,10293
20180927,5,170,20,10,30,89,76,0,0,10290
20180927,6,150,10,10,20,85,75,0,2,10290
20180927,7,130,10,10,20,119,80,10,32,10287
20180927,8,200,20,20,30,139,80,10,82,10285
20180927,9,190,20,30,40,165,80,10,133,10280
20180927,10,200,30,40,60,179,76,10,174,10273
20180927,11,210,40,40,70,191,79,10,206,10266
20180927,12,210,40,40,70,199,68,10,214,10260
20180927,13,220,40,40,80,209,70,10,204,10250
20180927,14,210,40,40,70,210,76,10,177,10242
20180927,15,250,40,30,60,211,77,10,135,10236
20180927,16,250,30,30,60,202,65,10,82,10233
20180927,17,280,30,30,60,181,89,8,32,10230
20180927,18,270,20,10,50,131,98,0,1,10225
20180927,19,260,20,20,40,118,75,0,0,10227
20180927,20,270,10,10,40,90,71,0,0,10226
20180927,21,210,10,10,20,70,65,0,0,10225
20180927,22,230,20,20,30,70,66,0,0,10221
20180927,23,230,10,10,30,78,75,0,0,10218
20180927,24,270,10,10,20,84,81,0,0,10221
20180928,1,330,10,10,20,85,81,0,0,10222
20180928,2,350,20,20,30,104,102,0,0,10224
20180928,3,360,20,30,40,133,120,0,0,10228
20180928,4,10,30,40,70,138,113,0,0,10234
20180928,5,20,40,40,70,134,99,0,0,10240
20180928,6,20,40,30,80,128,89,0,1,10251
20180928,7,30,40,30,90,128,82,0,11,10262
20180928,8,30,40,40,80,134,75,2,33,10270
20180928,9,10,40,50,100,140,61,7,92,10278
20180928,10,10,50,50,110,147,63,6,153,10282
20180928,11,30,50,40,90,152,72,6,158,10283
20180928,12,20,50,50,90,155,46,9,176,10285
20180928,13,10,40,40,80,155,54,6,127,10283
20180928,14,30,50,50,90,147,58,9,144,10284
20180928,15,20,50,50,100,152,52,10,142,10288
20180928,16,30,50,40,90,144,52,10,91,10291
20180928,17,10,40,30,90,131,64,8,31,10298
20180928,18,10,30,30,80,119,60,0,1,10304
20180928,19,360,20,10,40,91,61,0,0,10307
20180928,20,30,10,10,30,59,50,0,0,10310
20180928,21,30,10,10,10,49,44,0,0,10314
20180928,22,360,10,10,20,38,34,0,0,10315
20180928,23,350,10,10,10,34,32,0,0,10316
20180928,24,0,0,0,10,28,26,0,0,10316
20180929,1,0,0,0,10,23,21,0,0,10315
20180929,2,0,0,0,10,21,18,0,0,10314
20180929,3,0,0,0,10,19,15,0,0,10313
20180929,4,0,0,0,10,15,11,0,0,10310
20180929,5,350,10,10,10,12,8,0,0,10309
20180929,6,0,0,0,10,15,11,0,2,10310
20180929,7,0,0,0,10,52,45,8,32,10310
20180929,8,0,0,0,10,95,69,7,74,10311
20180929,9,160,10,10,20,125,61,10,122,10309
20180929,10,140,20,20,40,132,48,10,158,10303
20180929,11,160,20,20,40,141,46,10,191,10298
20180929,12,110,20,20,50,149,48,10,203,10289
20180929,13,100,20,20,60,148,35,10,195,10280
20180929,14,120,20,20,40,147,37,10,160,10270
20180929,15,180,20,20,40,147,36,10,122,10261
20180929,16,170,20,10,40,142,35,10,68,10255
20180929,17,0,10,0,30,114,63,8,24,10249
20180929,18,150,10,10,10,74,59,0,1,10247
20180929,19,0,10,0,10,60,52,0,0,10245
20180929,20,0,0,0,10,47,43,0,0,10244
20180929,21,0,10,0,10,42,37,0,0,10239
20180929,22,0,0,0,10,32,28,0,0,10232
20180929,23,150,10,10,10,27,23,0,0,10226
20180929,24,140,10,10,20,24,21,0,0,10219
20180930,1,130,10,10,30,24,20,0,0,10213
20180930,2,130,10,10,20,18,17,0,0,10203
20180930,3,130,10,10,10,13,10,0,0,10199
20180930,4,0,0,0,10,6,3,0,0,10196
20180930,5,100,0,10,10,4,1,0,0,10192
20180930,6,150,10,10,20,4,2,0,2,10190
20180930,7,150,10,10,20,40,37,8,30,10189
20180930,8,180,10,10,20,96,64,10,74,10187
20180930,9,180,20,20,40,133,76,10,130,10183
20180930,10,200,20,20,40,155,80,10,171,10178
20180930,11,270,20,30,60,162,87,7,150,10173
20180930,12,240,30,30,60,165,73,9,179,10167
20180930,13,290,30,20,60,165,73,8,173,10161
20180930,14,310,30,30,70,164,75,8,131,10157
20180930,15,290,40,40,80,147,80,4,73,10160
20180930,16,300,40,30,80,148,69,7,62,10157
20180930,17,280,20,20,60,130,68,2,12,10157
20180930,18,270,20,20,50,125,74,0,0,10159
20180930,19,280,20,20,50,125,87,0,0,10159
20180930,20,310,20,20,40,124,80,0,0,10160
20180930,21,310,20,20,40,116,69,0,0,10157
20180930,22,340,20,10,60,116,73,0,0,10155
20180930,23,270,10,10,20,91,72,0,0,10156
20180930,24,290,20,10,30,103,67,0,0,10155
20181001,1,300,20,10,70,101,72,0,0,10159
20181001,2,290,10,10,40,95,75,0,0,10160
20181001,3,300,10,10,70,93,80,0,0,10161
20181001,4,260,20,20,30,87,79,0,0,10161
20181001,5,260,20,20,30,85,79,0,0,10165
20181001,6,260,20,20,40,80,72,0,1,10171
20181001,7,300,20,20,60,95,75,8,30,10178
20181001,8,310,30,30,80,110,82,8,80,10188
20181001,9,320,40,40,140,111,72,6,96,10198
20181001,10,310,40,40,90,104,73,8,113,10200
20181001,11,320,40,60,110,132,34,9,179,10201
20181001,12,350,60,50,140,116,49,8,153,10207
20181001,13,340,50,50,120,105,68,7,121,10210
20181001,14,330,50,60,120,94,62,5,112,10212
20181001,15,320,40,40,90,115,55,8,84,10212
20181001,16,340,50,60,140,92,53,2,32,10218
20181001,17,300,40,30,110,92,50,5,14,10221
20181001,18,310,30,30,70,94,54,0,1,10227
20181001,19,280,20,20,60,89,55,0,0,10229
20181001,20,300,20,20,40,87,58,0,0,10229
20181001,21,250,10,10,40,77,65,0,0,10226
20181001,22,230,10,20,30,70,66,0,0,10223
20181001,23,210,20,20,30,77,68,0,0,10217
20181001,24,200,20,30,40,78,65,0,0,10212
20181002,1,200,20,30,40,80,61,0,0,10206
20181002,2,210,20,30,40,86,63,0,0,10195
20181002,3,210,40,40,60,91,65,0,0,10187
20181002,4,210,50,50,90,86,68,0,0,10177
20181002,5,200,40,50,80,89,74,0,0,10167
20181002,6,220,50,50,110,90,74,0,0,10159
20181002,7,230,50,60,110,96,91,0,3,10155
20181002,8,220,60,60,100,98,92,0,10,10152
20181002,9,230,50,40,100,107,104,0,24,10151
20181002,10,230,50,40,80,120,118,0,18,10148
20181002,11,260,40,40,80,134,128,0,33,10150
20181002,12,280,30,40,90,151,125,1,67,10149
20181002,13,280,50,50,90,162,115,6,143,10151
20181002,14,290,50,60,110,162,103,5,102,10156
20181002,15,280,60,60,120,153,87,7,92,10164
20181002,16,280,50,40,110,147,92,10,66,10170
20181002,17,290,40,30,100,134,80,5,20,10174
20181002,18,260,20,20,50,118,85,0,0,10178
20181002,19,260,20,20,40,123,86,0,0,10182
20181002,20,260,20,20,40,122,92,0,0,10186
20181002,21,270,20,20,40,120,95,0,0,10189
20181002,22,270,20,10,40,108,89,0,0,10189
20181002,23,260,20,20,30,109,88,0,0,10189
20181002,24,280,20,20,40,110,89,0,0,10192
20181003,1,260,20,20,40,109,87,0,0,10194
20181003,2,270,20,20,50,111,84,0,0,10199
20181003,3,280,20,20,50,114,75,0,0,10205
20181003,4,280,20,20,40,106,68,0,0,10212
20181003,5,280,20,20,60,105,65,0,0,10216
20181003,6,260,20,20,40,105,66,0,0,10222
20181003,7,280,20,20,40,114,70,0,8,10233
20181003,8,270,20,20,40,128,76,3,54,10243
20181003,9,290,20,30,60,136,70,4,82,10250
20181003,10,20,30,20,60,141,73,5,110,10257
20181003,11,320,20,30,60,150,72,5,110,10261
20181003,12,280,40,40,70,156,58,10,191,10262
20181003,13,300,40,40,80,156,65,10,177,10263
20181003,14,290,40,40,80,157,63,9,148,10261
20181003,15,290,40,30,80,148,70,9,110,10262
20181003,16,270,40,30,70,145,69,10,69,10262
20181003,17,280,30,30,70,134,78,7,17,10267
20181003,18,260,20,20,50,120,79,0,0,10269
20181003,19,230,20,20,30,109,80,0,0,10270
20181003,20,210,20,20,30,92,77,0,0,10269
20181003,21,210,20,20,30,108,86,0,0,10269
20181003,22,210,30,30,50,124,95,0,0,10269
20181003,23,210,30,30,60,125,110,0,0,10266
20181003,24,210,30,20,50,128,112,0,0,10265
20181004,1,210,30,20,50,131,116,0,0,10263
20181004,2,220,30,40,60,134,115,0,0,10259
20181004,3,220,30,30,60,135,116,0,0,10257
20181004,4,220,30,30,50,137,116,0,0,10255
20181004,5,220,30,30,50,136,118,0,0,10255
20181004,6,210,30,30,50,137,123,0,0,10256
20181004,7,200,30,20,50,138,123,0,3,10258
20181004,8,210,30,20,50,142,122,0,12,10260
20181004,9,210,30,40,70,151,120,0,32,10261
20181004,10,220,40,40,80,164,121,1,93,10259
20181004,11,220,40,40,90,162,125,0,62,10259
20181004,12,210,40,40,80,176,125,1,81,10252
20181004,13,220,50,40,80,179,118,2,109,10249
20181004,14,210,40,40,80,179,121,0,68,10246
20181004,15,220,50,50,90,177,122,2,69,10241
20181004,16,210,40,40,70,171,123,0,32,10238
20181004,17,200,30,30,60,165,123,2,10,10236
20181004,18,200,30,30,70,157,119,0,0,10237
20181004,19,180,20,30,50,142,120,0,0,10232
20181004,20,170,20,30,40,130,115,0,0,10230
20181004,21,180,30,30,40,132,113,0,0,10229
20181004,22,170,30,30,50,124,108,0,0,10228
20181004,23,180,30,30,50,123,102,0,0,10225
20181004,24,170,30,30,50,116,99,0,0,10221
20181005,1,170,30,30,40,111,96,0,0,10217
20181005,2,150,20,20,40,94,89,0,0,10213
20181005,3,150,10,20,20,83,81,0,0,10206
20181005,4,150,10,20,20,83,80,0,0,10202
20181005,5,150,20,20,30,86,83,0,0,10200
20181005,6,150,20,20,30,87,84,0,1,10198
20181005,7,150,20,20,40,100,90,8,22,10198
20181005,8,160,20,20,40,122,98,10,67,10196
20181005,9,160,20,30,40,143,106,10,115,10194
20181005,10,170,30,30,50,165,114,10,154,10186
20181005,11,160,30,30,50,181,105,10,174,10176
20181005,12,150,30,40,60,193,109,10,189,10168
20181005,13,160,30,30,60,204,114,10,181,10158
20181005,14,160,30,30,60,208,115,10,156,10154
20181005,15,190,30,30,60,211,111,10,114,10149
20181005,16,180,30,30,50,203,109,10,64,10143
20181005,17,170,10,10,40,156,124,5,17,10142
20181005,18,0,0,0,20,120,107,0,0,10141
20181005,19,120,10,10,20,103,98,0,0,10136
20181005,20,110,10,10,10,94,90,0,0,10136
20181005,21,140,10,10,10,85,83,0,0,10133
20181005,22,130,10,10,20,83,83,0,0,10128
20181005,23,120,10,10,20,74,74,0,0,10124
20181005,24,150,10,10,20,77,74,0,0,10122
20181006,1,170,10,20,30,69,69,0,0,10116
20181006,2,150,20,20,30,67,67,0,0,10111
20181006,3,150,20,10,20,77,77,0,0,10106
20181006,4,140,10,10,20,73,73,0,0,10099
20181006,5,150,20,10,30,77,77,0,0,10094
20181006,6,150,10,20,30,76,76,0,0,10090
20181006,7,160,20,30,40,104,100,7,24,10087
20181006,8,170,20,30,40,130,106,10,70,10087
20181006,9,170,30,30,60,156,117,10,127,10082
20181006,10,190,30,40,50,174,121,10,155,10080
20181006,11,210,30,30,50,192,127,10,174,10079
20181006,12,240,30,30,60,197,128,10,178,10074
20181006,13,270,20,20,50,209,128,10,168,10069
20181006,14,310,10,20,30,207,126,9,131,10068
20181006,15,320,20,20,40,196,128,6,69,10071
20181006,16,330,20,20,40,187,122,8,49,10069
20181006,17,330,20,20,40,164,129,0,3,10075
20181006,18,330,20,20,50,156,127,0,0,10081
20181006,19,350,30,40,70,151,126,0,0,10088
20181006,20,350,30,30,60,144,131,0,0,10100
20181006,21,360,40,40,80,141,130,0,0,10106
20181006,22,360,50,60,90,136,123,0,0,10110
20181006,23,10,60,70,120,126,105,0,0,10122
20181006,24,10,60,70,130,118,97,0,0,10135
20181007,1,20,60,50,120,115,88,0,0,10147
20181007,2,20,50,40,110,112,86,0,0,10152
20181007,3,30,50,50,120,108,80,0,0,10156
20181007,4,20,40,40,90,103,76,0,0,10163
20181007,5,20,30,30,70,97,72,0,0,10176
20181007,6,10,20,20,50,88,69,0,0,10185
20181007,7,40,10,10,40,100,70,7,21,10192
20181007,8,50,20,20,40,116,69,10,68,10200
20181007,9,70,40,40,70,126,71,10,118,10210
20181007,10,40,40,50,90,134,64,10,158,10216
20181007,11,60,50,50,80,130,54,10,163,10214
20181007,12,40,40,40,80,151,72,10,216,10210
20181007,13,40,40,30,70,144,57,5,131,10212
20181007,14,10,30,30,70,144,62,4,93,10216
20181007,15,20,30,30,60,137,66,6,91,10216
20181007,16,50,20,20,50,134,70,7,39,10217
20181007,17,20,20,10,40,117,75,5,12,10220
20181007,18,0,10,0,30,79,70,0,0,10225
20181007,19,0,10,0,20,64,61,0,0,10226
20181007,20,0,0,0,10,56,53,0,0,10228
20181007,21,0,0,0,10,53,50,0,0,10229
20181007,22,0,0,0,10,46,43,0,0,10228
20181007,23,990,0,10,20,41,38,0,0,10225
20181007,24,0,10,0,10,38,35,0,0,10225
20181008,1,160,0,10,10,32,29,0,0,10223
20181008,2,150,10,10,10,31,28,0,0,10219
20181008,3,140,10,10,10,31,28,0,0,10215
20181008,4,150,10,10,20,33,33,0,0,10215
20181008,5,150,10,20,20,40,37,0,0,10213
20181008,6,160,20,20,30,49,46,0,0,10210
20181008,7,0,10,0,20,64,60,5,17,10217
20181008,8,200,10,20,40,101,79,10,68,10220
20181008,9,220,30,40,50,136,85,9,100,10222
20181008,10,210,30,40,70,143,83,10,132,10224
20181008,11,200,30,40,70,154,89,7,153,10224
20181008,12,230,40,30,70,157,89,7,166,10221
20181008,13,220,40,40,70,160,81,5,132,10217
20181008,14,230,40,40,70,160,79,4,87,10213
20181008,15,230,40,30,70,159,86,5,68,10207
20181008,16,250,30,30,60,152,93,10,45,10209
20181008,17,210,30,30,70,135,87,5,12,10202
20181008,18,240,20,20,50,101,85,0,0,10212
20181008,19,240,20,20,30,86,76,0,0,10215
20181008,20,190,20,10,30,77,71,0,0,10216
20181008,21,170,10,20,20,71,68,0,0,10214
20181008,22,180,10,10,20,67,64,0,0,10218
20181008,23,180,10,10,20,69,66,0,0,10212
20181008,24,210,10,20,30,62,59,0,0,10212
20181009,1,190,10,20,30,61,58,0,0,10211
20181009,2,170,20,20,30,70,67,0,0,10205
20181009,3,180,20,10,30,63,60,0,0,10204
20181009,4,160,20,20,30,71,68,0,0,10203
20181009,5,160,20,20,40,77,74,0,0,10203
20181009,6,150,20,20,30,71,69,0,0,10208
20181009,7,160,20,10,30,77,72,0,11,10213
20181009,8,150,10,10,20,95,84,2,36,10218
20181009,9,200,20,20,40,133,98,10,116,10220
20181009,10,210,30,30,60,157,107,9,147,10216
20181009,11,200,30,40,50,162,104,10,167,10214
20181009,12,200,30,30,60,178,110,10,176,10210
20181009,13,200,30,30,50,179,92,10,186,10208
20181009,14,200,30,30,60,185,73,10,164,10205
20181009,15,190,20,30,50,179,78,10,90,10202
20181009,16,190,20,20,40,180,78,10,53,10203
20181009,17,170,20,20,40,130,98,5,13,10203
20181009,18,160,20,20,30,99,87,0,0,10204
20181009,19,160,20,20,30,84,80,0,0,10206
20181009,20,150,10,20,20,79,75,0,0,10207
20181009,21,150,10,10,20,73,71,0,0,10208
20181009,22,160,10,20,20,69,66,0,0,10206
20181009,23,160,20,10,30,67,64,0,0,10203
20181009,24,140,10,10,20,68,64,0,0,10203
20181010,1,110,10,10,10,59,56,0,0,10203
20181010,2,140,10,10,20,61,58,0,0,10200
20181010,3,120,10,20,20,59,58,0,0,10199
20181010,4,90,10,10,20,59,56,0,0,10198
20181010,5,110,10,10,20,57,54,0,0,10195
20181010,6,80,10,10,20,50,47,0,0,10196
20181010,7,100,10,10,20,86,79,7,16,10198
20181010,8,110,20,20,40,133,121,10,59,10196
20181010,9,100,30,30,50,172,129,10,111,10192
20181010,10,100,40,40,70,190,128,10,145,10186
20181010,11,100,40,50,70,213,127,10,171,10178
20181010,12,110,50,30,80,228,107,10,182,10167
20181010,13,110,50,50,100,231,110,10,172,10156
20181010,14,80,50,50,80,233,104,10,145,10146
20181010,15,80,50,50,80,230,111,10,105,10138
20181010,16,80,40,30,80,219,118,10,55,10133
20181010,17,70,30,30,50,191,115,3,11,10129
20181010,18,70,30,40,50,172,113,0,0,10127
20181010,19,90,40,40,60,171,111,0,0,10124
20181010,20,110,30,40,60,164,111,0,0,10122
20181010,21,110,30,30,60,152,112,0,0,10119
20181010,22,120,30,40,70,164,117,0,0,10115
20181010,23,130,50,50,90,169,120,0,0,10113
20181010,24,140,40,30,70,157,118,0,0,10114
20181011,1,130,30,30,50,148,116,0,0,10111
20181011,2,150,30,30,60,141,114,0,0,10109
20181011,3,150,30,30,50,137,113,0,0,10105
20181011,4,150,30,30,50,133,111,0,0,10106
20181011,5,130,30,30,50,137,112,0,0,10101
20181011,6,170,30,30,60,134,111,0,0,10108
20181011,7,160,30,30,60,143,115,5,21,10115
20181011,8,140,30,20,60,155,126,5,44,10115
20181011,9,160,30,30,60,170,126,0,46,10118
20181011,10,140,40,40,60,184,135,1,85,10113
20181011,11,140,40,40,70,186,138,0,67,10111
20181011,12,150,40,50,80,207,140,7,147,10106
20181011,13,140,50,60,90,218,135,10,166,10103
20181011,14,150,50,50,110,225,137,10,152,10103
20181011,15,160,50,50,100,228,131,10,98,10101
20181011,16,140,40,40,90,221,132,10,51,10102
20181011,17,130,30,30,60,199,132,3,8,10105
20181011,18,130,30,40,50,189,132,0,0,10111
20181011,19,140,30,40,60,185,129,0,0,10114
20181011,20,150,30,30,50,179,127,0,0,10113
20181011,21,140,30,30,50,171,124,0,0,10114
20181011,22,140,40,40,60,171,123,0,0,10113
20181011,23,150,40,40,80,173,124,0,0,10117
20181011,24,170,40,40,90,180,129,0,0,10122
20181012,1,170,30,30,60,169,139,0,0,10127
20181012,2,210,50,50,110,176,136,0,0,10130
20181012,3,200,50,40,90,162,139,0,0,10138
20181012,4,190,40,40,70,156,137,0,0,10141
20181012,5,190,40,40,70,149,136,0,0,10152
20181012,6,190,30,30,60,148,134,0,0,10160
20181012,7,180,30,40,60,153,133,8,20,10167
20181012,8,190,50,50,80,164,135,7,50,10171
20181012,9,190,50,50,90,181,139,10,112,10174
20181012,10,180,50,60,90,190,146,8,124,10176
20181012,11,190,60,60,90,204,141,10,147,10178
20181012,12,180,60,70,110,213,136,10,174,10175
20181012,13,180,60,60,110,221,130,10,147,10176
20181012,14,180,50,60,90,227,130,10,128,10178
20181012,15,160,40,30,90,227,145,9,83,10175
20181012,16,160,30,20,80,216,150,5,31,10174
20181012,17,170,40,40,70,211,152,3,7,10176
20181012,18,160,30,30,60,203,153,0,0,10179
20181012,19,160,30,20,60,199,155,0,0,10182
20181012,20,160,30,30,50,194,154,0,0,10183
20181012,21,170,30,30,60,197,152,0,0,10185
20181012,22,160,30,30,50,179,148,0,0,10183
20181012,23,150,30,30,40,173,146,0,0,10180
20181012,24,160,30,30,50,174,144,0,0,10184
20181013,1,160,30,30,50,174,142,0,0,10181
20181013,2,170,30,30,60,173,140,0,0,10185
20181013,3,170,30,30,50,164,137,0,0,10184
20181013,4,160,20,20,40,158,135,0,0,10183
20181013,5,160,30,30,60,161,136,0,0,10178
20181013,6,150,30,30,60,155,134,0,0,10179
20181013,7,150,30,30,60,164,137,5,14,10181
20181013,8,160,30,40,60,181,143,10,53,10182
20181013,9,150,40,40,70,200,149,10,98,10180
20181013,10,150,40,40,70,224,158,10,134,10175
20181013,11,150,40,50,80,241,159,10,158,10170
20181013,12,160,40,40,70,253,156,10,162,10162
20181013,13,160,50,50,80,259,157,10,155,10153
20181013,14,140,50,50,90,255,160,10,124,10147
20181013,15,150,40,40,70,252,150,10,87,10141
20181013,16,150,30,30,70,240,145,10,45,10136
20181013,17,150,20,20,50,220,144,0,4,10133
20181013,18,150,30,30,40,205,144,0,0,10132
20181013,19,150,20,20,40,198,139,0,0,10130
20181013,20,150,20,30,40,190,135,0,0,10129
20181013,21,150,30,30,50,188,124,0,0,10128
20181013,22,150,30,30,60,185,118,0,0,10127
20181013,23,150,40,40,60,181,117,0,0,10122
20181013,24,160,30,30,60,176,117,0,0,10117
20181014,1,150,30,30,40,164,117,0,0,10112
20181014,2,150,30,30,50,161,116,0,0,10103
20181014,3,150,30,30,60,157,115,0,0,10098
20181014,4,140,30,30,50,150,113,0,0,10096
20181014,5,150,20,20,40,143,110,0,0,10092
20181014,6,140,30,30,50,141,110,0,0,10088
20181014,7,140,30,30,50,151,114,5,14,10088
20181014,8,150,40,40,60,167,120,8,49,10084
20181014,9,150,40,40,70,185,125,10,96,10079
20181014,10,170,50,50,90,201,128,9,121,10077
20181014,11,170,50,50,110,217,128,7,138,10074
20181014,12,170,60,50,100,231,125,10,168,10067
20181014,13,180,60,70,120,238,112,8,143,10065
20181014,14,180,70,70,130,237,103,8,108,10065
20181014,15,180,50,50,110,237,105,4,70,10066
20181014,16,180,40,30,90,229,110,10,52,10067
20181014,17,160,20,20,50,196,116,2,11,10071
20181014,18,140,20,20,30,160,121,0,0,10074
20181014,19,160,20,10,20,144,122,0,0,10078
20181014,20,140,20,20,20,133,121,0,0,10081
20181014,21,150,20,20,30,129,118,0,0,10082
20181014,22,160,20,20,30,133,110,0,0,10086
20181014,23,140,20,20,30,127,106,0,0,10086
20181014,24,150,20,20,40,136,105,0,0,10088
20181015,1,150,20,20,40,140,102,0,0,10089
20181015,2,150,20,30,40,144,99,0,0,10090
20181015,3,140,20,20,30,126,97,0,0,10091
20181015,4,140,20,20,30,111,95,0,0,10093
20181015,5,150,20,20,40,117,93,0,0,10094
20181015,6,150,30,30,40,136,93,0,0,10099
20181015,7,150,30,30,40,150,97,5,13,10103
20181015,8,160,20,20,40,169,106,8,49,10108
20181015,9,180,30,30,50,189,110,7,72,10110
20181015,10,200,40,30,80,211,123,8,119,10113
20181015,11,200,50,50,90,222,129,7,137,10115
20181015,12,210,40,30,80,225,125,10,157,10117
20181015,13,190,40,50,80,223,124,9,149,10117
20181015,14,210,50,40,90,218,122,5,85,10121
20181015,15,210,20,20,60,216,132,0,38,10122
20181015,16,200,10,10,30,204,140,2,20,10127
20181015,17,190,10,10,20,171,144,0,3,10133
20181015,18,270,10,10,30,153,137,0,0,10140
20181015,19,320,20,10,40,147,136,0,0,10143
20181015,20,0,0,0,20,126,120,0,0,10148
20181015,21,0,0,0,10,119,116,0,0,10150
20181015,22,0,0,0,10,114,112,0,0,10155
20181015,23,0,0,0,10,115,112,0,0,10156
20181015,24,0,10,0,10,114,114,0,0,10159
20181016,1,130,0,10,10,103,103,0,0,10163
20181016,2,0,10,0,10,97,95,0,0,10164
20181016,3,150,10,10,10,95,95,0,0,10166
20181016,4,150,10,10,20,95,92,0,0,10169
20181016,5,150,10,10,20,90,90,0,0,10171
20181016,6,110,10,20,20,100,100,0,0,10172
20181016,7,150,10,20,20,118,114,0,7,10176
20181016,8,160,20,20,30,132,119,0,24,10179
20181016,9,160,20,20,40,163,120,5,69,10181
20181016,10,160,20,20,40,198,130,10,140,10182
20181016,11,180,20,20,40,217,126,9,141,10182
20181016,12,170,30,20,40,229,125,10,161,10181
20181016,13,190,20,20,40,238,113,10,142,10179
20181016,14,190,20,20,40,238,118,10,133,10179
20181016,15,150,20,20,40,227,128,8,81,10178
20181016,16,130,10,10,30,218,140,10,39,10176
20181016,17,100,10,10,20,161,137,2,5,10179
20181016,18,120,10,10,20,137,127,0,0,10180
20181016,19,130,20,20,30,123,119,0,0,10180
20181016,20,140,20,30,40,116,112,0,0,10180
20181016,21,140,20,30,40,124,109,0,0,10179
20181016,22,150,30,30,40,156,108,0,0,10177
20181016,23,150,20,30,40,153,105,0,0,10176
20181016,24,190,20,10,40,138,102,0,0,10176
20181017,1,0,10,0,30,108,97,0,0,10177
20181017,2,200,10,10,10,94,88,0,0,10177
20181017,3,150,10,10,20,94,92,0,0,10176
20181017,4,140,10,10,20,97,94,0,0,10177
20181017,5,230,10,20,30,98,95,0,0,10182
20181017,6,150,10,10,20,86,85,0,0,10185
20181017,7,0,0,0,10,93,90,0,7,10188
20181017,8,180,10,10,10,131,124,7,44,10191
20181017,9,300,10,20,40,167,130,10,88,10193
20181017,10,150,10,10,30,182,130,8,109,10193
20181017,11,280,20,20,40,194,129,10,143,10193
20181017,12,330,20,20,50,190,130,8,128,10192
20181017,13,320,20,20,40,198,134,6,128,10192
20181017,14,330,20,30,60,182,132,0,44,10193
20181017,15,330,30,20,50,176,125,0,46,10196
20181017,16,310,20,20,50,169,128,3,22,10198
20181017,17,320,20,20,40,157,121,2,4,10202
20181017,18,330,10,10,30,133,118,0,0,10207
20181017,19,330,20,20,30,124,112,0,0,10212
20181017,20,340,10,10,30,108,103,0,0,10216
20181017,21,330,10,20,20,98,96,0,0,10218
20181017,22,340,10,10,20,97,94,0,0,10221
20181017,23,330,10,10,20,88,85,0,0,10225
20181017,24,330,20,20,30,103,100,0,0,10227
20181018,1,340,10,10,30,87,84,0,0,10230
20181018,2,350,10,10,40,112,109,0,0,10230
20181018,3,330,10,20,30,114,111,0,0,10229
20181018,4,350,20,20,40,126,123,0,0,10233
20181018,5,350,20,20,40,129,122,0,0,10234
20181018,6,10,20,20,30,131,117,0,0,10239
20181018,7,20,20,20,30,125,112,0,4,10244
20181018,8,20,20,30,50,138,111,8,46,10249
20181018,9,30,40,40,80,146,109,9,90,10252
20181018,10,40,50,50,80,150,101,9,119,10256
20181018,11,20,50,50,80,150,91,6,134,10255
20181018,12,360,40,50,90,153,86,6,128,10253
20181018,13,20,40,50,80,149,77,9,119,10253
20181018,14,20,40,40,70,151,81,9,102,10252
20181018,15,40,30,30,70,150,82,9,78,10250
20181018,16,20,30,20,60,147,83,10,42,10249
20181018,17,360,20,30,50,131,83,0,5,10254
20181018,18,350,20,20,40,102,84,0,0,10255
20181018,19,40,20,30,40,111,84,0,0,10260
20181018,20,30,30,30,40,104,77,0,0,10263
20181018,21,50,20,20,30,83,69,0,0,10264
20181018,22,50,30,20,40,85,66,0,0,10264
20181018,23,50,20,20,40,81,64,0,0,10263
20181018,24,50,20,20,30,73,61,0,0,10261
20181019,1,40,20,20,30,58,54,0,0,10260
20181019,2,30,20,20,40,78,61,0,0,10259
20181019,3,50,30,30,50,72,57,0,0,10258
20181019,4,50,20,20,50,69,55,0,0,10256
20181019,5,40,40,50,70,74,56,0,0,10256
20181019,6,40,20,10,70,64,54,0,0,10258
20181019,7,30,20,20,40,69,59,2,7,10259
20181019,8,60,20,20,40,83,64,7,42,10261
20181019,9,60,20,20,40,103,73,8,84,10261
20181019,10,90,30,30,50,128,78,10,132,10259
20181019,11,90,30,20,50,140,73,10,160,10257
20181019,12,40,20,20,40,149,74,10,166,10253
20181019,13,40,20,20,40,153,75,10,147,10252
20181019,14,30,20,20,40,150,74,10,118,10248
20181019,15,20,20,20,40,149,74,10,84,10249
20181019,16,30,30,20,50,135,76,10,35,10250
20181019,17,330,20,20,40,114,77,0,2,10258
20181019,18,350,20,20,30,95,75,0,0,10264
20181019,19,0,10,0,30,67,59,0,0,10267
20181019,20,350,10,10,30,85,78,0,0,10277
20181019,21,0,10,0,20,64,59,0,0,10276
20181019,22,0,0,0,10,44,41,0,0,10278
20181019,23,0,0,0,10,34,32,0,0,10277
20181019,24,330,10,10,20,28,25,0,0,10286
20181020,1,0,10,0,30,22,20,0,0,10287
20181020,2,320,10,10,10,19,17,0,0,10286
20181020,3,0,0,0,10,21,20,0,0,10288
20181020,4,0,0,0,10,18,16,0,0,10294
20181020,5,0,0,0,10,20,20,0,0,10299
20181020,6,0,0,0,10,22,20,0,0,10302
20181020,7,0,10,0,10,38,37,0,6,10306
20181020,8,0,0,0,10,84,81,5,47,10311
20181020,9,200,10,20,30,118,86,6,80,10314
20181020,10,240,10,20,20,133,70,5,78,10317
20181020,11,240,20,20,30,145,73,5,108,10321
20181020,12,240,20,20,40,152,80,9,134,10314
20181020,13,280,20,20,40,149,82,3,82,10312
20181020,14,290,20,20,40,147,83,3,66,10312
20181020,15,320,20,10,30,147,90,0,33,10308
20181020,16,290,10,10,20,143,90,2,16,10308
20181020,17,320,10,10,20,123,99,0,2,10307
20181020,18,0,10,0,20,109,96,0,0,10308
20181020,19,990,10,10,20,99,92,0,0,10314
20181020,20,270,0,10,10,98,91,0,0,10310
20181020,21,230,10,10,10,79,76,0,0,10310
20181020,22,210,10,10,20,66,65,0,0,10309
20181020,23,160,10,10,10,61,61,0,0,10307
20181020,24,190,10,10,20,62,61,0,0,10303
20181021,1,180,10,10,20,72,69,0,0,10300
20181021,2,190,10,10,20,63,62,0,0,10297
20181021,3,150,20,20,30,80,77,0,0,10295
20181021,4,150,20,10,30,82,79,0,0,10294
20181021,5,180,10,10,20,85,84,0,0,10291
20181021,6,200,10,10,20,90,81,0,0,10289
20181021,7,200,20,20,30,96,77,0,4,10290
20181021,8,190,20,20,40,113,83,7,42,10292
20181021,9,180,20,30,40,116,82,0,41,10294
20181021,10,200,30,20,50,130,84,0,60,10293
20181021,11,200,30,30,60,142,81,0,88,10287
20181021,12,200,30,40,60,152,80,7,119,10280
20181021,13,210,30,40,50,158,82,10,129,10275
20181021,14,200,30,20,50,160,88,8,96,10271
20181021,15,200,30,30,50,158,87,0,38,10266
20181021,16,200,20,20,50,154,88,2,16,10264
20181021,17,210,20,20,40,148,93,0,2,10262
20181021,18,200,20,20,30,143,93,0,0,10263
20181021,19,220,10,10,30,127,103,0,0,10265
20181021,20,230,20,20,30,138,94,0,0,10264
20181021,21,210,10,10,20,131,101,0,0,10265
20181021,22,210,20,20,30,133,95,0,0,10267
20181021,23,220,10,10,30,126,97,0,0,10267
20181021,24,260,10,20,30,125,100,0,0,10268
20181022,1,300,10,10,30,130,111,0,0,10269
20181022,2,350,30,30,60,130,126,0,0,10273
20181022,3,360,30,40,80,133,121,0,0,10278
20181022,4,360,40,40,80,127,117,0,0,10285
20181022,5,350,30,30,60,126,112,0,0,10290
20181022,6,340,30,30,90,124,108,0,0,10298
20181022,7,340,30,30,80,118,110,0,2,10309
20181022,8,340,30,30,70,128,96,8,45,10318
20181022,9,350,30,30,60,139,85,10,86,10326
20181022,10,350,40,40,80,147,74,9,111,10330
20181022,11,340,40,40,80,142,79,8,99,10332
20181022,12,360,40,30,70,137,92,2,63,10333
20181022,13,350,40,40,80,149,72,8,110,10333
20181022,14,360,50,40,80,144,56,10,144,10334
20181022,15,350,40,40,90,129,44,5,51,10339
20181022,16,350,30,30,60,121,47,7,25,10340
20181022,17,320,20,10,50,85,52,0,2,10341
20181022,18,310,10,10,30,59,46,0,0,10344
20181022,19,280,10,10,20,41,36,0,0,10340
20181022,20,220,10,20,20,47,44,0,0,10337
20181022,21,240,20,20,30,40,36,0,0,10341
20181022,22,230,20,20,30,36,32,0,0,10333
20181022,23,240,30,20,40,70,45,0,0,10327
20181022,24,230,30,40,60,79,46,0,0,10315
20181023,1,230,30,40,70,91,48,0,0,10296
20181023,2,240,40,40,70,94,50,0,0,10293
20181023,3,240,40,40,80,96,59,0,0,10279
20181023,4,250,30,30,70,106,71,0,0,10266
20181023,5,260,40,50,100,114,80,0,0,10260
20181023,6,270,40,50,90,115,78,0,0,10257
20181023,7,260,40,40,80,118,80,0,2,10254
20181023,8,270,50,50,90,121,82,0,13,10251
20181023,9,260,50,50,90,125,88,0,34,10246
20181023,10,270,50,50,110,130,92,0,38,10238
20181023,11,280,60,60,120,132,95,0,42,10237
20181023,12,280,60,60,120,134,92,1,43,10231
20181023,13,280,60,60,120,133,93,0,35,10236
20181023,14,280,60,60,110,135,94,0,14,10229
20181023,15,290,50,60,120,136,96,0,9,10226
20181023,16,300,50,50,110,138,96,0,4,10231
20181023,17,290,40,40,100,139,99,0,0,10232
20181023,18,280,40,40,80,141,105,0,0,10231
20181023,19,280,40,40,90,145,110,0,0,10230
20181023,20,280,40,30,100,146,114,0,0,10228
20181023,21,280,40,40,90,144,114,0,0,10229
20181023,22,280,50,50,100,145,116,0,0,10226
20181023,23,290,50,60,120,144,115,0,0,10225
20181023,24,290,50,50,100,145,117,0,0,10225
20181024,1,290,50,40,100,147,118,0,0,10221
20181024,2,300,50,40,100,150,121,0,0,10220
20181024,3,310,50,50,110,146,127,0,0,10222
20181024,4,300,50,40,100,145,126,0,0,10221
20181024,5,320,50,50,110,145,127,0,0,10225
20181024,6,310,40,40,110,139,133,0,0,10229
20181024,7,310,40,40,90,138,129,0,2,10235
20181024,8,310,40,40,80,142,123,0,17,10242
20181024,9,330,40,30,90,142,129,3,28,10250
20181024,10,320,40,40,80,143,123,8,68,10249
20181024,11,320,60,60,110,153,113,8,108,10250
20181024,12,320,50,50,110,154,113,4,74,10249
20181024,13,320,40,30,100,157,115,6,90,10249
20181024,14,300,30,40,70,152,113,1,42,10247
20181024,15,300,30,30,70,144,112,0,15,10249
20181024,16,300,30,30,70,132,124,0,7,10248
20181024,17,310,30,20,70,129,122,0,1,10247
20181024,18,250,10,20,40,125,120,0,0,10246
20181024,19,250,20,20,40,128,125,0,0,10244
20181024,20,260,30,30,60,129,125,0,0,10240
20181024,21,250,30,30,50,128,124,0,0,10236
20181024,22,250,20,20,60,128,123,0,0,10230
20181024,23,230,20,20,60,128,124,0,0,10225
20181024,24,240,30,30,70,126,119,0,0,10215
20181025,1,270,30,30,60,129,108,0,0,10209
20181025,2,260,30,30,80,124,99,0,0,10204
20181025,3,260,20,20,50,116,96,0,0,10199
20181025,4,260,20,30,50,120,89,0,0,10197
20181025,5,240,30,30,50,121,86,0,0,10194
20181025,6,260,30,20,60,117,89,0,0,10193
20181025,7,270,20,20,50,120,91,0,1,10195
20181025,8,250,20,20,50,126,87,0,13,10195
20181025,9,270,20,30,50,130,88,0,21,10198
20181025,10,280,20,30,50,132,86,0,22,10196
20181025,11,280,30,20,60,134,92,0,32,10193
20181025,12,270,30,30,70,127,98,0,23,10191
20181025,13,260,30,30,60,132,95,0,34,10185
20181025,14,270,40,30,70,127,100,1,40,10183
20181025,15,260,30,40,80,123,101,0,25,10179
20181025,16,250,30,20,60,117,110,0,9,10176
20181025,17,250,20,20,60,117,111,0,0,10175
20181025,18,240,30,30,50,114,109,0,0,10173
20181025,19,240,30,20,60,113,109,0,0,10170
20181025,20,240,30,30,50,113,107,0,0,10165
20181025,21,230,30,30,60,112,106,0,0,10161
20181025,22,230,30,20,50,111,106,0,0,10151
20181025,23,220,30,30,60,111,104,0,0,10143
20181025,24,220,30,30,60,111,104,0,0,10138
20181026,1,220,40,40,60,110,101,0,0,10131
20181026,2,210,30,40,60,110,100,0,0,10121
20181026,3,210,40,40,70,109,96,0,0,10110
20181026,4,220,50,60,90,108,96,0,0,10101
20181026,5,200,50,60,100,106,92,0,0,10092
20181026,6,220,50,50,100,105,88,0,0,10086
20181026,7,210,50,50,100,102,87,0,0,10082
20181026,8,220,50,50,90,104,86,0,3,10077
20181026,9,220,50,50,80,106,88,0,10,10071
20181026,10,220,50,50,80,110,87,0,17,10067
20181026,11,220,50,50,80,116,83,0,32,10058
20181026,12,220,50,40,100,107,96,0,33,10052
20181026,13,280,40,20,110,97,92,0,27,10049
20181026,14,270,20,30,50,104,94,0,28,10046
20181026,15,270,30,40,80,103,59,0,34,10048
20181026,16,270,40,30,80,101,50,0,9,10047
20181026,17,260,40,40,80,98,47,0,1,10047
20181026,18,280,40,30,100,86,45,0,0,10052
20181026,19,270,30,40,90,79,52,0,0,10049
20181026,20,260,40,40,90,69,49,0,0,10054
20181026,21,230,20,20,80,61,46,0,0,10053
20181026,22,240,20,30,50,65,51,0,0,10054
20181026,23,260,30,30,70,70,52,0,0,10053
20181026,24,340,20,10,60,62,56,0,0,10055
20181027,1,230,10,20,30,63,56,0,0,10055
20181027,2,240,20,20,40,62,52,0,0,10054
20181027,3,230,20,20,40,63,53,0,0,10054
20181027,4,250,20,20,70,58,48,0,0,10056
20181027,5,270,20,20,30,52,45,0,0,10060
20181027,6,240,20,20,40,56,48,0,0,10063
20181027,7,230,20,30,40,65,58,3,15,10068
20181027,8,270,20,20,40,75,52,7,35,10074
20181027,9,270,20,20,40,84,50,8,72,10078
20181027,10,260,20,20,50,91,52,4,72,10083
20181027,11,300,30,30,60,98,50,10,138,10084
20181027,12,310,30,30,50,107,38,10,147,10084
20181027,13,310,30,30,50,106,41,7,119,10086
20181027,14,330,30,30,60,103,41,8,115,10089
20181027,15,360,30,20,50,97,36,7,53,10093
20181027,16,350,20,20,40,84,40,7,20,10099
20181027,17,360,20,20,30,53,39,0,0,10108
20181027,18,40,20,30,40,56,38,0,0,10114
20181027,19,40,20,20,40,48,35,0,0,10122
20181027,20,50,30,40,50,51,36,0,0,10128
20181027,21,50,40,30,70,48,36,0,0,10134
20181027,22,50,40,40,80,58,33,0,0,10140
20181027,23,60,40,40,70,62,30,0,0,10147
20181027,24,60,40,40,80,55,17,0,0,10152
20181028,1,50,40,40,60,42,14,0,0,10157
20181028,2,50,40,40,70,34,10,0,0,10160
20181028,3,40,30,30,60,26,8,0,0,10167
20181028,4,30,40,30,60,23,4,0,0,10165
20181028,5,50,40,40,70,23,-5,0,0,10170
20181028,6,40,30,30,50,15,-8,0,0,10175
20181028,7,30,30,30,50,12,-7,0,2,10181
20181028,8,50,30,30,50,27,-5,10,36,10178
20181028,9,70,30,40,70,53,-4,10,81,10180
20181028,10,60,60,60,120,65,-14,10,120,10182
20181028,11,40,60,50,110,71,-11,10,130,10179
20181028,12,40,60,60,100,71,-15,10,155,10174
20181028,13,60,60,60,110,74,-15,10,148,10175
20181028,14,50,60,60,100,71,-7,10,103,10170
20181028,15,40,60,50,100,66,-9,8,59,10173
20181028,16,30,40,40,80,58,-6,7,28,10165
20181028,17,30,30,30,70,46,-1,0,1,10175
20181028,18,30,30,30,50,39,0,0,0,10171
20181028,19,30,30,30,60,32,1,0,0,10166
20181028,20,40,30,20,50,24,0,0,0,10165
20181028,21,40,30,40,60,26,-1,0,0,10165
20181028,22,30,40,40,70,23,-3,0,0,10156
20181028,23,30,30,30,60,20,-4,0,0,10146
20181028,24,30,30,40,60,23,-6,0,0,10147
20181029,1,30,30,30,60,23,-2,0,0,10144
20181029,2,30,40,40,70,21,-1,0,0,10125
20181029,3,50,50,40,80,25,4,0,0,10128
20181029,4,50,50,50,80,27,7,0,0,10121
20181029,5,50,50,50,80,27,12,0,0,10113
20181029,6,40,40,50,70,28,14,0,0,10097
20181029,7,50,50,50,90,35,20,0,2,10093
20181029,8,60,40,40,80,38,22,0,15,10089
20181029,9,40,30,30,70,44,25,0,20,10087
20181029,10,50,40,40,80,50,28,0,36,10077
20181029,11,50,40,50,80,54,26,0,33,10064
20181029,12,60,40,40,80,55,23,0,17,10058
20181029,13,70,30,30,60,58,23,0,15,10051
20181029,14,50,40,40,80,58,26,0,12,10040
20181029,15,40,40,40,80,58,27,0,16,10027
20181029,16,40,40,30,70,57,25,0,3,10015
20181029,17,40,40,40,80,55,25,0,0,10006
20181029,18,50,50,60,80,51,26,0,0,10001
20181029,19,40,50,50,100,49,27,0,0,9989
20181029,20,40,50,50,110,48,28,0,0,9979
20181029,21,40,40,50,80,48,26,0,0,9965
20181029,22,40,50,60,100,47,26,0,0,9948
20181029,23,40,50,40,100,46,28,0,0,9935
20181029,24,40,60,60,120,44,31,0,0,9922
20181030,1,40,50,50,110,42,33,0,0,9905
20181030,2,30,50,60,100,43,33,0,0,9893
20181030,3,50,60,70,120,43,35,0,0,9882
20181030,4,10,30,40,90,42,38,0,0,9868
20181030,5,50,40,40,70,43,37,0,0,9869
20181030,6,40,40,30,70,43,39,0,0,9857
20181030,7,70,20,20,50,43,39,0,0,9858
20181030,8,110,30,30,50,45,40,0,6,9859
20181030,9,150,30,30,50,49,45,0,10,9858
20181030,10,180,40,40,80,53,42,0,10,9866
20181030,11,180,40,40,80,58,41,0,21,9869
20181030,12,180,50,50,100,55,37,0,18,9871
20181030,13,180,60,50,100,51,31,0,22,9874
20181030,14,180,60,60,100,48,22,0,15,9874
20181030,15,170,50,50,100,49,21,0,11,9877
20181030,16,170,40,30,80,42,25,0,4,9885
20181030,17,170,30,20,70,38,28,0,0,9895
20181030,18,190,30,30,60,40,36,0,0,9909
20181030,19,250,50,70,120,86,77,0,0,9927
20181030,20,240,60,60,120,90,81,0,0,9951
20181030,21,240,60,60,130,92,78,0,0,9973
20181030,22,240,60,50,120,93,73,0,0,9995
20181030,23,230,60,60,110,89,71,0,0,10018
20181030,24,220,50,60,100,84,68,0,0,10034
20181031,1,210,60,50,120,80,69,0,0,10049
20181031,2,210,50,60,100,79,65,0,0,10061
20181031,3,220,50,50,90,74,62,0,0,10070
20181031,4,210,40,30,80,69,59,0,0,10081
20181031,5,200,40,40,80,64,53,0,0,10092
20181031,6,180,30,30,70,53,42,0,0,10102
20181031,7,170,30,30,60,48,33,0,1,10113
20181031,8,160,30,20,50,50,34,0,16,10121
20181031,9,170,30,30,60,64,41,3,58,10128
20181031,10,170,30,30,60,75,42,7,78,10132
20181031,11,160,40,40,60,94,50,10,119,10133
20181031,12,140,30,30,60,107,45,10,148,10131
20181031,13,130,30,30,70,113,49,10,113,10128
20181031,14,140,50,50,80,107,42,8,93,10127
20181031,15,110,40,40,70,106,48,8,41,10123
20181031,16,130,40,40,70,99,52,7,15,10123
20181031,17,130,40,40,70,95,53,0,0,10122
20181031,18,130,40,30,80,94,57,0,0,10122
20181031,19,140,30,30,60,93,60,0,0,10120
20181031,20,140,30,30,50,95,63,0,0,10120
20181031,21,140,30,40,70,94,61,0,0,10119
20181031,22,130,30,30,70,94,61,0,0,10116
20181031,23,120,30,30,60,95,61,0,0,10114
20181031,24,130,30,30,50,98,60,0,0,10111
20181101,1,130,30,40,60,99,56,0,0,10107
20181101,2,130,30,40,70,100,53,0,0,10099
20181101,3,130,40,50,90,101,51,0,0,10092
20181101,4,140,50,50,80,97,51,0,0,10090
20181101,5,140,40,40,80,90,51,0,0,10088
20181101,6,140,40,30,70,86,49,0,0,10086
20181101,7,140,40,40,60,87,50,0,1,10091
20181101,8,140,30,40,60,94,55,0,13,10095
20181101,9,140,30,20,60,107,60,0,36,10088
20181101,10,150,30,30,70,116,66,9,70,10086
20181101,11,170,30,30,60,128,73,0,62,10086
20181101,12,160,30,30,60,131,67,0,51,10079
20181101,13,150,30,30,50,124,75,0,27,10078
20181101,14,140,30,30,60,114,85,0,25,10078
20181101,15,150,30,30,50,109,88,0,11,10081
20181101,16,150,30,30,60,103,93,0,2,10079
20181101,17,150,40,30,70,101,94,0,0,10081
20181101,18,160,30,30,70,100,95,0,0,10083
20181101,19,150,30,30,60,99,94,0,0,10082
20181101,20,160,30,30,60,101,94,0,0,10084
20181101,21,180,30,40,60,103,93,0,0,10087
20181101,22,180,40,40,70,101,96,0,0,10090
20181101,23,190,40,40,60,103,97,0,0,10091
20181101,24,190,40,40,70,106,97,0,0,10094
20181102,1,200,40,50,80,105,94,0,0,10101
20181102,2,270,40,30,80,99,91,0,0,10117
20181102,3,260,40,40,70,96,87,0,0,10130
20181102,4,250,30,20,70,91,83,0,0,10143
20181102,5,260,30,30,80,87,77,0,0,10157
20181102,6,230,30,30,70,85,77,0,0,10167
20181102,7,230,30,30,60,84,65,0,0,10181
20181102,8,240,30,20,50,83,64,3,16,10195
20181102,9,240,30,30,50,96,55,5,53,10203
20181102,10,260,30,40,70,106,48,10,104,10210
20181102,11,260,40,40,80,107,29,10,113,10217
20181102,12,280,40,40,80,113,25,10,136,10223
20181102,13,260,40,50,70,105,22,10,124,10229
20181102,14,260,30,40,70,106,25,10,83,10239
20181102,15,260,40,30,70,106,30,8,50,10246
20181102,16,270,30,30,60,89,31,5,18,10253
20181102,17,340,20,20,50,73,37,0,0,10263
20181102,18,300,10,10,20,38,30,0,0,10271
20181102,19,250,10,10,20,33,29,0,0,10279
20181102,20,230,10,10,30,26,22,0,0,10281
20181102,21,210,10,10,20,27,23,0,0,10285
20181102,22,180,10,10,20,25,21,0,0,10289
20181102,23,200,10,10,20,42,38,0,0,10292
20181102,24,210,20,20,40,52,43,0,0,10291
20181103,1,160,10,20,20,38,34,0,0,10291
20181103,2,160,10,10,20,18,16,0,0,10289
20181103,3,140,10,10,20,5,5,0,0,10287
20181103,4,150,20,20,20,5,2,0,0,10290
20181103,5,170,20,10,30,4,4,0,0,10290
20181103,6,150,20,20,30,12,9,0,0,10291
20181103,7,160,20,10,30,14,11,2,2,10294
20181103,8,150,20,20,40,19,16,2,18,10294
20181103,9,160,20,10,30,37,32,2,46,10294
20181103,10,160,20,20,40,61,41,8,94,10292
20181103,11,170,20,20,40,79,50,10,95,10288
20181103,12,170,30,30,40,93,48,10,109,10281
20181103,13,180,30,40,60,95,45,9,103,10273
20181103,14,180,30,40,60,94,44,7,66,10268
20181103,15,160,30,20,60,90,46,10,40,10262
20181103,16,150,20,20,40,76,42,5,15,10258
20181103,17,140,20,20,40,64,39,0,0,10254
20181103,18,140,20,20,40,58,37,0,0,10249
20181103,19,140,20,20,30,48,33,0,0,10247
20181103,20,140,20,20,40,41,30,0,0,10242
20181103,21,140,20,30,40,38,27,0,0,10237
20181103,22,120,20,20,40,28,22,0,0,10229
20181103,23,140,20,20,30,8,5,0,0,10222
20181103,24,130,20,20,30,9,6,0,0,10211
20181104,1,140,30,30,40,23,19,0,0,10203
20181104,2,150,30,20,50,26,17,0,0,10198
20181104,3,140,30,30,40,20,12,0,0,10192
20181104,4,150,30,30,40,19,9,0,0,10188
20181104,5,140,20,20,40,12,5,0,0,10184
20181104,6,140,20,20,40,11,4,0,0,10183
20181104,7,140,20,20,30,10,4,0,2,10181
20181104,8,130,20,10,40,35,19,10,33,10177
20181104,9,140,30,30,50,45,29,2,46,10170
20181104,10,140,30,30,60,59,39,7,63,10167
20181104,11,160,30,30,50,94,63,10,109,10164
20181104,12,150,30,30,60,109,68,10,133,10154
20181104,13,130,30,20,50,116,73,10,95,10148
20181104,14,130,30,20,50,117,73,7,68,10142
20181104,15,130,30,20,40,116,74,10,42,10137
20181104,16,100,20,20,30,89,68,5,11,10134
20181104,17,100,20,20,30,64,60,0,0,10135
20181104,18,100,30,20,40,64,59,0,0,10133
20181104,19,100,30,30,40,64,59,0,0,10130
20181104,20,100,30,30,50,68,61,0,0,10128
20181104,21,110,30,30,50,63,58,0,0,10126
20181104,22,90,20,20,40,59,57,0,0,10123
20181104,23,90,20,20,40,56,54,0,0,10120
20181104,24,80,20,20,30,65,63,0,0,10116
20181105,1,90,20,30,40,58,55,0,0,10110
20181105,2,80,20,20,50,56,53,0,0,10108
20181105,3,80,20,20,40,55,52,0,0,10102
20181105,4,80,30,30,40,55,53,0,0,10099
20181105,5,90,30,30,50,54,52,0,0,10097
20181105,6,100,20,20,40,57,55,0,0,10096
20181105,7,90,30,30,50,67,62,0,0,10095
20181105,8,100,30,40,60,69,65,0,6,10099
20181105,9,80,30,20,50,79,72,0,31,10099
20181105,10,80,30,30,60,95,83,6,70,10093
20181105,11,80,40,40,60,105,84,10,112,10088
20181105,12,80,40,40,60,108,87,8,100,10082
20181105,13,80,30,40,60,105,88,0,47,10076
20181105,14,130,40,40,80,103,84,0,27,10076
20181105,15,90,40,30,80,103,84,0,17,10072
20181105,16,80,30,30,40,102,84,0,5,10069
20181105,17,80,30,30,40,96,82,0,0,10068
20181105,18,90,30,20,50,86,77,0,0,10068
20181105,19,90,20,20,40,71,68,0,0,10067
20181105,20,120,20,10,30,67,64,0,0,10065
20181105,21,140,10,20,20,52,51,0,0,10064
20181105,22,130,20,20,30,63,60,0,0,10061
20181105,23,140,20,20,30,59,59,0,0,10059
20181105,24,160,20,20,30,71,68,0,0,10060
20181106,1,160,20,20,30,72,69,0,0,10058
20181106,2,130,20,20,40,69,66,0,0,10054
20181106,3,140,20,30,50,79,73,0,0,10052
20181106,4,140,30,30,50,80,72,0,0,10053
20181106,5,150,30,30,50,85,73,0,0,10053
20181106,6,160,30,20,50,85,71,0,0,10056
20181106,7,150,30,40,60,84,68,0,0,10059
20181106,8,150,40,40,60,96,73,0,16,10058
20181106,9,150,40,40,70,123,84,2,43,10058
20181106,10,160,40,50,80,143,85,10,97,10057
20181106,11,160,40,50,90,172,93,10,121,10057
20181106,12,140,40,40,70,184,94,10,127,10052
20181106,13,140,30,30,60,182,100,10,101,10049
20181106,14,130,40,40,60,180,93,7,81,10044
20181106,15,120,50,50,70,171,96,5,32,10045
20181106,16,140,40,30,70,159,92,5,9,10046
20181106,17,150,30,30,50,147,91,0,0,10050
20181106,18,150,30,30,50,135,92,0,0,10053
20181106,19,130,30,30,40,130,92,0,0,10054
20181106,20,140,30,30,40,125,93,0,0,10056
20181106,21,150,20,30,40,126,96,0,0,10057
20181106,22,150,20,20,40,121,96,0,0,10057
20181106,23,150,20,30,40,119,94,0,0,10055
20181106,24,160,30,30,60,119,93,0,0,10059
20181107,1,170,30,30,50,114,89,0,0,10061
20181107,2,160,30,30,50,102,81,0,0,10061
20181107,3,140,30,30,50,98,75,0,0,10055
20181107,4,140,30,40,60,97,71,0,0,10052
20181107,5,150,30,40,60,90,68,0,0,10052
20181107,6,150,40,40,70,92,67,0,0,10052
20181107,7,140,40,50,70,96,69,0,1,10052
20181107,8,150,50,50,90,103,72,7,19,10052
20181107,9,160,50,50,90,109,74,0,32,10054
20181107,10,150,50,50,100,129,81,8,77,10054
20181107,11,150,50,50,90,131,78,2,59,10052
20181107,12,150,50,50,100,133,79,2,65,10053
20181107,13,170,50,60,110,139,72,0,45,10054
20181107,14,170,50,50,100,123,87,0,15,10060
20181107,15,170,50,40,80,118,91,0,6,10066
20181107,16,160,50,50,90,113,95,0,2,10063
20181107,17,170,50,50,100,119,96,0,0,10076
20181107,18,180,60,50,100,118,97,0,0,10082
20181107,19,180,50,50,100,118,95,0,0,10084
20181107,20,170,50,50,80,116,92,0,0,10091
20181107,21,180,50,40,80,111,90,0,0,10100
20181107,22,170,40,40,70,106,87,0,0,10107
20181107,23,170,40,40,70,102,85,0,0,10113
20181107,24,170,30,30,60,98,83,0,0,10120
20181108,1,170,40,40,60,98,81,0,0,10127
20181108,2,190,30,40,70,102,82,0,0,10132
20181108,3,190,40,30,70,98,80,0,0,10139
20181108,4,200,40,40,70,103,85,0,0,10150
20181108,5,210,40,50,80,102,80,0,0,10161
20181108,6,220,40,40,80,97,74,0,0,10173
20181108,7,220,40,40,90,93,72,0,0,10184
20181108,8,200,30,30,70,94,73,5,18,10193
20181108,9,200,30,40,60,102,77,10,54,10202
20181108,10,200,40,50,70,109,75,10,92,10207
20181108,11,200,30,30,60,123,75,10,114,10210
20181108,12,170,30,30,50,131,80,10,121,10210
20181108,13,180,30,30,60,133,74,10,111,10207
20181108,14,170,40,40,60,132,67,10,87,10205
20181108,15,170,30,30,60,126,62,10,45,10203
20181108,16,140,20,30,50,106,65,3,12,10202
20181108,17,120,20,20,40,79,58,0,0,10202
20181108,18,100,20,20,40,63,53,0,0,10200
20181108,19,100,20,20,30,53,46,0,0,10198
20181108,20,120,30,20,40,49,46,0,0,10195
20181108,21,100,20,20,30,44,38,0,0,10191
20181108,22,80,20,20,30,43,36,0,0,10186
20181108,23,90,30,30,50,57,34,0,0,10177
20181108,24,90,30,30,50,59,37,0,0,10171
20181109,1,90,30,30,50,59,40,0,0,10163
20181109,2,90,30,20,40,59,43,0,0,10156
20181109,3,90,30,30,50,69,52,0,0,10148
20181109,4,100,30,30,50,74,57,0,0,10143
20181109,5,100,30,30,50,75,59,0,0,10139
20181109,6,120,20,20,40,73,59,0,0,10138
20181109,7,140,20,20,40,77,65,0,0,10138
20181109,8,150,30,30,50,84,69,7,21,10133
20181109,9,150,30,30,60,89,69,5,43,10129
20181109,10,160,30,20,50,94,75,2,53,10128
20181109,11,150,30,30,60,105,79,6,82,10121
20181109,12,150,30,30,60,108,81,5,78,10117
20181109,13,150,40,30,70,109,81,0,50,10109
20181109,14,150,30,30,70,108,83,0,35,10104
20181109,15,150,30,30,60,109,83,2,23,10102
20181109,16,140,30,30,60,106,80,3,15,10098
20181109,17,140,30,30,60,98,78,0,0,10092
20181109,18,140,30,30,60,96,76,0,0,10084
20181109,19,150,30,30,60,93,74,0,0,10080
20181109,20,150,40,30,60,96,74,0,0,10074
20181109,21,150,40,40,70,97,74,0,0,10066
20181109,22,150,40,40,70,97,78,0,0,10056
20181109,23,140,40,40,60,95,79,0,0,10047
20181109,24,150,40,40,70,100,83,0,0,10040
20181110,1,150,40,40,80,106,87,0,0,10031
20181110,2,150,50,50,100,112,88,0,0,10018
20181110,3,150,60,60,110,115,88,0,0,10008
20181110,4,150,60,50,120,114,92,0,0,9998
20181110,5,160,60,50,100,116,97,0,0,9991
20181110,6,180,60,70,120,113,105,0,0,9994
20181110,7,180,60,70,110,115,105,0,0,9997
20181110,8,190,70,60,120,116,105,0,2,10002
20181110,9,190,60,50,110,120,104,0,11,10009
20181110,10,190,60,60,110,128,105,0,28,10011
20181110,11,190,60,50,100,132,104,1,58,10012
20181110,12,170,50,50,90,130,104,0,34,10009
20181110,13,160,50,40,100,128,105,0,19,10007
20181110,14,170,40,40,80,123,110,0,14,10006
20181110,15,160,30,30,70,119,114,0,8,10002
20181110,16,160,40,40,80,119,111,0,4,10002
20181110,17,180,40,50,90,120,110,0,0,10002
20181110,18,180,50,40,90,121,107,0,0,10006
20181110,19,180,40,40,70,115,105,0,0,10007
20181110,20,180,40,30,60,113,103,0,0,10010
20181110,21,180,30,40,60,106,94,0,0,10014
20181110,22,170,30,30,60,99,88,0,0,10015
20181110,23,160,30,30,60,95,89,0,0,10015
20181110,24,170,30,30,50,99,94,0,0,10012
20181111,1,170,30,40,70,111,101,0,0,10010
20181111,2,170,40,40,80,117,99,0,0,10010
20181111,3,180,50,50,90,119,97,0,0,10008
20181111,4,170,50,50,90,116,98,0,0,10008
20181111,5,180,50,50,90,113,99,0,0,10009
20181111,6,180,40,40,90,108,101,0,0,10012
20181111,7,180,50,40,90,108,100,0,0,10016
20181111,8,180,50,50,90,110,99,0,5,10021
20181111,9,180,50,60,90,118,96,0,23,10027
20181111,10,190,60,60,100,123,94,0,30,10031
20181111,11,190,50,50,110,131,95,0,41,10037
20181111,12,200,60,50,110,131,92,0,35,10042
20181111,13,190,50,50,100,133,94,0,28,10042
20181111,14,200,50,40,100,132,97,0,24,10047
20181111,15,200,50,50,100,128,93,2,18,10052
20181111,16,190,40,30,80,123,94,2,5,10058
20181111,17,190,40,40,80,120,97,0,0,10063
20181111,18,200,40,30,70,116,94,0,0,10073
20181111,19,200,30,30,70,112,93,0,0,10080
20181111,20,180,30,30,50,102,88,0,0,10086
20181111,21,190,30,30,50,96,86,0,0,10094
20181111,22,180,30,30,50,94,87,0,0,10101
20181111,23,190,20,20,40,87,83,0,0,10105
20181111,24,160,20,20,40,87,84,0,0,10110
20181112,1,150,20,20,30,85,83,0,0,10112
20181112,2,140,20,20,40,89,87,0,0,10111
20181112,3,160,20,20,40,94,91,0,0,10117
20181112,4,150,20,30,40,95,93,0,0,10113
20181112,5,150,20,20,40,96,93,0,0,10112
20181112,6,160,20,20,40,99,96,0,0,10115
20181112,7,160,20,20,40,100,98,0,0,10118
20181112,8,170,20,20,30,102,99,0,3,10119
20181112,9,170,20,10,30,105,102,0,8,10119
20181112,10,190,10,10,30,108,106,0,15,10121
20181112,11,220,20,20,30,108,103,0,19,10125
20181112,12,210,20,20,40,111,97,0,36,10129
20181112,13,200,20,20,30,116,104,2,47,10124
20181112,14,220,30,30,50,113,94,0,32,10132
20181112,15,210,20,30,40,112,100,0,13,10140
20181112,16,210,30,20,50,108,95,0,3,10145
20181112,17,190,20,20,40,102,91,0,0,10149
20181112,18,200,30,30,50,99,90,0,0,10160
20181112,19,190,30,30,50,96,88,0,0,10165
20181112,20,170,30,30,50,92,87,0,0,10166
20181112,21,190,40,40,60,94,84,0,0,10169
20181112,22,190,40,30,70,95,81,0,0,10168
20181112,23,180,40,40,60,92,79,0,0,10171
20181112,24,180,40,40,70,92,77,0,0,10172
20181113,1,180,40,40,70,91,76,0,0,10174
20181113,2,190,40,40,70,94,76,0,0,10173
20181113,3,190,40,30,60,90,77,0,0,10173
20181113,4,200,40,40,80,93,80,0,0,10174
20181113,5,200,40,40,80,89,79,0,0,10176
20181113,6,200,40,50,80,92,81,0,0,10177
20181113,7,210,60,60,100,97,83,0,0,10182
20181113,8,210,70,70,120,107,83,8,23,10189
20181113,9,230,60,60,130,103,75,0,18,10198
20181113,10,220,60,70,120,113,75,7,74,10205
20181113,11,230,70,60,120,120,79,10,98,10210
20181113,12,240,70,70,130,118,81,8,81,10217
20181113,13,230,60,50,120,131,87,10,81,10223
20181113,14,240,60,60,120,130,82,10,84,10229
20181113,15,240,50,40,110,126,85,10,34,10238
20181113,16,240,40,40,80,113,81,2,8,10246
20181113,17,230,30,30,60,107,80,0,0,10253
20181113,18,220,40,30,80,102,81,0,0,10260
20181113,19,210,30,30,60,96,79,0,0,10263
20181113,20,220,40,40,60,95,81,0,0,10267
20181113,21,220,40,40,70,95,81,0,0,10272
20181113,22,220,30,30,60,86,77,0,0,10276
20181113,23,210,30,30,60,84,76,0,0,10278
20181113,24,210,30,30,50,84,77,0,0,10279
20181114,1,210,40,40,60,88,77,0,0,10279
20181114,2,210,30,30,60,83,71,0,0,10278
20181114,3,200,30,30,60,82,68,0,0,10272
20181114,4,170,20,30,60,66,59,0,0,10266
20181114,5,200,30,20,50,71,62,0,0,10270
20181114,6,170,20,20,40,53,50,0,0,10272
20181114,7,150,20,20,30,54,52,0,0,10272
20181114,8,160,20,20,40,61,57,5,14,10274
20181114,9,170,30,20,50,79,67,10,47,10274
20181114,10,180,30,30,50,100,77,10,76,10278
20181114,11,180,30,30,50,111,82,10,91,10273
20181114,12,190,40,40,60,120,85,10,93,10269
20181114,13,180,30,30,60,125,86,10,85,10266
20181114,14,180,40,40,70,130,83,10,86,10262
20181114,15,170,30,30,70,121,82,10,38,10261
20181114,16,170,20,20,50,106,76,2,7,10259
20181114,17,160,20,20,40,85,68,0,0,10259
20181114,18,140,20,20,30,64,57,0,0,10258
20181114,19,150,30,30,40,72,60,0,0,10257
20181114,20,140,20,20,40,54,51,0,0,10254
20181114,21,130,20,20,30,40,40,0,0,10253
20181114,22,130,20,20,40,41,41,0,0,10253
20181114,23,140,20,30,40,53,50,0,0,10251
20181114,24,140,30,30,40,53,50,0,0,10252
20181115,1,140,30,30,40,48,45,0,0,10250
20181115,2,140,20,30,40,46,42,0,0,10249
20181115,3,150,30,30,50,43,40,0,0,10248
20181115,4,150,30,20,50,43,40,0,0,10246
20181115,5,140,20,20,40,39,37,0,0,10246
20181115,6,130,20,20,40,37,35,0,0,10249
20181115,7,130,30,30,40,41,37,0,0,10250
20181115,8,130,30,30,50,46,43,2,10,10255
20181115,9,140,30,30,50,65,55,8,39,10256
20181115,10,150,30,30,50,86,63,10,71,10253
20181115,11,160,30,30,60,99,64,10,97,10249
20181115,12,160,30,40,60,114,69,10,106,10246
20181115,13,150,30,30,50,122,70,10,98,10242
20181115,14,140,30,20,50,127,77,10,74,10243
20181115,15,140,20,30,40,119,76,10,36,10243
20181115,16,140,30,30,50,102,70,2,7,10241
20181115,17,120,20,20,40,78,64,0,0,10242
20181115,18,130,20,30,50,82,58,0,0,10246
20181115,19,140,40,40,60,74,48,0,0,10249
20181115,20,130,30,30,50,63,41,0,0,10250
20181115,21,140,30,30,50,56,37,0,0,10253
20181115,22,140,30,30,60,48,34,0,0,10256
20181115,23,130,30,30,50,39,28,0,0,10259
20181115,24,130,30,30,50,31,24,0,0,10261
20181116,1,140,20,20,40,25,21,0,0,10262
20181116,2,140,30,30,50,21,18,0,0,10261
20181116,3,130,30,20,50,20,17,0,0,10262
20181116,4,140,20,20,40,13,10,0,0,10265
20181116,5,130,20,20,30,13,10,0,0,10268
20181116,6,130,30,30,50,23,23,0,0,10274
20181116,7,130,30,30,50,33,30,0,0,10279
20181116,8,130,30,40,60,38,35,0,4,10285
20181116,9,130,40,30,60,34,31,0,14,10286
20181116,10,150,30,30,60,35,32,0,16,10288
20181116,11,160,30,20,50,39,36,0,21,10288
20181116,12,80,20,20,30,45,42,0,29,10286
20181116,13,100,20,20,50,55,46,0,36,10284
20181116,14,20,10,10,30,70,46,8,59,10283
20181116,15,340,10,10,20,67,48,10,32,10281
20181116,16,50,10,10,20,41,36,2,5,10283
20181116,17,80,20,20,30,34,30,0,0,10283
20181116,18,90,20,20,40,42,29,0,0,10284
20181116,19,70,20,20,30,38,31,0,0,10286
20181116,20,90,20,20,30,30,24,0,0,10289
20181116,21,110,20,30,40,25,20,0,0,10291
20181116,22,110,30,30,40,24,18,0,0,10294
20181116,23,80,20,20,40,22,18,0,0,10296
20181116,24,100,30,30,50,27,20,0,0,10297
20181117,1,100,30,40,50,29,17,0,0,10300
20181117,2,90,30,30,50,24,11,0,0,10302
20181117,3,90,30,30,40,18,6,0,0,10303
20181117,4,80,20,20,40,16,4,0,0,10304
20181117,5,70,20,30,40,11,1,0,0,10305
20181117,6,80,30,30,50,13,3,0,0,10306
20181117,7,80,30,30,60,13,2,0,0,10308
20181117,8,90,30,40,50,17,4,3,11,10313
20181117,9,100,40,40,70,32,10,10,45,10315
20181117,10,100,40,50,80,48,17,10,77,10318
20181117,11,90,40,40,70,66,24,10,100,10316
20181117,12,80,40,40,80,79,27,10,108,10315
20181117,13,80,40,40,70,88,27,10,99,10314
20181117,14,70,40,50,70,88,23,10,74,10311
20181117,15,70,40,40,70,83,19,10,36,10310
20181117,16,60,40,40,60,71,13,2,6,10310
20181117,17,50,30,40,60,55,14,0,0,10312
20181117,18,70,40,40,80,53,12,0,0,10313
20181117,19,80,30,30,70,44,7,0,0,10315
20181117,20,80,30,30,50,37,1,0,0,10312
20181117,21,80,40,40,80,35,-7,0,0,10314
20181117,22,90,40,40,100,29,-13,0,0,10316
20181117,23,90,40,40,70,24,-16,0,0,10316
20181117,24,70,40,40,70,22,-18,0,0,10315
20181118,1,80,40,40,70,16,-18,0,0,10317
20181118,2,70,40,40,60,13,-18,0,0,10315
20181118,3,70,30,40,60,11,-18,0,0,10317
20181118,4,70,30,30,50,5,-20,0,0,10315
20181118,5,60,30,30,60,2,-21,0,0,10312
20181118,6,60,20,30,50,-6,-22,0,0,10312
20181118,7,50,40,40,70,-9,-25,0,0,10316
20181118,8,40,30,30,60,-6,-22,3,10,10313
20181118,9,60,20,30,50,16,-26,10,41,10312
20181118,10,50,30,30,50,36,-29,10,77,10309
20181118,11,50,40,40,80,39,-23,9,90,10307
20181118,12,60,50,50,90,72,-45,10,108,10299
20181118,13,50,50,60,80,72,-42,10,101,10293
20181118,14,50,50,50,90,69,-41,8,64,10290
20181118,15,50,50,60,100,64,-45,8,32,10288
20181118,16,50,60,50,90,47,-50,2,8,10286
20181118,17,50,50,50,80,37,-46,0,0,10283
20181118,18,50,50,40,70,28,-46,0,0,10283
20181118,19,40,50,40,70,24,-50,0,0,10282
20181118,20,30,40,30,60,18,-40,0,0,10279
20181118,21,40,40,30,70,27,-10,0,0,10277
20181118,22,40,30,40,60,36,6,0,0,10275
20181118,23,60,40,40,90,35,17,0,0,10273
20181118,24,40,30,40,60,40,21,0,0,10268
20181119,1,40,40,40,70,34,21,0,0,10262
20181119,2,40,40,50,90,42,27,0,0,10258
20181119,3,50,50,50,90,46,25,0,0,10252
20181119,4,40,50,40,90,46,28,0,0,10250
20181119,5,40,50,50,100,49,30,0,0,10243
20181119,6,50,50,40,90,47,28,0,0,10239
20181119,7,50,50,60,100,53,30,0,0,10238
20181119,8,40,50,50,100,55,29,0,2,10235
20181119,9,40,50,50,80,56,30,0,9,10230
20181119,10,40,50,50,90,59,29,0,18,10227
20181119,11,40,50,60,90,65,27,0,45,10216
20181119,12,40,60,50,120,69,29,2,46,10205
20181119,13,50,60,70,110,61,29,0,21,10197
20181119,14,50,60,70,110,62,20,0,16,10191
20181119,15,60,60,60,130,56,15,0,13,10189
20181119,16,60,60,50,110,50,9,0,3,10190
20181119,17,50,50,50,90,46,10,0,0,10186
20181119,18,40,60,60,110,47,9,0,0,10182
20181119,19,60,60,60,110,44,2,0,0,10180
20181119,20,40,60,50,110,39,4,0,0,10176
20181119,21,50,60,50,100,37,0,0,0,10172
20181119,22,50,60,50,100,34,-3,0,0,10167
20181119,23,40,40,40,90,29,-2,0,0,10164
20181119,24,60,50,70,110,42,-1,0,0,10157
20181120,1,70,90,90,160,38,-23,0,0,10148
20181120,2,70,70,70,150,29,-25,0,0,10145
20181120,3,70,80,80,140,31,-21,0,0,10138
20181120,4,70,70,70,130,34,-17,0,0,10132
20181120,5,70,80,80,140,37,-19,0,0,10128
20181120,6,60,80,70,130,38,-19,0,0,10122
20181120,7,70,70,60,130,38,-13,0,0,10118
20181120,8,80,70,60,130,38,-8,0,1,10115
20181120,9,80,70,70,120,37,-4,0,2,10113
20181120,10,80,70,80,120,37,-5,0,7,10111
20181120,11,80,80,80,150,38,-8,0,15,10105
20181120,12,70,80,70,140,35,-9,0,9,10100
20181120,13,80,60,50,110,35,-8,0,10,10097
20181120,14,80,70,70,110,36,-10,0,8,10093
20181120,15,80,70,60,120,35,-6,0,6,10088
20181120,16,80,60,70,110,35,-9,0,1,10086
20181120,17,90,60,70,110,36,-10,0,0,10087
20181120,18,80,70,60,120,36,-8,0,0,10087
20181120,19,90,80,80,140,30,-2,0,0,10088
20181120,20,90,70,60,120,27,-1,0,0,10091
20181120,21,90,60,60,100,27,1,0,0,10091
20181120,22,90,60,60,100,29,1,0,0,10093
20181120,23,100,50,50,90,32,3,0,0,10100
20181120,24,100,60,60,110,30,1,0,0,10102
20181121,1,90,60,50,100,20,-2,0,0,10105
20181121,2,90,50,50,90,23,-1,0,0,10114
20181121,3,90,50,40,80,23,-2,0,0,10120
20181121,4,100,50,50,80,27,0,0,0,10126
20181121,5,100,40,40,80,25,3,0,0,10137
20181121,6,90,40,40,60,21,2,0,0,10143
20181121,7,90,40,40,70,19,1,0,0,10149
20181121,8,100,40,40,70,22,0,0,4,10157
20181121,9,100,40,50,80,26,2,2,22,10164
20181121,10,100,40,40,70,31,5,0,36,10172
20181121,11,100,40,30,60,39,9,0,48,10173
20181121,12,100,30,30,50,48,11,1,42,10173
20181121,13,90,30,30,50,51,12,0,53,10175
20181121,14,80,30,30,50,51,15,0,30,10178
20181121,15,80,30,30,60,47,12,0,16,10180
20181121,16,70,30,30,50,39,9,0,3,10185
20181121,17,80,30,30,70,39,10,0,0,10189
20181121,18,80,40,30,60,39,9,0,0,10189
20181121,19,90,30,30,60,40,9,0,0,10196
20181121,20,80,30,30,50,39,8,0,0,10199
20181121,21,80,30,30,50,38,8,0,0,10199
20181121,22,70,30,30,60,39,7,0,0,10199
20181121,23,90,30,30,60,38,8,0,0,10201
20181121,24,70,30,40,50,34,8,0,0,10202
20181122,1,80,40,30,60,31,6,0,0,10202
20181122,2,80,40,40,60,30,5,0,0,10201
20181122,3,70,30,30,50,29,6,0,0,10201
20181122,4,70,30,30,50,29,6,0,0,10200
20181122,5,70,30,40,50,28,5,0,0,10198
20181122,6,70,40,40,80,27,4,0,0,10197
20181122,7,70,40,40,80,27,4,0,0,10199
20181122,8,70,40,30,60,27,4,0,2,10199
20181122,9,80,40,40,60,30,5,0,12,10201
20181122,10,90,40,40,60,33,9,0,18,10202
20181122,11,90,30,40,50,36,9,0,24,10201
20181122,12,80,30,30,50,39,12,0,27,10197
20181122,13,80,30,40,50,42,13,0,39,10193
20181122,14,80,40,30,60,42,15,0,21,10191
20181122,15,90,30,40,50,41,14,2,14,10191
20181122,16,80,30,30,60,40,14,0,2,10191
20181122,17,90,30,30,50,39,14,0,0,10194
20181122,18,90,30,30,50,37,14,0,0,10195
20181122,19,90,30,30,40,36,14,0,0,10195
20181122,20,100,30,30,40,36,13,0,0,10194
20181122,21,90,30,20,50,31,9,0,0,10194
20181122,22,90,30,30,40,28,9,0,0,10194
20181122,23,90,20,20,40,19,6,0,0,10193
20181122,24,80,20,20,30,19,6,0,0,10194
20181123,1,90,20,20,30,8,-2,0,0,10195
20181123,2,100,20,20,30,-3,-8,0,0,10195
20181123,3,100,20,20,30,-7,-10,0,0,10193
20181123,4,90,20,30,40,0,-6,0,0,10189
20181123,5,130,20,20,40,2,-4,0,0,10190
20181123,6,100,20,20,40,11,3,0,0,10185
20181123,7,110,20,20,30,10,2,0,0,10186
20181123,8,100,20,20,30,13,3,0,4,10188
20181123,9,100,20,20,40,27,10,3,25,10185
20181123,10,90,20,30,40,41,18,5,51,10182
20181123,11,120,20,20,40,54,25,0,53,10179
20181123,12,80,20,20,30,61,25,2,60,10172
20181123,13,70,20,20,40,68,30,3,54,10168
20181123,14,80,20,20,30,66,32,2,36,10163
20181123,15,70,20,20,40,61,30,5,22,10160
20181123,16,70,20,20,40,56,27,0,2,10158
20181123,17,70,30,30,60,58,28,0,0,10157
20181123,18,80,30,30,60,54,29,0,0,10153
20181123,19,80,30,30,60,42,23,0,0,10148
20181123,20,70,20,20,50,38,22,0,0,10144
20181123,21,70,20,30,40,30,17,0,0,10138
20181123,22,80,30,30,40,29,16,0,0,10133
20181123,23,70,30,30,50,28,15,0,0,10131
20181123,24,70,30,30,50,22,11,0,0,10130
20181124,1,60,30,30,50,17,8,0,0,10126
20181124,2,60,30,30,60,11,6,0,0,10124
20181124,3,40,30,30,50,7,3,0,0,10117
20181124,4,60,40,40,70,13,12,0,0,10115
20181124,5,60,30,30,60,18,15,0,0,10114
20181124,6,70,30,30,60,21,19,0,0,10116
20181124,7,70,40,40,60,22,18,0,0,10116
20181124,8,70,30,30,70,23,19,0,1,10119
20181124,9,70,40,40,70,25,20,0,8,10120
20181124,10,60,30,30,60,27,20,0,13,10120
20181124,11,70,30,40,50,29,20,0,16,10117
20181124,12,80,40,40,60,30,19,0,18,10116
20181124,13,90,30,30,50,34,20,0,23,10115
20181124,14,80,30,20,50,32,20,0,14,10114
20181124,15,40,20,20,40,30,20,0,7,10116
20181124,16,60,20,20,40,29,19,0,1,10119
20181124,17,40,20,20,40,27,18,0,0,10120
20181124,18,30,20,20,30,28,18,0,0,10120
20181124,19,30,20,20,30,26,17,0,0,10123
20181124,20,40,20,20,40,26,17,0,0,10125
20181124,21,40,20,20,30,26,15,0,0,10124
20181124,22,50,10,10,30,24,14,0,0,10123
20181124,23,50,10,10,20,23,13,0,0,10123
20181124,24,30,10,10,20,22,14,0,0,10123
20181125,1,30,10,10,10,23,15,0,0,10121
20181125,2,60,10,10,10,24,14,0,0,10120
20181125,3,40,10,20,30,24,15,0,0,10117
20181125,4,60,20,20,40,25,18,0,0,10121
20181125,5,70,20,20,40,23,15,0,0,10118
20181125,6,70,30,20,50,24,14,0,0,10119
20181125,7,40,30,30,50,24,14,0,0,10118
20181125,8,60,30,30,60,23,16,0,2,10120
20181125,9,60,20,20,50,27,20,0,11,10122
20181125,10,40,30,20,50,28,23,0,11,10125
20181125,11,30,30,30,70,37,23,0,25,10118
20181125,12,50,40,30,80,37,25,0,21,10119
20181125,13,50,30,40,60,39,26,0,14,10116
20181125,14,50,30,30,60,38,27,0,8,10113
20181125,15,60,30,30,70,39,27,0,3,10112
20181125,16,50,30,20,50,39,25,0,0,10111
20181125,17,50,30,30,70,39,26,0,0,10113
20181125,18,60,40,40,70,39,29,0,0,10110
20181125,19,50,40,40,60,39,31,0,0,10111
20181125,20,60,40,40,90,41,32,0,0,10110
20181125,21,60,40,40,80,43,33,0,0,10112
20181125,22,60,40,40,70,45,34,0,0,10114
20181125,23,50,30,40,60,46,34,0,0,10111
20181125,24,60,40,40,70,47,36,0,0,10108
20181126,1,60,40,40,70,47,36,0,0,10107
20181126,2,70,40,40,60,48,36,0,0,10109
20181126,3,60,40,40,70,48,35,0,0,10106
20181126,4,70,40,40,80,49,36,0,0,10106
20181126,5,70,40,40,70,50,35,0,0,10107
20181126,6,70,40,40,70,52,36,0,0,10109
20181126,7,70,40,40,70,53,37,0,0,10112
20181126,8,80,40,40,70,54,36,0,1,10119
20181126,9,70,40,40,70,57,35,0,7,10124
20181126,10,70,50,40,80,59,37,0,16,10129
20181126,11,70,50,30,80,57,36,0,14,10130
20181126,12,50,40,40,70,57,38,0,19,10129
20181126,13,50,30,20,60,59,37,0,17,10128
20181126,14,50,30,30,40,60,35,0,9,10131
20181126,15,50,30,30,50,58,34,0,6,10135
20181126,16,60,40,40,60,52,25,0,1,10140
20181126,17,50,40,30,60,47,20,0,0,10144
20181126,18,50,40,40,60,41,14,0,0,10152
20181126,19,60,30,30,50,39,11,0,0,10157
20181126,20,60,30,20,50,38,12,0,0,10160
20181126,21,80,30,20,70,36,6,0,0,10166
20181126,22,70,20,20,40,36,8,0,0,10168
20181126,23,70,20,30,40,36,8,0,0,10174
20181126,24,60,20,20,30,35,10,0,0,10174
20181127,1,40,20,20,30,32,11,0,0,10176
20181127,2,40,20,20,30,31,12,0,0,10179
20181127,3,40,20,20,30,29,12,0,0,10178
20181127,4,40,20,20,30,28,12,0,0,10180
20181127,5,40,20,10,20,29,13,0,0,10183
20181127,6,70,10,10,20,30,13,0,0,10188
20181127,7,60,10,10,20,30,14,0,0,10192
20181127,8,80,10,20,30,32,15,0,1,10196
20181127,9,90,20,30,40,37,16,0,9,10197
20181127,10,100,30,30,50,45,21,0,26,10198
20181127,11,110,40,40,60,48,18,0,37,10196
20181127,12,140,30,30,50,50,20,0,26,10200
20181127,13,150,30,30,60,50,24,0,23,10200
20181127,14,180,30,30,60,51,21,0,6,10201
20181127,15,170,30,30,60,46,20,0,4,10199
20181127,16,140,30,30,60,40,16,0,1,10199
20181127,17,130,30,30,50,26,9,0,0,10195
20181127,18,130,30,30,40,20,9,0,0,10199
20181127,19,130,30,30,40,16,9,0,0,10198
20181127,20,130,30,40,70,25,12,0,0,10195
20181127,21,130,40,40,70,25,4,0,0,10194
20181127,22,140,50,40,80,25,2,0,0,10191
20181127,23,120,50,50,80,29,6,0,0,10186
20181127,24,130,50,40,80,29,9,0,0,10184
20181128,1,140,50,50,80,30,10,0,0,10179
20181128,2,140,50,50,90,33,10,0,0,10178
20181128,3,140,50,50,90,34,10,0,0,10173
20181128,4,140,50,50,90,33,9,0,0,10172
20181128,5,140,50,50,90,37,14,0,0,10170
20181128,6,140,50,50,90,40,19,0,0,10168
20181128,7,140,50,50,80,40,24,0,0,10171
20181128,8,140,50,50,90,43,27,0,1,10172
20181128,9,150,50,50,80,49,34,0,4,10172
20181128,10,150,50,60,100,56,31,0,8,10171
20181128,11,150,60,60,100,59,40,0,22,10163
20181128,12,150,60,60,110,61,48,0,17,10161
20181128,13,150,60,60,110,66,51,0,20,10155
20181128,14,150,60,60,110,70,54,0,15,10150
20181128,15,150,60,50,100,67,63,0,3,10147
20181128,16,150,60,50,90,71,67,0,0,10146
20181128,17,160,50,50,100,75,69,0,0,10145
20181128,18,170,60,50,100,80,72,0,0,10143
20181128,19,170,60,60,100,81,74,0,0,10140
20181128,20,160,50,50,90,82,77,0,0,10139
20181128,21,160,50,60,90,85,78,0,0,10136
20181128,22,160,50,50,90,87,83,0,0,10133
20181128,23,170,50,50,80,92,87,0,0,10133
20181128,24,170,50,50,80,95,89,0,0,10131
20181129,1,180,50,50,90,97,92,0,0,10129
20181129,2,180,50,50,80,99,94,0,0,10129
20181129,3,180,50,50,80,102,97,0,0,10126
20181129,4,180,50,50,90,103,98,0,0,10125
20181129,5,180,50,60,90,102,94,0,0,10121
20181129,6,160,40,40,80,101,92,0,0,10115
20181129,7,170,50,50,80,102,90,0,0,10116
20181129,8,160,50,50,90,101,86,0,1,10111
20181129,9,160,60,60,120,98,87,0,5,10109
20181129,10,170,60,60,110,100,88,0,8,10105
20181129,11,160,50,50,100,99,88,0,23,10092
20181129,12,150,60,50,100,97,84,0,14,10082
20181129,13,150,60,60,100,98,83,0,12,10075
20181129,14,160,60,70,110,100,82,0,17,10066
20181129,15,170,60,60,110,102,77,0,8,10061
20181129,16,180,50,60,110,111,70,0,1,10065
20181129,17,170,50,50,110,108,68,0,0,10068
20181129,18,170,50,50,90,108,67,0,0,10069
20181129,19,180,50,50,100,108,69,0,0,10072
20181129,20,170,50,40,90,104,69,0,0,10074
20181129,21,180,50,40,80,105,70,0,0,10075
20181129,22,170,40,30,70,100,71,0,0,10073
20181129,23,170,40,40,80,104,74,0,0,10073
20181129,24,180,50,40,80,103,75,0,0,10073
20181130,1,180,40,50,70,107,78,0,0,10073
20181130,2,180,40,50,80,108,80,0,0,10076
20181130,3,190,50,50,80,107,78,0,0,10074
20181130,4,190,40,40,80,101,76,0,0,10074
20181130,5,200,50,40,90,102,76,0,0,10075
20181130,6,200,40,40,80,103,77,0,0,10076
20181130,7,200,40,40,80,96,72,0,0,10079
20181130,8,190,50,50,90,96,73,0,1,10082
20181130,9,190,50,50,90,102,75,2,13,10085
20181130,10,200,60,60,110,103,75,2,37,10089
20181130,11,210,60,60,100,109,75,5,60,10088
20181130,12,220,60,60,110,110,76,0,41,10088
20181130,13,220,60,50,100,113,73,2,42,10089
20181130,14,220,40,50,90,111,75,3,28,10091
20181130,15,210,50,50,80,109,74,2,12,10095
20181130,16,210,40,30,80,101,72,0,2,10101
20181130,17,210,40,30,70,96,67,0,0,10102
20181130,18,200,40,40,60,91,64,0,0,10106
20181130,19,210,40,40,80,84,61,0,0,10110
20181130,20,210,40,40,70,78,54,0,0,10114
20181130,21,210,40,30,60,71,49,0,0,10115
20181130,22,200,30,30,60,68,50,0,0,10116
20181130,23,210,40,40,70,66,53,0,0,10118
20181130,24,210,40,40,60,64,53,0,0,10119
20181201,1,200,40,40,70,63,52,0,0,10118
20181201,2,210,40,30,70,61,50,0,0,10120
20181201,3,200,40,40,70,60,50,0,0,10116
20181201,4,200,40,40,70,61,50,0,0,10119
20181201,5,210,40,40,70,64,53,0,0,10118
20181201,6,190,40,30,60,67,52,0,0,10117
20181201,7,180,30,30,60,64,53,0,0,10112
20181201,8,190,40,40,60,67,56,0,1,10116
20181201,9,190,40,50,80,69,55,3,21,10114
20181201,10,190,50,40,90,73,55,3,41,10116
20181201,11,180,50,50,100,76,52,0,42,10105
20181201,12,170,50,40,90,81,56,0,45,10099
20181201,13,180,40,50,70,85,59,0,33,10095
20181201,14,180,50,60,100,85,60,0,16,10085
20181201,15,170,50,50,100,83,64,0,15,10076
20181201,16,160,60,60,110,80,68,0,1,10063
20181201,17,170,50,60,110,79,72,0,0,10055
20181201,18,180,60,60,100,80,75,0,0,10045
20181201,19,180,60,60,100,85,80,0,0,10039
20181201,20,190,60,60,110,89,84,0,0,10032
20181201,21,190,60,60,120,92,87,0,0,10025
20181201,22,190,60,50,100,93,89,0,0,10020
20181201,23,190,50,60,100,94,90,0,0,10017
20181201,24,190,50,60,100,96,93,0,0,10010
20181202,1,190,60,50,110,98,95,0,0,10003
20181202,2,190,50,50,90,100,98,0,0,9997
20181202,3,180,50,50,90,101,99,0,0,9988
20181202,4,180,60,60,90,102,99,0,0,9979
20181202,5,180,60,50,90,104,100,0,0,9973
20181202,6,180,50,50,90,104,101,0,0,9963
20181202,7,190,50,50,90,108,105,0,0,9957
20181202,8,220,50,50,90,119,117,0,0,9960
20181202,9,230,50,50,100,125,122,0,3,9963
20181202,10,230,50,50,90,128,124,0,5,9968
20181202,11,240,50,50,100,128,124,0,11,9971
20181202,12,240,50,40,90,132,124,0,15,9975
20181202,13,240,50,50,100,125,121,0,14,9978
20181202,14,230,50,60,100,127,117,0,8,9982
20181202,15,230,60,50,110,126,117,0,4,9986
20181202,16,230,50,60,100,127,116,0,1,9987
20181202,17,230,50,60,100,128,112,0,0,9988
20181202,18,240,60,60,110,127,108,0,0,9990
20181202,19,230,60,50,100,124,105,0,0,9991
20181202,20,230,60,60,110,128,113,0,0,9991
20181202,21,230,60,50,110,127,114,0,0,9990
20181202,22,230,50,50,100,129,120,0,0,9987
20181202,23,230,50,50,90,129,119,0,0,9986
20181202,24,230,60,60,110,127,119,0,0,9984
20181203,1,230,60,50,100,129,116,0,0,9981
20181203,2,230,60,60,120,130,113,0,0,9983
20181203,3,240,60,60,130,125,115,0,0,9983
20181203,4,250,60,60,110,127,106,0,0,9982
20181203,5,250,60,50,110,118,88,0,0,9984
20181203,6,230,50,50,90,119,102,0,0,9987
20181203,7,230,50,50,90,118,99,0,0,9989
20181203,8,230,50,40,90,114,94,0,2,9994
20181203,9,230,60,60,110,114,95,0,11,9995
20181203,10,230,50,60,100,124,92,5,39,9996
20181203,11,230,50,60,110,126,99,8,62,9992
20181203,12,230,50,40,100,131,104,0,41,9984
20181203,13,220,50,40,110,128,107,0,36,9979
20181203,14,220,50,50,100,125,106,0,21,9974
20181203,15,230,50,50,100,121,105,0,4,9973
20181203,16,230,40,60,110,123,106,0,1,9973
20181203,17,240,60,60,100,121,101,0,0,9976
20181203,18,250,50,40,100,118,98,0,0,9983
20181203,19,250,50,50,100,116,97,0,0,9991
20181203,20,320,40,20,100,101,93,0,0,10006
20181203,21,340,40,40,110,82,75,0,0,10032
20181203,22,320,30,20,70,80,64,0,0,10052
20181203,23,290,20,30,40,80,59,0,0,10068
20181203,24,280,20,20,50,74,56,0,0,10082
20181204,1,270,20,20,40,70,48,0,0,10096
20181204,2,270,20,20,60,70,49,0,0,10110
20181204,3,290,20,10,70,49,40,0,0,10119
20181204,4,280,20,20,60,65,39,0,0,10131
20181204,5,260,20,20,40,55,33,0,0,10141
20181204,6,280,20,30,70,59,27,0,0,10152
20181204,7,330,20,20,50,56,30,0,0,10167
20181204,8,250,10,10,30,34,25,0,1,10180
20181204,9,240,20,20,30,60,37,8,22,10195
20181204,10,280,20,20,40,80,34,10,53,10206
20181204,11,330,20,40,60,83,26,8,74,10214
20181204,12,990,30,10,80,80,26,5,54,10218
20181204,13,240,10,20,30,92,25,10,78,10224
20181204,14,300,20,20,30,89,23,10,52,10231
20181204,15,310,10,10,30,67,27,7,15,10236
20181204,16,230,10,10,20,33,19,0,1,10244
20181204,17,190,10,10,20,27,21,0,0,10246
20181204,18,150,10,10,20,20,16,0,0,10249
20181204,19,130,10,10,10,18,14,0,0,10253
20181204,20,130,10,10,10,4,1,0,0,10256
20181204,21,160,10,20,30,8,4,0,0,10258
20181204,22,160,20,20,30,9,5,0,0,10260
20181204,23,160,20,20,30,16,12,0,0,10259
20181204,24,140,10,20,20,19,15,0,0,10257
20181205,1,140,20,20,40,24,20,0,0,10255
20181205,2,160,20,20,40,31,26,0,0,10254
20181205,3,150,20,20,40,32,26,0,0,10249
20181205,4,150,20,20,30,27,21,0,0,10246
20181205,5,150,20,30,40,27,23,0,0,10243
20181205,6,140,30,30,40,31,25,0,0,10241
20181205,7,140,30,30,50,34,23,0,0,10239
20181205,8,150,30,30,60,38,22,0,1,10237
20181205,9,150,40,40,60,40,24,0,10,10231
20181205,10,140,40,40,60,51,32,0,34,10226
20181205,11,140,40,40,70,52,34,0,29,10213
20181205,12,140,40,50,70,56,33,0,27,10205
20181205,13,130,40,40,70,60,39,0,20,10195
20181205,14,140,40,50,80,59,47,0,11,10183
20181205,15,140,50,50,80,61,53,0,4,10172
20181205,16,150,50,50,90,65,59,0,0,10163
20181205,17,150,50,50,90,70,64,0,0,10155
20181205,18,150,50,50,80,72,67,0,0,10147
20181205,19,150,50,50,80,77,68,0,0,10139
20181205,20,150,40,40,80,80,67,0,0,10134
20181205,21,160,40,40,70,78,72,0,0,10131
20181205,22,160,30,30,60,80,75,0,0,10127
20181205,23,170,30,30,60,81,78,0,0,10124
20181205,24,170,30,30,60,84,80,0,0,10119
20181206,1,170,30,40,60,87,85,0,0,10115
20181206,2,190,40,30,60,93,91,0,0,10117
20181206,3,200,30,40,60,97,95,0,0,10117
20181206,4,220,40,40,70,101,98,0,0,10121
20181206,5,220,40,40,60,104,101,0,0,10123
20181206,6,230,30,30,70,108,106,0,0,10126
20181206,7,240,40,40,70,111,108,0,0,10135
20181206,8,240,30,30,70,113,110,0,0,10138
20181206,9,240,40,40,70,114,111,0,5,10146
20181206,10,230,30,40,70,113,106,0,5,10152
20181206,11,230,50,40,90,112,106,0,16,10149
20181206,12,230,50,50,100,116,103,0,19,10149
20181206,13,230,50,50,90,116,98,0,16,10149
20181206,14,230,50,40,100,114,102,0,6,10146
20181206,15,220,50,50,90,114,107,0,3,10142
20181206,16,230,50,50,100,120,109,0,0,10142
20181206,17,240,50,60,100,123,109,0,0,10140
20181206,18,230,60,60,120,122,110,0,0,10139
20181206,19,220,60,50,110,123,108,0,0,10138
20181206,20,230,60,70,150,116,99,0,0,10137
20181206,21,230,60,60,120,114,109,0,0,10135
20181206,22,230,60,60,110,112,108,0,0,10130
20181206,23,230,60,60,110,114,111,0,0,10127
20181206,24,230,60,60,110,113,110,0,0,10122
20181207,1,230,60,60,110,113,108,0,0,10115
20181207,2,230,60,60,110,113,109,0,0,10109
20181207,3,230,60,60,120,114,108,0,0,10102
20181207,4,220,60,50,120,113,109,0,0,10093
20181207,5,220,60,60,100,112,108,0,0,10083
20181207,6,210,60,60,110,113,109,0,0,10073
20181207,7,220,70,70,140,114,109,0,0,10065
20181207,8,210,80,70,130,114,108,0,0,10059
20181207,9,210,80,80,130,114,107,0,3,10046
20181207,10,210,80,80,140,116,106,0,6,10038
20181207,11,210,80,70,150,117,104,0,6,10027
20181207,12,210,80,80,130,116,103,0,7,10006
20181207,13,200,70,80,120,114,104,0,10,9986
20181207,14,200,80,70,150,112,103,0,9,9972
20181207,15,200,70,60,130,109,100,0,2,9958
20181207,16,300,70,80,170,86,66,0,1,9969
20181207,17,280,50,30,140,78,52,0,0,9982
20181207,18,240,40,40,70,80,50,0,0,9990
20181207,19,280,50,40,120,74,47,0,0,10003
20181207,20,250,40,40,90,74,42,0,0,10013
20181207,21,260,50,50,100,76,39,0,0,10019
20181207,22,250,50,50,90,76,27,0,0,10026
20181207,23,240,50,50,100,75,28,0,0,10028
20181207,24,230,40,40,100,71,34,0,0,10028
20181208,1,220,50,60,90,74,40,0,0,10028
20181208,2,230,70,70,150,71,50,0,0,10025
20181208,3,220,60,60,110,69,48,0,0,10018
20181208,4,220,60,60,120,74,53,0,0,10012
20181208,5,230,70,70,140,81,54,0,0,10007
20181208,6,220,60,70,120,83,56,0,0,10002
20181208,7,240,60,70,120,84,63,0,0,10002
20181208,8,240,70,70,130,84,67,0,0,10000
20181208,9,250,70,80,130,95,61,0,4,10001
20181208,10,260,80,90,170,102,56,0,14,10006
20181208,11,260,80,80,180,103,53,0,19,10009
20181208,12,250,80,80,150,103,51,0,16,10008
20181208,13,260,80,80,150,103,46,0,15,10011
20181208,14,250,80,70,160,102,50,0,14,10007
20181208,15,250,70,70,140,102,51,0,8,10005
20181208,16,240,60,60,130,99,59,0,0,9996
20181208,17,230,60,60,130,104,70,0,0,9977
20181208,18,210,60,70,110,93,87,0,0,9960
20181208,19,220,60,80,160,99,89,0,0,9942
20181208,20,220,70,70,140,101,85,0,0,9931
20181208,21,240,70,70,130,110,76,0,0,9921
20181208,22,280,70,70,200,81,64,0,0,9926
20181208,23,270,50,70,160,88,76,0,0,9921
20181208,24,270,70,60,150,88,66,0,0,9927
20181209,1,270,70,70,150,99,57,0,0,9929
20181209,2,260,70,70,160,95,60,0,0,9932
20181209,3,260,80,80,160,99,56,0,0,9934
20181209,4,270,80,70,160,93,59,0,0,9936
20181209,5,260,80,70,150,90,62,0,0,9942
20181209,6,270,70,70,150,89,63,0,0,9947
20181209,7,260,70,60,130,88,64,0,0,9956
20181209,8,270,60,50,150,87,68,0,1,9965
20181209,9,300,40,30,120,75,65,0,3,9978
20181209,10,290,40,40,100,78,64,0,8,9987
20181209,11,290,40,50,90,81,61,0,35,9995
20181209,12,290,40,40,90,93,65,3,54,10007
20181209,13,310,50,50,120,92,58,3,39,10020
20181209,14,300,50,50,110,93,57,5,29,10033
20181209,15,300,50,40,130,82,54,7,18,10051
20181209,16,300,50,50,160,72,50,0,1,10070
20181209,17,310,40,40,110,76,47,0,0,10086
20181209,18,280,40,40,90,74,40,0,0,10102
20181209,19,320,30,40,120,67,40,0,0,10120
20181209,20,290,40,40,110,64,36,0,0,10126
20181209,21,300,50,50,120,70,24,0,0,10136
20181209,22,290,40,40,110,65,25,0,0,10146
20181209,23,310,40,50,130,56,28,0,0,10156
20181209,24,290,40,40,80,57,24,0,0,10165
20181210,1,300,40,30,100,55,25,0,0,10170
20181210,2,300,30,20,80,54,27,0,0,10176
20181210,3,280,30,50,100,56,26,0,0,10179
20181210,4,310,40,30,110,56,32,0,0,10186
20181210,5,300,30,20,70,52,18,0,0,10191
20181210,6,290,20,20,70,48,25,0,0,10197
20181210,7,990,10,10,30,37,21,0,0,10201
20181210,8,300,30,20,90,45,26,0,0,10207
20181210,9,280,20,30,110,56,31,2,10,10209
20181210,10,300,50,60,120,59,33,0,16,10215
20181210,11,300,40,30,100,60,38,0,25,10216
20181210,12,290,30,30,80,70,33,0,38,10215
20181210,13,300,50,40,120,71,22,7,53,10216
20181210,14,300,40,40,90,75,12,7,37,10219
20181210,15,330,50,70,120,62,19,8,24,10229
20181210,16,300,30,30,100,57,18,0,1,10231
20181210,17,290,30,30,100,51,22,0,0,10232
20181210,18,290,30,30,80,52,18,0,0,10234
20181210,19,290,30,20,70,55,21,0,0,10236
20181210,20,300,20,20,50,50,28,0,0,10239
20181210,21,310,30,30,80,57,30,0,0,10238
20181210,22,300,30,30,70,50,24,0,0,10238
20181210,23,310,30,30,60,51,24,0,0,10240
20181210,24,290,20,10,50,44,25,0,0,10241
20181211,1,300,20,30,50,45,17,0,0,10239
20181211,2,280,20,20,40,39,17,0,0,10238
20181211,3,290,20,20,40,37,13,0,0,10239
20181211,4,300,20,10,40,26,11,0,0,10237
20181211,5,280,20,20,40,39,18,0,0,10239
20181211,6,350,20,20,60,48,25,0,0,10240
20181211,7,280,20,20,40,40,19,0,0,10239
20181211,8,280,20,20,40,44,20,0,2,10242
20181211,9,310,20,20,50,55,27,3,15,10245
20181211,10,310,20,20,40,61,27,7,36,10246
20181211,11,300,20,30,50,70,32,8,59,10246
20181211,12,290,20,20,50,69,34,2,42,10245
20181211,13,280,20,20,40,71,39,2,42,10243
20181211,14,310,20,10,90,62,39,2,28,10241
20181211,15,310,10,10,20,55,34,3,14,10242
20181211,16,300,10,10,30,47,28,0,1,10243
20181211,17,280,10,10,20,40,31,0,0,10243
20181211,18,300,10,10,20,43,32,0,0,10247
20181211,19,310,10,10,20,31,27,0,0,10248
20181211,20,290,10,10,20,15,11,0,0,10249
20181211,21,290,10,10,20,9,6,0,0,10251
20181211,22,310,10,10,20,5,1,0,0,10252
20181211,23,330,10,10,20,-3,-6,0,0,10252
20181211,24,340,10,10,20,-8,-11,0,0,10250
20181212,1,0,0,0,10,-15,-18,0,0,10251
20181212,2,340,0,10,10,-21,-24,0,0,10252
20181212,3,0,0,0,10,-24,-30,0,0,10255
20181212,4,0,0,0,10,-27,-30,0,0,10253
20181212,5,0,0,0,10,-27,-31,0,0,10255
20181212,6,40,10,10,20,-16,-20,0,0,10258
20181212,7,40,10,20,30,-10,-14,0,0,10262
20181212,8,70,10,10,20,0,-3,0,0,10266
20181212,9,90,20,20,30,14,7,0,9,10269
20181212,10,80,30,30,50,28,8,0,24,10271
20181212,11,90,20,20,40,37,9,0,36,10269
20181212,12,90,30,30,40,41,11,0,40,10263
20181212,13,90,30,40,60,36,7,0,29,10260
20181212,14,90,40,40,60,39,8,0,21,10259
20181212,15,90,30,30,50,39,-3,0,8,10258
20181212,16,90,30,30,50,36,-4,0,0,10258
20181212,17,60,20,20,40,24,-7,0,0,10256
20181212,18,60,20,30,40,10,-12,0,0,10257
20181212,19,70,30,30,50,9,-2,0,0,10256
20181212,20,80,30,30,50,10,1,0,0,10255
20181212,21,80,30,30,40,5,-4,0,0,10254
20181212,22,80,30,30,50,4,-3,0,0,10251
20181212,23,80,30,30,60,1,-5,0,0,10248
20181212,24,70,40,50,70,4,-2,0,0,10244
20181213,1,80,50,50,70,5,0,0,0,10238
20181213,2,70,50,50,70,3,0,0,0,10236
20181213,3,50,30,40,60,1,-7,0,0,10232
20181213,4,50,40,40,50,-5,-11,0,0,10229
20181213,5,60,40,40,70,-1,-6,0,0,10225
20181213,6,70,40,40,60,2,-2,0,0,10223
20181213,7,70,40,40,60,1,-6,0,0,10225
20181213,8,70,40,40,70,-2,-9,0,1,10229
20181213,9,60,40,40,60,2,-7,7,18,10233
20181213,10,70,40,40,70,10,-8,10,41,10228
20181213,11,80,50,60,80,19,-7,10,65,10225
20181213,12,70,60,60,110,23,-9,10,79,10221
20181213,13,70,60,50,100,22,-7,10,77,10215
20181213,14,60,50,50,90,24,-9,10,54,10214
20181213,15,70,50,50,80,21,-11,8,23,10217
20181213,16,50,30,20,70,13,-11,0,2,10220
20181213,17,50,30,30,50,9,-11,0,0,10220
20181213,18,50,30,30,50,3,-14,0,0,10220
20181213,19,50,30,30,50,1,-13,0,0,10222
20181213,20,40,30,30,50,8,-8,0,0,10228
20181213,21,50,40,30,60,11,-6,0,0,10230
20181213,22,50,30,30,50,10,-7,0,0,10228
20181213,23,60,30,30,50,7,-8,0,0,10230
20181213,24,40,30,30,40,2,-10,0,0,10228
20181214,1,40,30,30,50,-1,-10,0,0,10229
20181214,2,40,30,30,50,-4,-13,0,0,10230
20181214,3,40,30,30,40,-7,-13,0,0,10228
20181214,4,40,30,30,50,1,-7,0,0,10228
20181214,5,40,30,30,40,1,-6,0,0,10229
20181214,6,40,30,20,40,0,-5,0,0,10230
20181214,7,30,20,20,40,5,-2,0,0,10237
20181214,8,30,20,30,40,2,-4,0,1,10242
20181214,9,50,30,30,50,4,-4,7,18,10246
20181214,10,60,40,30,70,11,-4,10,47,10247
20181214,11,70,40,40,60,18,-10,10,71,10244
20181214,12,80,50,50,70,24,-11,10,80,10243
20181214,13,90,40,40,70,29,-14,10,82,10242
20181214,14,90,30,30,60,27,-17,10,59,10242
20181214,15,50,40,40,70,22,-11,7,23,10249
20181214,16,60,30,20,60,11,-13,0,1,10254
20181214,17,40,10,10,30,13,-12,0,0,10259
20181214,18,40,20,20,30,10,-12,0,0,10258
20181214,19,50,20,10,30,8,-10,0,0,10263
20181214,20,60,20,30,40,10,-13,0,0,10260
20181214,21,70,30,30,40,12,-21,0,0,10258
20181214,22,100,30,30,50,12,-21,0,0,10255
20181214,23,80,20,20,40,9,-20,0,0,10258
20181214,24,70,20,20,40,8,-21,0,0,10260
20181215,1,100,20,20,30,5,-17,0,0,10263
20181215,2,80,10,20,30,4,-19,0,0,10262
20181215,3,100,20,30,40,4,-22,0,0,10258
20181215,4,110,30,20,40,2,-22,0,0,10256
20181215,5,120,30,30,40,3,-24,0,0,10255
20181215,6,120,30,20,50,3,-29,0,0,10254
20181215,7,130,30,30,50,4,-38,0,0,10253
20181215,8,130,30,30,50,4,-39,0,0,10254
20181215,9,140,30,40,60,5,-40,0,3,10257
20181215,10,140,40,40,70,6,-53,0,12,10253
20181215,11,140,50,50,90,7,-56,0,25,10244
20181215,12,150,50,40,110,6,-52,0,21,10237
20181215,13,150,60,60,110,7,-55,0,23,10226
20181215,14,140,60,60,110,7,-52,0,17,10217
20181215,15,140,60,60,110,7,-49,0,5,10205
20181215,16,150,70,80,130,7,-49,0,0,10198
20181215,17,130,70,60,120,1,-46,0,0,10184
20181215,18,130,70,60,120,0,-45,0,0,10172
20181215,19,130,70,70,130,-3,-45,0,0,10162
20181215,20,130,70,70,140,-4,-44,0,0,10148
20181215,21,130,80,80,140,-1,-45,0,0,10132
20181215,22,140,80,80,150,2,-44,0,0,10125
20181215,23,140,70,60,120,6,-44,0,0,10123
20181215,24,140,70,60,120,-10,-18,0,0,10118
20181216,1,140,70,70,120,-7,-17,0,0,10109
20181216,2,150,60,60,110,-8,-15,0,0,10106
20181216,3,150,60,50,100,-6,-13,0,0,10097
20181216,4,160,60,60,100,-4,-12,0,0,10093
20181216,5,160,50,50,80,-4,-10,0,0,10092
20181216,6,160,40,40,70,-1,-5,0,0,10089
20181216,7,160,30,40,60,1,-1,0,0,10089
20181216,8,160,30,30,60,3,2,0,0,10094
20181216,9,150,30,30,50,5,5,0,4,10095
20181216,10,160,20,20,50,10,10,0,10,10099
20181216,11,150,20,30,40,13,13,0,18,10098
20181216,12,160,20,20,30,18,18,0,19,10098
20181216,13,170,20,30,40,19,19,0,18,10100
20181216,14,160,20,20,40,20,20,0,15,10100
20181216,15,160,30,30,40,21,21,0,6,10102
20181216,16,180,30,30,50,23,23,0,0,10105
20181216,17,180,30,30,60,28,28,0,0,10108
20181216,18,190,30,30,50,30,30,0,0,10111
20181216,19,180,20,20,40,32,32,0,0,10117
20181216,20,170,20,30,50,32,29,0,0,10119
20181216,21,180,30,30,70,32,29,0,0,10121
20181216,22,170,30,40,60,29,26,0,0,10125
20181216,23,170,40,50,80,26,23,0,0,10128
20181216,24,160,40,40,80,24,24,0,0,10127
20181217,1,160,40,30,70,24,24,0,0,10125
20181217,2,150,30,30,50,27,27,0,0,10125
20181217,3,150,30,30,60,33,30,0,0,10124
20181217,4,150,40,40,60,39,36,0,0,10122
20181217,5,150,40,40,60,45,42,0,0,10122
20181217,6,150,40,40,60,49,46,0,0,10125
20181217,7,150,30,30,60,52,50,0,0,10129
20181217,8,190,40,40,70,61,57,0,0,10135
20181217,9,210,40,50,70,68,64,0,3,10144
20181217,10,230,40,40,80,71,65,0,5,10154
20181217,11,230,40,40,70,71,66,0,13,10159
20181217,12,230,40,40,70,74,64,0,15,10164
20181217,13,230,30,30,70,80,62,0,19,10170
20181217,14,250,40,50,80,84,56,0,22,10179
20181217,15,250,40,40,80,82,55,0,9,10191
20181217,16,240,30,40,70,72,51,0,2,10199
20181217,17,230,30,30,50,66,52,0,0,10206
20181217,18,210,30,30,50,62,49,0,0,10213
20181217,19,210,30,30,50,52,45,0,0,10219
20181217,20,210,30,30,50,47,42,0,0,10224
20181217,21,200,30,30,50,47,42,0,0,10227
20181217,22,200,30,40,60,46,43,0,0,10228
20181217,23,200,30,30,60,49,46,0,0,10231
20181217,24,170,30,30,60,44,42,0,0,10228
20181218,1,200,40,50,90,54,51,0,0,10229
20181218,2,190,50,40,90,59,56,0,0,10228
20181218,3,190,40,40,100,62,53,0,0,10227
20181218,4,180,40,40,80,62,53,0,0,10224
20181218,5,180,40,40,60,64,56,0,0,10223
20181218,6,160,30,30,50,63,58,0,0,10220
20181218,7,160,30,30,60,67,58,0,0,10212
20181218,8,170,40,40,70,70,58,0,0,10213
20181218,9,160,40,40,70,71,56,0,5,10209
20181218,10,170,50,50,80,74,57,0,16,10204
20181218,11,160,50,50,90,75,56,0,25,10197
20181218,12,170,40,40,90,77,55,0,32,10189
20181218,13,150,50,40,80,76,56,5,48,10176
20181218,14,140,40,40,70,73,52,8,41,10167
20181218,15,140,40,40,80,69,49,7,14,10161
20181218,16,130,50,60,90,67,43,0,1,10153
20181218,17,140,60,60,100,63,40,0,0,10143
20181218,18,140,60,60,100,59,32,0,0,10136
20181218,19,140,60,60,100,54,28,0,0,10127
20181218,20,140,60,60,110,56,25,0,0,10116
20181218,21,140,60,50,100,56,23,0,0,10113
20181218,22,130,60,60,90,54,22,0,0,10097
20181218,23,140,60,50,120,54,20,0,0,10097
20181218,24,140,60,60,100,60,15,0,0,10088
20181219,1,150,60,50,90,60,16,0,0,10084
20181219,2,160,50,40,90,57,17,0,0,10086
20181219,3,150,40,30,70,56,21,0,0,10079
20181219,4,170,30,30,50,58,28,0,0,10081
20181219,5,190,50,50,100,58,49,0,0,10085
20181219,6,190,40,40,80,62,54,0,0,10089
20181219,7,190,40,30,70,67,60,0,0,10093
20181219,8,190,40,40,60,72,63,0,0,10099
20181219,9,190,40,40,80,75,61,0,6,10104
20181219,10,190,40,50,90,81,63,0,14,10106
20181219,11,180,50,50,90,87,64,0,22,10103
20181219,12,190,50,50,90,94,64,3,49,10097
20181219,13,190,50,40,90,94,66,0,16,10093
20181219,14,190,50,40,80,95,65,0,11,10093
20181219,15,180,40,40,80,91,64,3,10,10092
20181219,16,180,30,30,70,81,61,0,1,10092
20181219,17,180,30,40,70,87,64,0,0,10095
20181219,18,180,50,60,90,88,62,0,0,10097
20181219,19,180,50,50,80,81,60,0,0,10100
20181219,20,180,40,40,80,72,57,0,0,10099
20181219,21,180,40,40,70,72,55,0,0,10099
20181219,22,170,40,30,70,66,53,0,0,10096
20181219,23,170,30,30,60,63,51,0,0,10095
20181219,24,170,30,30,50,61,50,0,0,10090
20181220,1,170,30,30,60,63,52,0,0,10088
20181220,2,160,30,30,50,63,55,0,0,10088
20181220,3,160,30,30,50,65,57,0,0,10086
20181220,4,160,30,30,60,61,54,0,0,10083
20181220,5,160,30,30,50,60,54,0,0,10084
20181220,6,190,30,40,70,70,57,0,0,10088
20181220,7,180,50,50,80,72,55,0,0,10088
20181220,8,190,50,40,80,73,56,0,0,10089
20181220,9,190,50,50,100,74,56,0,3,10092
20181220,10,190,50,40,90,78,56,0,13,10095
20181220,11,200,50,40,100,78,60,0,17,10093
20181220,12,210,60,60,100,79,58,0,16,10090
20181220,13,190,50,40,110,75,65,0,10,10088
20181220,14,200,50,50,100,76,65,0,14,10086
20181220,15,210,50,50,80,81,63,0,3,10088
20181220,16,210,50,50,90,82,62,0,0,10094
20181220,17,210,60,50,90,82,61,0,0,10096
20181220,18,210,50,60,100,84,64,0,0,10095
20181220,19,220,50,50,90,83,69,0,0,10095
20181220,20,220,60,60,100,87,67,0,0,10097
20181220,21,210,60,70,110,85,61,0,0,10092
20181220,22,210,70,60,110,80,65,0,0,10092
20181220,23,210,60,60,110,80,67,0,0,10089
20181220,24,200,70,60,110,79,66,0,0,10084
20181221,1,200,60,50,110,78,63,0,0,10077
20181221,2,200,40,30,90,76,63,0,0,10071
20181221,3,170,30,30,60,74,63,0,0,10056
20181221,4,170,50,50,100,77,71,0,0,10039
20181221,5,170,50,50,90,79,74,0,0,10022
20181221,6,170,50,50,90,82,77,0,0,10006
20181221,7,180,60,60,90,89,82,0,0,9990
20181221,8,170,50,50,100,92,89,0,0,9977
20181221,9,170,50,50,80,97,94,0,2,9964
20181221,10,220,60,70,100,110,107,0,5,9961
20181221,11,240,70,80,130,122,114,0,7,9960
20181221,12,240,80,90,150,122,111,0,12,9963
20181221,13,240,80,80,150,122,103,0,9,9968
20181221,14,240,90,80,150,118,95,0,8,9978
20181221,15,250,80,80,160,113,76,0,4,9990
20181221,16,250,90,90,190,102,75,0,0,9999
20181221,17,250,80,90,170,107,71,0,0,10011
20181221,18,250,80,80,160,113,67,0,0,10021
20181221,19,260,70,50,160,93,81,0,0,10037
20181221,20,260,60,60,130,95,76,0,0,10047
20181221,21,260,50,50,110,96,71,0,0,10054
20181221,22,270,40,20,100,93,74,0,0,10060
20181221,23,240,20,30,60,89,78,0,0,10062
20181221,24,240,30,30,70,92,82,0,0,10059
20181222,1,230,40,30,80,94,78,0,0,10058
20181222,2,230,40,50,90,95,83,0,0,10052
20181222,3,210,50,60,110,92,85,0,0,10044
20181222,4,240,60,60,110,98,86,0,0,10043
20181222,5,270,50,50,130,95,79,0,0,10056
20181222,6,270,40,50,90,90,83,0,0,10068
20181222,7,280,50,50,100,89,77,0,0,10084
20181222,8,260,50,50,90,93,73,0,0,10097
20181222,9,260,50,50,110,98,68,0,6,10107
20181222,10,260,50,40,110,102,73,0,16,10115
20181222,11,260,60,70,120,106,69,0,24,10121
20181222,12,270,60,60,120,105,71,3,40,10127
20181222,13,270,60,60,120,103,70,0,19,10135
20181222,14,270,50,50,110,101,70,0,12,10145
20181222,15,280,50,50,110,100,67,0,9,10154
20181222,16,260,40,40,90,97,67,0,1,10162
20181222,17,260,40,40,70,95,70,0,0,10167
20181222,18,260,40,40,100,96,67,0,0,10173
20181222,19,260,40,50,80,92,65,0,0,10179
20181222,20,250,40,40,80,94,66,0,0,10182
20181222,21,260,40,40,80,92,64,0,0,10185
20181222,22,260,40,30,80,91,62,0,0,10193
20181222,23,260,30,30,70,92,63,0,0,10195
20181222,24,250,30,30,60,89,59,0,0,10198
20181223,1,230,30,30,60,80,58,0,0,10198
20181223,2,230,30,40,60,80,61,0,0,10201
20181223,3,240,30,40,60,75,62,0,0,10203
20181223,4,230,30,30,60,68,60,0,0,10198
20181223,5,220,40,40,60,65,59,0,0,10196
20181223,6,220,40,40,60,69,64,0,0,10194
20181223,7,220,40,40,60,71,65,0,0,10194
20181223,8,220,30,30,60,71,65,0,0,10194
20181223,9,230,30,30,60,75,70,0,2,10193
20181223,10,210,30,30,50,78,74,0,4,10189
20181223,11,200,20,20,40,79,75,0,11,10180
20181223,12,200,30,30,50,83,79,0,14,10167
20181223,13,220,30,30,70,84,75,0,22,10156
20181223,14,200,20,10,60,81,74,0,11,10149
20181223,15,50,10,10,20,76,73,0,3,10141
20181223,16,30,10,20,30,73,71,0,0,10136
20181223,17,30,20,20,30,72,69,0,0,10136
20181223,18,20,30,50,70,70,65,0,0,10139
20181223,19,20,40,40,80,67,63,0,0,10142
20181223,20,20,30,30,70,63,56,0,0,10154
20181223,21,350,30,30,60,61,55,0,0,10167
20181223,22,330,30,30,60,59,55,0,0,10178
20181223,23,310,20,20,50,55,51,0,0,10188
20181223,24,300,20,20,50,58,53,0,0,10196
20181224,1,310,20,20,40,58,53,0,0,10207
20181224,2,310,20,20,40,50,46,0,0,10220
20181224,3,310,20,20,30,40,36,0,0,10230
20181224,4,310,20,20,40,53,44,0,0,10240
20181224,5,320,20,20,40,58,44,0,0,10251
20181224,6,330,20,20,40,59,46,0,0,10267
20181224,7,320,20,20,30,55,47,0,0,10279
20181224,8,320,10,20,30,49,44,0,0,10294
20181224,9,320,10,20,30,54,48,2,10,10305
20181224,10,360,10,10,30,66,40,8,46,10313
20181224,11,310,10,20,20,72,33,10,68,10317
20181224,12,300,10,10,20,80,26,10,87,10320
20181224,13,320,10,20,30,80,27,10,78,10326
20181224,14,300,10,10,30,81,28,10,54,10331
20181224,15,320,10,10,20,48,26,0,9,10333
20181224,16,260,10,10,10,32,24,0,3,10335
20181224,17,210,10,10,30,44,32,0,0,10343
20181224,18,220,10,10,20,45,38,0,0,10348
20181224,19,210,10,20,20,52,38,0,0,10351
20181224,20,240,20,10,30,60,36,0,0,10354
20181224,21,260,10,20,30,54,33,0,0,10354
20181224,22,220,20,20,30,60,28,0,0,10354
20181224,23,240,20,20,30,58,27,0,0,10354
20181224,24,240,20,20,30,62,25,0,0,10352
20181225,1,260,20,20,40,63,22,0,0,10353
20181225,2,240,10,20,30,62,21,0,0,10354
20181225,3,260,20,20,40,67,21,0,0,10355
20181225,4,260,20,20,40,66,23,0,0,10349
20181225,5,240,20,20,40,64,21,0,0,10348
20181225,6,240,30,30,60,58,22,0,0,10349
20181225,7,240,30,30,50,56,19,0,0,10350
20181225,8,230,30,30,60,54,17,0,0,10350
20181225,9,230,40,40,70,56,18,0,9,10351
20181225,10,240,40,40,80,57,20,2,26,10351
20181225,11,240,40,40,90,65,26,2,41,10349
20181225,12,240,40,30,70,65,30,2,42,10345
20181225,13,230,30,30,60,74,32,3,45,10345
20181225,14,250,40,50,90,74,21,5,30,10344
20181225,15,240,40,30,90,63,22,8,24,10346
20181225,16,220,30,30,60,51,19,0,2,10344
20181225,17,210,30,30,50,48,19,0,0,10346
20181225,18,210,30,40,60,48,21,0,0,10345
20181225,19,210,40,40,60,46,18,0,0,10346
20181225,20,220,40,40,70,44,14,0,0,10344
20181225,21,220,40,40,70,43,10,0,0,10341
20181225,22,220,40,30,60,39,9,0,0,10339
20181225,23,220,30,30,60,39,11,0,0,10336
20181225,24,210,40,40,70,37,11,0,0,10332
20181226,1,220,30,30,60,34,12,0,0,10330
20181226,2,210,30,30,50,32,13,0,0,10327
20181226,3,230,30,30,50,37,15,0,0,10325
20181226,4,230,20,20,50,39,15,0,0,10322
20181226,5,220,20,20,50,40,16,0,0,10319
20181226,6,220,20,30,50,40,18,0,0,10319
20181226,7,230,30,20,50,43,22,0,0,10320
20181226,8,190,30,30,60,40,24,0,0,10324
20181226,9,210,20,30,50,42,30,0,4,10325
20181226,10,210,20,20,40,45,33,0,13,10326
20181226,11,190,30,30,50,46,36,0,14,10322
20181226,12,210,30,30,40,51,38,0,22,10316
20181226,13,210,30,30,50,52,37,0,22,10313
20181226,14,210,30,30,40,51,37,0,12,10313
20181226,15,210,30,30,50,48,36,0,4,10311
20181226,16,190,20,20,40,48,38,0,0,10310
20181226,17,180,20,20,40,49,37,0,0,10305
20181226,18,190,20,20,40,45,36,0,0,10305
20181226,19,200,30,30,50,42,31,0,0,10306
20181226,20,200,30,30,50,37,27,0,0,10303
20181226,21,190,30,30,50,34,17,0,0,10298
20181226,22,200,30,30,50,28,6,0,0,10296
20181226,23,210,30,20,40,25,5,0,0,10295
20181226,24,160,20,20,30,15,1,0,0,10289
20181227,1,150,20,20,20,7,-3,0,0,10288
20181227,2,170,20,20,30,9,-2,0,0,10286
20181227,3,170,10,10,20,-1,-7,0,0,10283
20181227,4,170,10,10,20,-9,-14,0,0,10275
20181227,5,170,10,10,20,-11,-14,0,0,10274
20181227,6,0,10,0,20,-9,-13,0,0,10274
20181227,7,170,10,10,20,-4,-9,0,0,10276
20181227,8,160,20,20,30,6,-8,0,0,10273
20181227,9,160,20,20,30,7,-6,0,11,10272
20181227,10,170,20,10,30,11,-4,0,20,10271
20181227,11,150,10,20,20,28,-1,7,63,10268
20181227,12,200,10,10,20,35,-4,0,45,10261
20181227,13,150,10,10,20,41,6,3,47,10261
20181227,14,180,10,10,20,47,4,3,33,10259
20181227,15,180,20,20,30,39,1,8,22,10260
20181227,16,180,10,10,20,26,1,0,2,10258
20181227,17,140,10,10,20,15,-2,0,0,10259
20181227,18,180,10,10,20,12,-1,0,0,10259
20181227,19,180,10,10,30,3,-8,0,0,10261
20181227,20,990,10,10,20,0,-8,0,0,10262
20181227,21,0,10,0,20,-9,-17,0,0,10265
20181227,22,30,0,10,10,-15,-18,0,0,10265
20181227,23,210,10,20,30,-18,-24,0,0,10262
20181227,24,220,10,10,20,-27,-31,0,0,10263
20181228,1,200,10,10,10,-27,-30,0,0,10263
20181228,2,190,10,10,20,-30,-33,0,0,10266
20181228,3,180,10,10,20,-28,-32,0,0,10268
20181228,4,190,10,10,20,-18,-19,0,0,10269
20181228,5,990,10,10,30,-1,-4,0,0,10271
20181228,6,200,10,20,30,7,2,0,0,10274
20181228,7,170,10,10,30,9,5,0,0,10279
20181228,8,990,10,10,20,12,6,0,0,10284
20181228,9,190,10,10,30,19,11,0,2,10289
20181228,10,190,20,10,20,23,15,0,4,10293
20181228,11,200,20,20,30,28,19,0,7,10292
20181228,12,200,20,20,30,34,24,0,10,10289
20181228,13,200,20,20,30,36,27,0,11,10290
20181228,14,200,20,20,30,40,31,0,8,10293
20181228,15,200,20,20,30,41,30,0,4,10297
20181228,16,210,20,20,40,41,33,0,0,10304
20181228,17,200,20,30,30,40,32,0,0,10306
20181228,18,200,20,20,40,43,36,0,0,10310
20181228,19,190,20,20,40,44,37,0,0,10313
20181228,20,210,20,20,40,45,39,0,0,10316
20181228,21,210,20,20,30,48,41,0,0,10319
20181228,22,190,20,20,30,50,40,0,0,10317
20181228,23,190,20,20,30,52,41,0,0,10315
20181228,24,210,20,10,30,54,46,0,0,10314
20181229,1,220,20,20,40,57,50,0,0,10314
20181229,2,220,20,20,40,60,52,0,0,10318
20181229,3,210,20,20,50,62,52,0,0,10317
20181229,4,200,20,20,40,60,53,0,0,10310
20181229,5,240,30,30,50,68,59,0,0,10311
20181229,6,230,30,30,60,70,62,0,0,10311
20181229,7,220,30,30,60,70,62,0,0,10310
20181229,8,210,40,40,70,66,59,0,0,10306
20181229,9,210,40,50,70,68,58,0,5,10301
20181229,10,220,50,50,100,73,62,0,12,10298
20181229,11,220,50,60,100,74,64,0,13,10289
20181229,12,230,60,50,100,78,70,0,11,10280
20181229,13,230,60,60,120,78,70,0,8,10269
20181229,14,230,70,70,140,77,71,0,6,10261
20181229,15,240,60,50,120,83,80,0,2,10266
20181229,16,250,60,50,100,93,84,0,0,10263
20181229,17,270,50,60,100,105,85,0,0,10262
20181229,18,290,60,60,130,107,74,0,0,10268
20181229,19,290,50,50,110,101,61,0,0,10274
20181229,20,300,60,60,130,96,50,0,0,10280
20181229,21,300,60,60,120,91,45,0,0,10286
20181229,22,300,50,50,120,89,48,0,0,10292
20181229,23,300,50,50,110,88,50,0,0,10298
20181229,24,310,50,50,110,87,52,0,0,10304
20181230,1,310,50,50,90,86,51,0,0,10306
20181230,2,310,50,40,100,86,50,0,0,10316
20181230,3,310,40,30,80,81,53,0,0,10317
20181230,4,300,30,30,70,83,52,0,0,10318
20181230,5,280,20,20,60,79,53,0,0,10322
20181230,6,290,20,20,40,74,50,0,0,10328
20181230,7,260,20,10,30,68,47,0,0,10331
20181230,8,220,20,10,40,62,47,0,0,10331
20181230,9,240,20,20,20,71,55,0,6,10334
20181230,10,240,20,20,40,82,61,0,19,10334
20181230,11,240,30,30,60,87,62,0,26,10333
20181230,12,230,30,30,70,90,63,0,24,10325
20181230,13,230,30,40,60,91,69,0,20,10320
20181230,14,240,30,30,50,87,80,0,14,10317
20181230,15,240,20,30,50,87,84,0,3,10316
20181230,16,250,30,30,60,88,85,0,0,10318
20181230,17,270,20,20,50,91,88,0,0,10318
20181230,18,280,20,20,50,92,89,0,0,10321
20181230,19,270,20,20,40,92,89,0,0,10322
20181230,20,270,20,20,40,92,89,0,0,10324
20181230,21,270,20,30,50,93,90,0,0,10321
20181230,22,280,30,30,50,93,90,0,0,10321
20181230,23,290,20,30,60,94,91,0,0,10323
20181230,24,280,20,20,50,95,92,0,0,10324
20181231,1,270,20,20,40,94,90,0,0,10325
20181231,2,280,20,20,40,93,89,0,0,10328
20181231,3,270,20,10,30,92,87,0,0,10327
20181231,4,270,20,20,30,91,86,0,0,10325
20181231,5,280,20,20,40,89,85,0,0,10328
20181231,6,290,20,20,40,89,84,0,0,10330
20181231,7,290,20,20,40,90,84,0,0,10334
20181231,8,280,20,20,40,90,85,0,0,10341
20181231,9,270,20,20,30,91,84,0,7,10343
20181231,10,270,20,20,30,93,86,0,14,10344
20181231,11,290,30,30,50,93,83,0,25,10343
20181231,12,280,20,20,50,96,84,0,29,10339
20181231,13,270,30,30,60,98,83,3,46,10335
20181231,14,280,40,40,70,92,78,0,10,10336
20181231,15,280,30,20,70,94,76,0,5,10336
20181231,16,270,20,20,60,94,76,0,1,10337
20181231,17,260,20,20,40,93,74,0,0,10335
20181231,18,270,30,30,80,88,71,0,0,10333
20181231,19,260,40,40,100,86,67,0,0,10333
20181231,20,240,40,30,80,84,67,0,0,10330
20181231,21,240,40,40,70,80,68,0,0,10324
20181231,22,240,40,30,70,77,73,0,0,10321
20181231,23,240,40,30,70,78,72,0,0,10318
20181231,24,250,30,30,70,81,64,0,0,10314
20200101,1,120,20,20,40,17,16,0,0,10345
20200101,2,130,30,30,60,15,14,0,0,10342
20200101,3,130,20,20,50,16,15,0,0,10337
20200101,4,140,30,30,50,14,13,0,0,10332
20200101,5,120,30,30,60,8,7,0,0,10327
20200101,6,120,30,30,50,2,1,0,0,10328
20200101,7,130,30,30,60,0,-1,0,0,10329
20200101,8,140,30,30,50,0,-1,0,0,10328
20200101,9,160,30,30,60,1,0,0,3,10331
20200101,10,160,30,20,60,3,2,0,9,10332
20200101,11,150,30,30,50,3,2,0,16,10327
20200101,12,180,30,20,50,4,3,0,16,10321
20200101,13,180,20,30,40,6,5,0,16,10313
20200101,14,160,20,20,40,6,5,0,14,10311
20200101,15,150,30,20,40,6,5,0,6,10310
20200101,16,150,20,20,40,7,6,0,1,10311
20200101,17,170,30,40,60,9,8,0,0,10310
20200101,18,170,30,30,50,5,4,0,0,10307
20200101,19,180,30,20,50,6,5,0,0,10308
20200101,20,200,20,20,40,9,8,0,0,10305
20200101,21,190,20,20,40,15,14,0,0,10302
20200101,22,220,30,20,50,16,13,0,0,10299
20200101,23,200,30,30,60,14,11,0,0,10296
20200101,24,220,30,20,50,16,15,0,0,10292
20200102,1,200,30,30,60,19,17,0,0,10286
20200102,2,210,30,30,60,15,14,0,0,10283
20200102,3,210,30,20,60,14,11,0,0,10281
20200102,4,190,30,30,60,16,14,0,0,10274
20200102,5,200,30,30,60,20,17,0,0,10274
20200102,6,210,40,30,60,23,21,0,0,10272
20200102,7,180,30,40,60,26,21,0,0,10268
20200102,8,180,30,30,60,27,23,0,0,10265
20200102,9,180,40,40,70,27,24,0,4,10264
20200102,10,180,40,50,80,27,25,0,7,10264
20200102,11,160,40,50,70,27,24,0,12,10256
20200102,12,170,50,50,80,29,25,0,16,10245
20200102,13,180,50,50,90,34,29,0,12,10233
20200102,14,180,40,40,70,39,33,0,10,10227
20200102,15,180,40,50,80,43,35,0,6,10220
20200102,16,180,40,40,70,44,35,0,1,10217
20200102,17,190,50,40,80,50,41,0,0,10216
20200102,18,180,50,50,80,56,43,0,0,10210
20200102,19,180,50,50,80,57,45,0,0,10205
20200102,20,190,60,50,100,62,49,0,0,10198
20200102,21,190,50,40,90,64,49,0,0,10194
20200102,22,190,50,50,90,68,50,0,0,10192
20200102,23,200,50,40,90,71,53,0,0,10187
20200102,24,200,40,40,90,73,55,0,0,10179
20200103,1,200,40,40,80,77,58,0,0,10170
20200103,2,200,40,40,80,82,60,0,0,10165
20200103,3,200,60,60,100,85,64,0,0,10162
20200103,4,200,50,50,90,86,66,0,0,10156
20200103,5,210,60,50,90,86,69,0,0,10150
20200103,6,210,60,50,100,84,72,0,0,10150
20200103,7,200,60,60,110,90,70,0,0,10146
20200103,8,200,60,60,100,93,70,0,0,10144
20200103,9,210,60,60,110,90,79,0,3,10144
20200103,10,230,60,70,120,92,83,0,7,10142
20200103,11,230,60,50,120,95,87,0,9,10139
20200103,12,230,60,60,110,98,88,0,11,10133
20200103,13,270,60,50,120,98,92,0,11,10141
20200103,14,280,50,40,100,98,90,0,12,10153
20200103,15,350,50,60,100,79,67,0,5,10176
20200103,16,330,50,30,110,68,58,0,1,10200
20200103,17,310,30,30,70,69,55,0,0,10218
20200103,18,300,30,30,60,61,35,0,0,10232
20200103,19,290,30,20,50,54,25,0,0,10247
20200103,20,290,30,30,90,57,26,0,0,10257
20200103,21,270,20,20,50,45,23,0,0,10265
20200103,22,260,30,30,50,52,29,0,0,10273
20200103,23,250,30,30,50,48,29,0,0,10278
20200103,24,250,20,30,50,47,27,0,0,10277
20200104,1,260,30,30,60,54,29,0,0,10277
20200104,2,260,30,30,60,58,34,0,0,10276
20200104,3,230,30,30,50,48,33,0,0,10278
20200104,4,250,30,30,70,55,33,0,0,10278
20200104,5,240,30,30,70,49,32,0,0,10278
20200104,6,240,30,40,60,49,32,0,0,10276
20200104,7,240,30,30,70,48,32,0,0,10279
20200104,8,240,30,40,60,58,38,0,0,10280
20200104,9,260,40,40,80,72,44,0,6,10281
20200104,10,260,50,50,90,76,47,0,17,10285
20200104,11,260,50,50,100,79,48,0,24,10285
20200104,12,270,50,60,110,81,46,0,24,10286
20200104,13,270,50,50,110,80,48,0,13,10289
20200104,14,280,50,50,110,79,51,0,6,10289
20200104,15,270,50,50,100,76,56,0,3,10295
20200104,16,270,40,40,90,75,60,0,1,10301
20200104,17,280,40,40,70,74,64,0,0,10308
20200104,18,280,40,40,70,74,64,0,0,10314
20200104,19,270,30,30,60,74,63,0,0,10318
20200104,20,270,30,30,60,74,63,0,0,10324
20200104,21,290,20,20,50,72,68,0,0,10330
20200104,22,290,20,20,40,72,69,0,0,10331
20200104,23,270,10,10,30,71,66,0,0,10336
20200104,24,260,20,20,30,71,62,0,0,10336
20200105,1,260,20,20,40,68,59,0,0,10335
20200105,2,250,20,20,30,67,60,0,0,10339
20200105,3,230,20,20,40,71,62,0,0,10341
20200105,4,230,20,20,40,70,61,0,0,10343
20200105,5,210,20,20,50,67,60,0,0,10340
20200105,6,210,20,20,40,68,57,0,0,10340
20200105,7,220,30,30,50,69,57,0,0,10339
20200105,8,220,30,30,60,69,56,0,0,10341
20200105,9,230,30,30,60,71,54,0,3,10342
20200105,10,220,30,30,60,71,52,0,10,10343
20200105,11,210,30,30,60,73,50,0,19,10340
20200105,12,220,40,40,70,75,40,0,22,10335
20200105,13,220,40,40,60,75,35,0,15,10328
20200105,14,220,30,40,60,74,37,0,11,10327
20200105,15,220,40,40,60,73,39,0,5,10329
20200105,16,230,40,50,70,69,41,0,1,10328
20200105,17,230,40,40,70,67,40,0,0,10325
20200105,18,220,40,50,90,64,42,0,0,10323
20200105,19,210,40,40,80,60,45,0,0,10322
20200105,20,210,40,30,70,62,43,0,0,10319
20200105,21,210,30,30,60,64,39,0,0,10313
20200105,22,230,40,30,70,67,40,0,0,10310
20200105,23,230,30,30,60,68,45,0,0,10308
20200105,24,200,30,30,60,66,49,0,0,10303
20200106,1,200,30,30,60,65,49,0,0,10297
20200106,2,210,30,30,50,67,49,0,0,10296
20200106,3,210,30,40,60,67,49,0,0,10291
20200106,4,210,40,40,70,67,53,0,0,10286
20200106,5,210,40,40,60,66,55,0,0,10282
20200106,6,210,40,40,80,65,53,0,0,10278
20200106,7,210,40,30,70,63,51,0,0,10276
20200106,8,200,40,40,60,65,42,0,0,10272
20200106,9,190,40,40,70,65,37,0,4,10267
20200106,10,200,50,50,80,63,24,0,11,10264
20200106,11,190,50,60,100,62,16,0,27,10256
20200106,12,190,60,50,100,67,14,5,67,10240
20200106,13,190,60,60,100,70,16,10,84,10228
20200106,14,170,50,40,90,68,19,10,58,10218
20200106,15,160,40,40,70,65,19,10,38,10210
20200106,16,160,30,40,60,50,16,0,6,10206
20200106,17,160,30,30,60,46,14,0,0,10200
20200106,18,170,30,30,50,40,12,0,0,10198
20200106,19,190,40,40,70,47,13,0,0,10195
20200106,20,210,40,30,60,49,14,0,0,10197
20200106,21,210,30,30,70,53,21,0,0,10196
20200106,22,220,50,50,80,60,28,0,0,10195
20200106,23,230,50,50,100,56,42,0,0,10200
20200106,24,230,50,50,90,58,49,0,0,10204
20200107,1,230,40,40,90,61,53,0,0,10211
20200107,2,240,30,30,80,64,58,0,0,10219
20200107,3,230,30,30,50,59,55,0,0,10219
20200107,4,240,30,40,50,60,55,0,0,10226
20200107,5,240,30,30,60,55,51,0,0,10233
20200107,6,240,30,20,50,51,48,0,0,10242
20200107,7,210,20,20,40,51,46,0,0,10248
20200107,8,210,20,20,40,44,41,0,1,10253
20200107,9,220,30,30,50,55,50,3,13,10259
20200107,10,200,30,40,60,55,53,0,21,10263
20200107,11,200,40,40,80,58,57,0,24,10262
20200107,12,200,50,40,80,65,62,0,21,10258
20200107,13,200,50,50,100,72,61,0,25,10255
20200107,14,210,40,40,80,78,65,0,22,10252
20200107,15,200,50,50,90,77,64,0,7,10248
20200107,16,190,50,40,90,76,58,0,2,10245
20200107,17,190,50,60,90,78,51,0,0,10240
20200107,18,190,60,60,100,76,48,0,0,10232
20200107,19,200,60,60,110,74,47,0,0,10233
20200107,20,200,60,60,100,76,47,0,0,10230
20200107,21,200,60,60,100,76,46,0,0,10228
20200107,22,200,60,50,100,76,48,0,0,10225
20200107,23,190,60,50,100,74,60,0,0,10216
20200107,24,190,70,70,120,82,65,0,0,10204
20200108,1,200,60,70,120,87,71,0,0,10203
20200108,2,200,60,60,120,91,82,0,0,10200
20200108,3,210,60,50,100,96,88,0,0,10200
20200108,4,220,60,50,110,101,94,0,0,10199
20200108,5,220,50,50,100,106,101,0,0,10198
20200108,6,230,60,70,100,108,102,0,0,10199
20200108,7,240,60,50,120,111,105,0,0,10201
20200108,8,230,50,50,90,113,106,0,0,10207
20200108,9,230,50,50,80,112,106,0,2,10215
20200108,10,240,40,40,90,114,105,0,9,10219
20200108,11,240,40,30,70,115,106,0,13,10218
20200108,12,240,40,30,70,115,105,0,12,10216
20200108,13,240,30,30,60,117,103,0,17,10218
20200108,14,230,30,30,60,115,102,0,18,10218
20200108,15,250,30,30,60,111,100,0,6,10225
20200108,16,240,30,20,50,108,98,0,1,10226
20200108,17,240,20,30,50,105,93,0,0,10230
20200108,18,230,30,30,50,102,91,0,0,10230
20200108,19,230,20,20,50,100,92,0,0,10227
20200108,20,210,20,20,50,96,91,0,0,10225
20200108,21,210,20,20,40,94,91,0,0,10220
20200108,22,200,20,30,40,92,88,0,0,10217
20200108,23,200,30,30,50,91,88,0,0,10214
20200108,24,150,20,20,40,90,88,0,0,10198
20200109,1,160,30,40,60,93,90,0,0,10186
20200109,2,160,30,30,50,96,94,0,0,10177
20200109,3,160,40,40,70,98,95,0,0,10162
20200109,4,180,40,50,70,107,104,0,0,10148
20200109,5,190,60,50,100,111,105,0,0,10137
20200109,6,190,60,50,120,112,107,0,0,10130
20200109,7,200,50,50,100,115,106,0,0,10121
20200109,8,200,50,50,100,114,107,0,0,10114
20200109,9,200,60,70,120,115,107,0,3,10109
20200109,10,200,60,70,120,117,106,0,6,10104
20200109,11,200,70,70,120,122,106,0,9,10099
20200109,12,210,70,60,130,125,106,0,11,10092
20200109,13,200,70,60,130,129,106,0,18,10084
20200109,14,210,60,60,110,130,106,0,8,10081
20200109,15,210,60,50,110,123,112,0,5,10081
20200109,16,210,40,40,80,120,113,0,1,10080
20200109,17,200,50,50,90,120,114,0,0,10078
20200109,18,200,40,40,80,122,110,0,0,10077
20200109,19,200,50,40,80,120,111,0,0,10076
20200109,20,190,40,50,90,121,108,0,0,10071
20200109,21,190,50,50,100,120,106,0,0,10070
20200109,22,200,50,50,80,118,104,0,0,10067
20200109,23,200,50,60,110,117,102,0,0,10072
20200109,24,260,60,80,140,99,68,0,0,10083
20200110,1,220,40,30,130,87,68,0,0,10082
20200110,2,230,40,40,70,89,69,0,0,10091
20200110,3,230,40,40,80,92,70,0,0,10099
20200110,4,230,40,40,80,86,68,0,0,10103
20200110,5,220,30,30,70,80,67,0,0,10109
20200110,6,240,30,30,60,81,69,0,0,10119
20200110,7,230,30,30,50,81,65,0,0,10124
20200110,8,260,30,20,60,77,68,0,0,10136
20200110,9,300,30,30,60,78,66,0,5,10149
20200110,10,320,40,40,70,78,60,0,22,10165
20200110,11,330,40,30,80,79,53,0,25,10179
20200110,12,320,50,50,100,78,51,2,51,10196
20200110,13,340,40,40,100,81,36,2,33,10208
20200110,14,320,40,30,80,84,39,2,23,10222
20200110,15,330,40,40,90,74,26,7,26,10241
20200110,16,320,30,20,70,66,26,0,3,10251
20200110,17,300,20,20,40,65,31,0,0,10265
20200110,18,280,20,20,40,58,31,0,0,10272
20200110,19,270,20,20,30,43,28,0,0,10280
20200110,20,230,20,20,30,36,27,0,0,10287
20200110,21,230,20,20,40,36,26,0,0,10292
20200110,22,240,20,20,40,34,24,0,0,10303
20200110,23,230,30,20,40,40,30,0,0,10305
20200110,24,210,20,20,40,34,30,0,0,10308
20200111,1,210,30,30,50,47,36,0,0,10306
20200111,2,220,30,30,50,54,33,0,0,10308
20200111,3,220,30,30,60,47,28,0,0,10309
20200111,4,210,30,30,50,45,27,0,0,10307
20200111,5,200,40,40,80,48,20,0,0,10298
20200111,6,190,30,30,60,45,18,0,0,10300
20200111,7,200,40,40,70,46,18,0,0,10301
20200111,8,190,50,40,70,48,17,0,0,10294
20200111,9,200,50,50,100,50,17,0,8,10294
20200111,10,190,50,40,90,53,20,0,24,10293
20200111,11,200,50,50,100,58,22,0,40,10287
20200111,12,200,60,50,110,67,24,5,65,10280
20200111,13,200,50,50,100,69,28,0,53,10272
20200111,14,200,60,60,110,73,25,3,41,10268
20200111,15,190,60,50,120,71,29,8,27,10265
20200111,16,200,50,50,100,70,30,2,4,10262
20200111,17,190,60,60,110,72,30,0,0,10259
20200111,18,200,60,60,100,73,31,0,0,10254
20200111,19,200,70,70,110,73,31,0,0,10249
20200111,20,200,60,70,120,70,30,0,0,10246
20200111,21,210,70,70,110,72,29,0,0,10241
20200111,22,200,70,70,120,69,27,0,0,10236
20200111,23,200,70,70,110,66,24,0,0,10233
20200111,24,200,60,50,110,61,25,0,0,10229
20200112,1,200,60,60,110,58,23,0,0,10218
20200112,2,200,60,60,100,58,24,0,0,10217
20200112,3,200,50,50,110,59,24,0,0,10211
20200112,4,200,60,50,110,58,24,0,0,10205
20200112,5,200,60,60,100,59,25,0,0,10200
20200112,6,190,50,50,90,57,24,0,0,10195
20200112,7,200,50,70,100,57,25,0,0,10188
20200112,8,200,60,60,110,62,29,0,0,10182
20200112,9,200,70,70,110,68,33,0,3,10181
20200112,10,200,60,60,110,62,48,0,8,10181
20200112,11,210,70,70,120,67,55,0,10,10178
20200112,12,210,60,60,120,70,62,0,10,10173
20200112,13,220,70,60,120,82,68,0,13,10168
20200112,14,220,70,70,130,89,71,0,12,10166
20200112,15,240,70,60,120,98,75,0,6,10170
20200112,16,240,60,60,110,101,69,0,2,10178
20200112,17,250,50,50,130,100,68,0,0,10186
20200112,18,250,50,40,100,100,59,0,0,10191
20200112,19,280,40,50,100,91,59,0,0,10198
20200112,20,250,30,20,90,85,56,0,0,10204
20200112,21,240,20,20,40,82,59,0,0,10208
20200112,22,200,20,30,60,76,62,0,0,10209
20200112,23,220,30,30,80,76,63,0,0,10210
20200112,24,210,30,30,50,76,66,0,0,10210
20200113,1,210,40,40,60,71,62,0,0,10206
20200113,2,220,40,50,80,71,61,0,0,10205
20200113,3,220,40,40,80,70,60,0,0,10201
20200113,4,210,40,40,70,70,60,0,0,10193
20200113,5,220,40,40,90,68,56,0,0,10191
20200113,6,200,40,40,70,60,50,0,0,10189
20200113,7,200,30,30,60,58,49,0,0,10185
20200113,8,200,40,40,70,62,50,0,0,10184
20200113,9,200,40,30,90,65,52,0,6,10183
20200113,10,190,40,30,80,69,51,0,19,10180
20200113,11,200,50,50,90,76,49,2,42,10170
20200113,12,170,50,40,80,83,50,10,83,10153
20200113,13,180,60,60,110,84,49,8,75,10144
20200113,14,180,60,50,100,86,51,3,42,10130
20200113,15,170,50,50,100,80,46,8,30,10122
20200113,16,160,40,50,80,79,42,2,5,10109
20200113,17,180,60,60,110,79,45,0,0,10103
20200113,18,170,60,60,120,80,53,0,0,10089
20200113,19,170,60,60,120,85,58,0,0,10079
20200113,20,180,70,80,130,87,65,0,0,10068
20200113,21,180,70,70,130,91,68,0,0,10056
20200113,22,180,80,80,140,96,67,0,0,10045
20200113,23,180,80,80,130,100,69,0,0,10037
20200113,24,190,80,90,140,105,72,0,0,10029
20200114,1,190,80,90,140,100,78,0,0,10020
20200114,2,190,80,90,150,99,79,0,0,10017
20200114,3,190,70,80,130,97,82,0,0,10011
20200114,4,190,70,80,150,97,82,0,0,10007
20200114,5,210,70,60,130,95,81,0,0,10011
20200114,6,200,70,70,130,94,79,0,0,10014
20200114,7,220,60,60,110,93,82,0,0,10026
20200114,8,220,60,50,110,91,80,0,0,10031
20200114,9,210,60,50,130,91,70,0,3,10034
20200114,10,200,60,70,110,96,74,0,13,10040
20200114,11,200,60,60,120,97,83,0,25,10042
20200114,12,190,70,60,140,98,83,0,23,10037
20200114,13,190,60,50,110,102,77,0,14,10029
20200114,14,190,60,60,120,103,78,0,8,10025
20200114,15,190,70,70,110,107,78,0,5,10023
20200114,16,190,80,90,150,113,75,0,1,10019
20200114,17,190,80,80,140,117,77,0,0,10022
20200114,18,190,80,70,160,119,83,0,0,10023
20200114,19,190,70,80,140,125,86,0,0,10023
20200114,20,210,90,90,170,128,85,0,0,10027
20200114,21,200,100,110,200,127,83,0,0,10032
20200114,22,200,100,80,190,120,86,0,0,10037
20200114,23,200,90,90,160,114,93,0,0,10043
20200114,24,210,80,90,150,119,88,0,0,10048
20200115,1,200,90,90,140,119,85,0,0,10049
20200115,2,190,70,70,140,117,82,0,0,10053
20200115,3,200,70,60,130,118,75,0,0,10051
20200115,4,190,80,70,150,117,66,0,0,10049
20200115,5,190,70,70,130,115,56,0,0,10054
20200115,6,190,70,60,120,114,55,0,0,10059
20200115,7,190,70,70,120,108,53,0,0,10059
20200115,8,190,70,70,120,108,52,0,1,10066
20200115,9,190,70,70,120,111,50,0,5,10067
20200115,10,190,70,80,130,111,51,0,11,10069
20200115,11,190,80,70,130,112,51,0,23,10068
20200115,12,190,70,80,120,111,54,0,20,10072
20200115,13,210,60,70,120,101,65,0,11,10081
20200115,14,210,70,80,130,102,67,0,7,10084
20200115,15,210,60,60,130,98,75,0,3,10094
20200115,16,280,50,40,100,75,59,0,0,10119
20200115,17,240,30,20,80,72,58,0,0,10134
20200115,18,220,30,30,60,69,53,0,0,10151
20200115,19,220,40,40,80,67,49,0,0,10162
20200115,20,220,50,50,90,65,48,0,0,10174
20200115,21,220,50,40,80,64,49,0,0,10183
20200115,22,230,40,40,80,63,47,0,0,10195
20200115,23,230,40,40,90,64,47,0,0,10208
20200115,24,220,40,40,80,64,47,0,0,10214
20200116,1,210,40,40,70,59,44,0,0,10218
20200116,2,200,30,40,60,54,43,0,0,10226
20200116,3,210,40,40,60,54,42,0,0,10232
20200116,4,200,30,40,60,49,39,0,0,10238
20200116,5,200,30,30,50,44,36,0,0,10242
20200116,6,170,20,30,60,37,32,0,0,10244
20200116,7,180,30,20,50,38,33,0,0,10247
20200116,8,170,30,30,50,38,31,0,1,10248
20200116,9,150,30,20,60,44,36,8,20,10244
20200116,10,160,30,30,50,61,46,10,55,10245
20200116,11,150,30,30,60,73,52,10,80,10240
20200116,12,160,40,40,60,83,59,10,88,10229
20200116,13,170,40,50,90,96,62,10,92,10221
20200116,14,170,40,40,80,100,64,10,72,10212
20200116,15,160,50,40,80,100,62,10,44,10207
20200116,16,150,40,40,70,92,59,3,9,10202
20200116,17,150,40,40,80,89,57,0,0,10201
20200116,18,150,50,60,70,92,56,0,0,10196
20200116,19,150,60,60,100,93,54,0,0,10190
20200116,20,150,60,60,100,90,53,0,0,10183
20200116,21,150,60,60,110,85,52,0,0,10176
20200116,22,150,60,60,110,84,53,0,0,10170
20200116,23,160,50,50,100,81,51,0,0,10167
20200116,24,150,40,50,80,82,50,0,0,10165
20200117,1,160,40,40,80,87,50,0,0,10160
20200117,2,160,50,40,90,85,46,0,0,10153
20200117,3,160,50,40,90,83,46,0,0,10146
20200117,4,160,40,40,70,83,46,0,0,10137
20200117,5,160,40,40,70,78,44,0,0,10132
20200117,6,160,40,50,70,76,43,0,0,10131
20200117,7,170,40,40,90,83,47,0,0,10128
20200117,8,170,40,40,70,89,52,0,0,10131
20200117,9,170,30,30,60,91,58,0,3,10130
20200117,10,190,30,40,70,97,61,0,9,10131
20200117,11,190,40,50,80,94,72,0,15,10127
20200117,12,200,40,40,80,92,80,0,9,10125
20200117,13,200,40,50,70,97,79,0,13,10123
20200117,14,220,40,40,80,100,78,0,16,10123
20200117,15,230,50,50,100,99,74,5,20,10126
20200117,16,210,50,40,90,94,62,3,13,10130
20200117,17,210,60,60,110,96,52,0,0,10137
20200117,18,240,70,60,140,83,41,0,0,10147
20200117,19,250,70,70,130,73,29,0,0,10158
20200117,20,250,60,60,110,69,28,0,0,10164
20200117,21,250,50,40,100,66,20,0,0,10172
20200117,22,230,40,40,90,58,18,0,0,10180
20200117,23,230,40,40,70,60,22,0,0,10183
20200117,24,220,50,50,80,54,19,0,0,10188
20200118,1,220,40,40,80,47,20,0,0,10193
20200118,2,220,40,40,70,42,21,0,0,10196
20200118,3,220,40,40,80,47,24,0,0,10199
20200118,4,220,40,40,70,46,21,0,0,10201
20200118,5,220,40,40,70,43,21,0,0,10204
20200118,6,210,40,40,80,38,19,0,0,10206
20200118,7,210,40,40,80,39,23,0,0,10211
20200118,8,220,40,30,70,39,26,0,1,10216
20200118,9,220,30,30,60,45,31,2,15,10224
20200118,10,240,30,40,60,60,36,7,49,10232
20200118,11,250,40,40,60,64,30,7,60,10237
20200118,12,290,30,40,70,64,25,0,22,10238
20200118,13,270,40,40,80,74,14,7,68,10241
20200118,14,280,40,30,120,57,20,7,57,10244
20200118,15,310,50,70,150,41,9,10,41,10255
20200118,16,310,30,20,90,38,17,0,4,10261
20200118,17,270,20,20,40,40,23,0,0,10267
20200118,18,270,20,20,40,40,24,0,0,10275
20200118,19,270,20,20,50,40,23,0,0,10282
20200118,20,280,20,20,50,35,16,0,0,10288
20200118,21,290,20,20,40,38,17,0,0,10292
20200118,22,280,20,20,60,35,16,0,0,10295
20200118,23,290,20,20,40,33,12,0,0,10303
20200118,24,280,30,10,90,26,16,0,0,10310
20200119,1,270,20,20,30,5,1,0,0,10317
20200119,2,280,20,20,30,12,8,0,0,10324
20200119,3,300,20,20,60,31,13,0,0,10326
20200119,4,310,20,20,50,33,13,0,0,10335
20200119,5,310,20,20,40,24,12,0,0,10337
20200119,6,330,20,20,40,28,14,0,0,10346
20200119,7,310,20,20,40,16,9,0,0,10357
20200119,8,320,20,30,40,23,13,0,1,10372
20200119,9,320,30,30,40,34,19,2,16,10384
20200119,10,330,20,30,50,51,25,7,47,10395
20200119,11,350,20,20,40,65,32,5,61,10400
20200119,12,350,30,40,80,79,25,8,84,10405
20200119,13,360,40,30,80,78,23,8,86,10409
20200119,14,360,40,50,90,78,19,8,63,10415
20200119,15,360,40,40,80,76,16,10,37,10422
20200119,16,350,30,40,70,69,28,3,11,10432
20200119,17,330,20,20,60,42,23,0,0,10441
20200119,18,330,20,30,40,38,28,0,0,10448
20200119,19,330,20,20,40,33,24,0,0,10454
20200119,20,320,20,20,30,21,17,0,0,10458
20200119,21,310,20,20,30,14,10,0,0,10464
20200119,22,310,20,10,30,7,5,0,0,10467
20200119,23,300,10,10,30,-4,-7,0,0,10472
20200119,24,300,10,10,20,-11,-14,0,0,10471
20200120,1,290,10,10,20,-13,-14,0,0,10474
20200120,2,300,10,10,20,-20,-23,0,0,10474
20200120,3,270,0,10,10,-12,-16,0,0,10474
20200120,4,0,10,0,20,-5,-10,0,0,10474
20200120,5,190,10,10,20,1,-1,0,0,10472
20200120,6,190,10,10,20,7,4,0,0,10475
20200120,7,200,10,10,20,10,7,0,0,10475
20200120,8,230,10,20,20,12,9,0,1,10477
20200120,9,230,10,10,20,23,20,0,9,10479
20200120,10,160,10,10,20,39,33,0,24,10481
20200120,11,240,10,10,20,54,47,0,39,10481
20200120,12,210,10,10,30,68,44,0,41,10476
20200120,13,220,20,20,40,70,39,0,35,10471
20200120,14,210,20,20,40,67,44,0,24,10467
20200120,15,210,20,30,40,67,40,3,18,10463
20200120,16,220,20,20,40,63,40,0,7,10464
20200120,17,220,20,20,40,54,39,0,0,10460
20200120,18,210,20,20,30,53,38,0,0,10457
20200120,19,180,20,10,30,44,35,0,0,10459
20200120,20,190,20,20,40,36,32,0,0,10458
20200120,21,190,10,10,30,18,15,0,0,10456
20200120,22,170,20,20,30,25,23,0,0,10453
20200120,23,180,10,10,30,19,18,0,0,10450
20200120,24,190,10,10,30,7,5,0,0,10446
20200121,1,170,20,20,60,15,14,0,0,10442
20200121,2,170,10,20,30,11,10,0,0,10443
20200121,3,210,20,10,40,7,4,0,0,10436
20200121,4,190,20,10,40,-5,-6,0,0,10431
20200121,5,180,20,20,30,-10,-13,0,0,10428
20200121,6,160,10,20,30,-9,-14,0,0,10427
20200121,7,180,20,20,40,-4,-10,0,0,10425
20200121,8,180,20,10,40,-10,-12,0,1,10426
20200121,9,190,20,20,40,-13,-16,0,11,10428
20200121,10,180,20,20,40,-10,-13,0,25,10430
20200121,11,180,20,20,40,-4,-7,0,31,10426
20200121,12,210,20,20,40,3,0,0,32,10423
20200121,13,200,20,20,40,7,6,0,30,10416
20200121,14,210,20,20,40,13,10,0,23,10412
20200121,15,190,20,30,40,17,14,0,10,10406
20200121,16,220,20,20,40,19,17,0,3,10406
20200121,17,240,20,20,40,19,17,0,0,10406
20200121,18,190,30,30,50,20,18,0,0,10398
20200121,19,200,30,30,60,20,19,0,0,10395
20200121,20,220,20,20,50,20,19,0,0,10399
20200121,21,210,20,30,40,19,16,0,0,10392
20200121,22,220,20,20,40,18,17,0,0,10392
20200121,23,210,20,30,40,17,16,0,0,10388
20200121,24,210,20,10,40,17,16,0,0,10388
20200122,1,200,20,20,30,16,15,0,0,10379
20200122,2,200,20,20,30,17,16,0,0,10380
20200122,3,200,20,10,40,16,15,0,0,10376
20200122,4,200,20,20,30,18,16,0,0,10371
20200122,5,200,20,10,40,21,20,0,0,10369
20200122,6,210,20,20,40,24,22,0,0,10364
20200122,7,220,20,20,40,26,25,0,0,10368
20200122,8,210,20,20,30,30,27,0,1,10368
20200122,9,230,10,20,30,34,31,0,7,10373
20200122,10,230,20,20,30,38,35,0,13,10373
20200122,11,230,20,10,40,43,41,0,21,10372
20200122,12,230,20,20,30,50,47,0,24,10365
20200122,13,270,20,10,30,55,52,0,23,10364
20200122,14,290,10,10,20,60,57,0,14,10362
20200122,15,0,10,0,20,62,56,0,6,10363
20200122,16,240,10,10,20,61,58,0,2,10363
20200122,17,230,10,20,20,61,58,0,0,10363
20200122,18,240,20,20,20,62,59,0,0,10364
20200122,19,260,10,10,20,61,58,0,0,10366
20200122,20,250,10,10,20,61,58,0,0,10367
20200122,21,0,10,0,10,59,56,0,0,10367
20200122,22,0,0,0,10,59,56,0,0,10366
20200122,23,240,10,10,20,61,58,0,0,10366
20200122,24,290,10,10,20,61,59,0,0,10363
20200123,1,160,0,10,10,60,59,0,0,10361
20200123,2,990,10,10,10,58,57,0,0,10356
20200123,3,90,10,10,20,58,57,0,0,10351
20200123,4,130,10,10,10,57,56,0,0,10347
20200123,5,130,10,10,20,57,55,0,0,10343
20200123,6,150,20,20,30,54,52,0,0,10339
20200123,7,140,20,20,30,51,49,0,0,10337
20200123,8,130,20,20,30,50,47,0,1,10337
20200123,9,140,20,20,30,49,43,0,8,10337
20200123,10,140,20,20,30,50,45,0,18,10337
20200123,11,140,20,20,30,55,44,0,36,10327
20200123,12,150,20,10,30,66,40,9,89,10318
20200123,13,160,10,20,30,59,28,0,31,10312
20200123,14,140,20,20,30,59,36,2,26,10302
20200123,15,90,20,10,30,50,24,3,35,10296
20200123,16,90,10,10,20,35,25,2,8,10289
20200123,17,100,10,10,20,19,16,0,0,10287
20200123,18,110,20,20,30,12,8,0,0,10284
20200123,19,120,20,10,30,10,5,0,0,10283
20200123,20,100,20,20,20,3,-3,0,0,10278
20200123,21,80,20,10,30,0,-2,0,0,10275
20200123,22,80,10,10,20,-13,-15,0,0,10270
20200123,23,40,10,10,20,-14,-18,0,0,10268
20200123,24,50,10,10,10,-6,-9,0,0,10264
20200124,1,50,10,10,20,4,-1,0,0,10258
20200124,2,150,10,10,20,5,2,0,0,10253
20200124,3,220,10,20,30,12,5,0,0,10247
20200124,4,200,20,20,50,19,11,0,0,10241
20200124,5,200,10,20,40,18,11,0,0,10239
20200124,6,160,20,20,30,16,12,0,0,10237
20200124,7,210,10,20,40,18,14,0,0,10237
20200124,8,250,20,20,50,19,14,0,0,10241
20200124,9,220,20,20,40,22,10,0,3,10244
20200124,10,160,20,30,40,27,16,2,24,10243
20200124,11,180,30,30,40,29,15,0,53,10240
20200124,12,220,20,20,40,32,12,0,43,10238
20200124,13,180,20,30,40,33,15,0,31,10233
20200124,14,180,30,50,70,31,17,0,26,10221
20200124,15,190,30,30,60,31,18,0,14,10223
20200124,16,190,30,20,50,31,18,0,3,10224
20200124,17,200,30,30,50,30,17,0,0,10227
20200124,18,200,30,30,50,27,18,0,0,10230
20200124,19,190,30,40,50,25,17,0,0,10232
20200124,20,200,30,20,60,25,17,0,0,10231
20200124,21,180,30,20,50,24,17,0,0,10230
20200124,22,170,30,30,50,23,16,0,0,10229
20200124,23,180,30,30,50,23,15,0,0,10227
20200124,24,180,30,30,60,23,16,0,0,10225
20200125,1,190,30,30,50,22,15,0,0,10224
20200125,2,180,40,40,60,22,13,0,0,10222
20200125,3,190,30,30,60,20,12,0,0,10218
20200125,4,190,30,30,50,19,12,0,0,10215
20200125,5,180,30,40,50,19,11,0,0,10214
20200125,6,160,20,20,50,19,14,0,0,10218
20200125,7,170,30,30,50,18,12,0,0,10217
20200125,8,170,30,30,50,19,13,0,0,10220
20200125,9,180,30,30,50,21,12,0,6,10220
20200125,10,170,30,30,50,23,6,0,14,10224
20200125,11,170,30,40,60,24,5,0,19,10224
20200125,12,160,40,40,60,24,4,0,27,10219
20200125,13,170,30,40,60,24,5,0,25,10214
20200125,14,160,30,30,50,22,8,0,20,10209
20200125,15,160,30,30,50,20,4,0,12,10205
20200125,16,160,30,20,40,20,7,0,4,10202
20200125,17,160,20,20,50,19,5,0,0,10203
20200125,18,160,30,30,40,20,7,0,0,10205
20200125,19,150,30,30,40,21,10,0,0,10206
20200125,20,130,20,20,40,20,13,0,0,10203
20200125,21,130,20,20,40,21,13,0,0,10202
20200125,22,130,30,30,50,17,11,0,0,10196
20200125,23,140,30,30,60,14,11,0,0,10193
20200125,24,140,30,40,60,9,6,0,0,10189
20200126,1,140,40,40,60,6,4,0,0,10181
20200126,2,130,30,20,60,11,10,0,0,10174
20200126,3,140,30,30,60,15,14,0,0,10169
20200126,4,150,40,50,70,18,17,0,0,10163
20200126,5,150,40,40,70,21,20,0,0,10160
20200126,6,150,30,40,60,22,19,0,0,10158
20200126,7,150,40,40,80,21,18,0,0,10154
20200126,8,170,40,40,70,26,22,0,1,10157
20200126,9,160,40,30,70,32,26,0,12,10156
20200126,10,170,30,40,60,41,31,0,39,10155
20200126,11,170,30,30,60,64,43,8,90,10150
20200126,12,190,40,30,60,77,49,10,103,10143
20200126,13,190,40,50,70,83,52,9,92,10136
20200126,14,170,40,30,70,91,59,10,75,10131
20200126,15,180,40,40,70,92,60,8,43,10128
20200126,16,160,30,30,60,85,60,0,7,10124
20200126,17,190,40,40,60,88,57,0,0,10122
20200126,18,180,40,40,70,83,56,0,0,10118
20200126,19,200,40,40,80,82,55,0,0,10119
20200126,20,190,40,40,70,74,49,0,0,10115
20200126,21,190,50,60,90,75,49,0,0,10111
20200126,22,180,50,50,80,73,53,0,0,10103
20200126,23,190,50,60,100,76,53,0,0,10097
20200126,24,180,60,60,90,74,57,0,0,10091
20200127,1,190,60,60,100,74,59,0,0,10086
20200127,2,180,50,50,100,74,64,0,0,10078
20200127,3,200,50,50,90,76,69,0,0,10074
20200127,4,200,60,50,100,82,72,0,0,10070
20200127,5,210,50,50,90,84,73,0,0,10067
20200127,6,200,50,50,90,84,75,0,0,10065
20200127,7,200,50,50,90,85,75,0,0,10062
20200127,8,200,50,50,90,86,75,0,1,10062
20200127,9,200,40,40,70,87,73,0,10,10061
20200127,10,200,40,40,70,89,72,0,32,10057
20200127,11,200,40,40,80,90,75,0,34,10052
20200127,12,210,40,50,90,93,72,0,26,10044
20200127,13,210,50,50,90,94,67,0,33,10032
20200127,14,200,50,40,80,93,66,0,42,10028
20200127,15,200,40,50,80,93,63,0,20,10023
20200127,16,190,40,30,80,87,64,7,14,10015
20200127,17,170,30,20,60,80,57,0,0,10004
20200127,18,170,30,40,70,78,59,0,0,9993
20200127,19,160,40,40,70,73,58,0,0,9979
20200127,20,150,40,40,60,75,60,0,0,9962
20200127,21,160,40,40,80,73,64,0,0,9946
20200127,22,160,50,50,100,72,60,0,0,9924
20200127,23,200,60,70,110,77,65,0,0,9914
20200127,24,240,70,60,140,71,48,0,0,9922
20200128,1,220,50,50,110,67,51,0,0,9920
20200128,2,220,60,60,110,72,50,0,0,9916
20200128,3,210,60,60,110,58,32,0,0,9913
20200128,4,220,60,40,110,56,42,0,0,9904
20200128,5,200,40,30,90,53,44,0,0,9892
20200128,6,190,40,40,70,59,47,0,0,9881
20200128,7,230,50,70,140,54,36,0,0,9875
20200128,8,250,60,70,110,47,28,0,1,9878
20200128,9,240,60,40,120,48,33,0,7,9887
20200128,10,250,60,70,130,50,27,0,21,9897
20200128,11,260,80,80,180,60,22,3,45,9911
20200128,12,260,70,70,160,61,19,3,53,9923
20200128,13,260,80,70,150,58,11,6,51,9936
20200128,14,260,70,60,150,58,5,7,76,9945
20200128,15,260,70,70,170,60,0,7,38,9956
20200128,16,240,70,60,130,55,5,2,11,9960
20200128,17,250,60,50,130,56,11,0,0,9964
20200128,18,240,50,50,110,51,14,0,0,9969
20200128,19,230,50,60,100,54,14,0,0,9971
20200128,20,220,50,60,100,48,16,0,0,9974
20200128,21,230,60,60,100,46,15,0,0,9976
20200128,22,230,60,50,110,40,21,0,0,9981
20200128,23,230,50,40,110,39,22,0,0,9985
20200128,24,240,40,50,80,44,23,0,0,9988
20200129,1,240,40,40,80,49,23,0,0,9991
20200129,2,260,40,50,90,58,26,0,0,10000
20200129,3,260,50,40,90,58,24,0,0,10008
20200129,4,250,50,60,110,56,21,0,0,10013
20200129,5,240,50,40,110,53,20,0,0,10020
20200129,6,240,50,50,100,52,17,0,0,10022
20200129,7,240,50,50,90,54,19,0,0,10026
20200129,8,250,50,40,100,53,27,0,1,10033
20200129,9,260,60,60,120,59,22,0,12,10041
20200129,10,270,50,50,110,62,20,0,23,10050
20200129,11,280,50,60,110,67,20,6,56,10056
20200129,12,280,60,60,140,65,13,3,50,10060
20200129,13,280,60,60,120,67,12,2,43,10068
20200129,14,270,60,70,120,68,16,0,33,10076
20200129,15,280,50,60,110,73,16,5,37,10084
20200129,16,260,50,50,110,65,16,5,17,10093
20200129,17,250,40,40,80,62,21,0,0,10097
20200129,18,230,30,30,70,57,24,0,0,10104
20200129,19,220,40,40,70,60,25,0,0,10105
20200129,20,220,40,40,60,62,31,0,0,10105
20200129,21,210,40,50,80,57,29,0,0,10102
20200129,22,220,50,50,90,60,39,0,0,10101
20200129,23,230,60,60,100,61,38,0,0,10101
20200129,24,230,60,60,100,67,42,0,0,10100
20200130,1,230,70,70,140,67,42,0,0,10096
20200130,2,230,60,60,110,67,48,0,0,10096
20200130,3,230,70,60,120,71,52,0,0,10097
20200130,4,230,60,70,120,73,52,0,0,10096
20200130,5,230,60,60,120,72,50,0,0,10094
20200130,6,220,60,60,110,73,46,0,0,10089
20200130,7,220,50,50,110,71,44,0,0,10091
20200130,8,210,50,60,90,72,45,0,2,10091
20200130,9,200,50,50,100,67,42,0,14,10090
20200130,10,210,50,50,90,71,44,0,40,10083
20200130,11,210,50,60,90,84,48,2,61,10074
20200130,12,200,60,60,110,89,54,2,69,10062
20200130,13,200,60,60,100,91,60,3,62,10052
20200130,14,180,50,50,90,94,67,0,26,10035
20200130,15,180,40,40,70,91,75,0,14,10026
20200130,16,200,50,60,100,91,81,0,6,10017
20200130,17,200,50,60,100,87,75,0,0,10011
20200130,18,200,60,60,110,85,79,0,0,10001
20200130,19,210,60,60,110,89,84,0,0,9996
20200130,20,230,60,60,110,100,95,0,0,9999
20200130,21,230,60,60,130,106,100,0,0,9999
20200130,22,240,60,70,120,110,99,0,0,10004
20200130,23,250,70,70,150,112,99,0,0,10013
20200130,24,250,70,70,140,114,96,0,0,10024
20200131,1,250,70,70,130,113,91,0,0,10029
20200131,2,250,70,60,140,109,87,0,0,10040
20200131,3,250,60,50,120,105,85,0,0,10047
20200131,4,250,50,50,100,100,80,0,0,10056
20200131,5,250,50,50,130,97,80,0,0,10065
20200131,6,230,40,40,80,89,78,0,0,10071
20200131,7,230,50,50,80,91,77,0,0,10077
20200131,8,230,50,50,90,94,79,0,2,10079
20200131,9,230,60,60,110,94,77,0,10,10081
20200131,10,230,70,60,130,96,73,0,18,10081
20200131,11,230,70,70,120,102,80,0,28,10083
20200131,12,230,70,80,130,104,84,0,27,10084
20200131,13,230,70,70,130,106,85,0,25,10081
20200131,14,220,70,70,130,107,89,0,18,10075
20200131,15,220,70,70,120,110,95,0,13,10073
20200131,16,220,70,70,150,115,97,0,5,10072
20200131,17,210,70,70,130,121,100,0,0,10069
20200131,18,210,60,60,110,121,102,0,0,10064
20200131,19,210,60,60,110,123,99,0,0,10064
20200131,20,210,60,70,120,123,98,0,0,10060
20200131,21,210,70,70,120,124,96,0,0,10056
20200131,22,220,70,80,140,122,98,0,0,10052
20200131,23,210,80,70,150,123,94,0,0,10046
20200131,24,210,80,70,150,118,95,0,0,10043
20200201,1,210,70,70,130,112,98,0,0,10038
20200201,2,210,60,60,110,115,97,0,0,10032
20200201,3,210,60,60,110,114,100,0,0,10026
20200201,4,220,60,50,110,115,102,0,0,10020
20200201,5,220,60,70,130,119,102,0,0,10016
20200201,6,230,60,60,110,117,105,0,0,10013
20200201,7,240,60,60,130,114,95,0,0,10011
20200201,8,250,70,70,140,109,91,0,1,10014
20200201,9,240,60,50,120,107,93,0,6,10011
20200201,10,230,60,60,100,105,88,0,18,10013
20200201,11,230,60,60,110,107,87,0,34,10019
20200201,12,240,60,70,110,109,82,0,27,10019
20200201,13,250,80,80,150,114,67,1,54,10020
20200201,14,250,80,80,160,113,54,7,75,10026
20200201,15,250,80,80,150,114,45,3,43,10032
20200201,16,250,70,60,160,105,45,8,25,10036
20200201,17,250,60,60,130,100,45,0,2,10042
20200201,18,240,60,50,110,90,48,0,0,10045
20200201,19,240,50,60,100,87,53,0,0,10053
20200201,20,250,60,50,110,93,42,0,0,10062
20200201,21,250,60,70,130,96,32,0,0,10071
20200201,22,250,70,70,140,97,29,0,0,10074
20200201,23,250,70,70,120,95,36,0,0,10080
20200201,24,250,70,60,130,94,40,0,0,10086
20200202,1,250,60,60,120,92,43,0,0,10089
20200202,2,240,60,60,100,90,45,0,0,10094
20200202,3,240,50,50,110,85,46,0,0,10095
20200202,4,230,40,40,90,79,47,0,0,10094
20200202,5,240,40,40,70,77,49,0,0,10091
20200202,6,210,40,40,80,74,50,0,0,10082
20200202,7,200,40,30,60,70,53,0,0,10074
20200202,8,150,30,20,50,65,58,0,0,10069
20200202,9,150,20,20,40,66,61,0,5,10059
20200202,10,160,30,30,60,69,64,0,10,10051
20200202,11,140,30,30,70,67,61,0,20,10044
20200202,12,130,30,40,50,69,65,0,24,10032
20200202,13,210,30,30,50,74,72,0,20,10037
20200202,14,260,40,70,120,107,87,0,14,10042
20200202,15,250,70,70,150,113,89,0,14,10051
20200202,16,250,70,70,140,114,81,0,7,10061
20200202,17,260,60,60,120,113,73,0,1,10069
20200202,18,250,60,60,130,109,75,0,0,10078
20200202,19,240,60,50,130,103,78,0,0,10084
20200202,20,230,50,50,110,101,79,0,0,10087
20200202,21,230,50,50,90,99,79,0,0,10086
20200202,22,230,50,50,100,99,78,0,0,10083
20200202,23,230,50,50,100,98,79,0,0,10081
20200202,24,240,50,60,110,98,79,0,0,10083
20200203,1,240,50,60,100,99,78,0,0,10083
20200203,2,240,60,60,110,96,78,0,0,10088
20200203,3,240,60,60,110,98,78,0,0,10089
20200203,4,240,60,70,120,101,74,0,0,10092
20200203,5,250,60,60,130,102,68,0,0,10095
20200203,6,240,50,50,110,96,66,0,0,10097
20200203,7,250,50,60,110,102,66,0,0,10100
20200203,8,250,60,60,130,99,66,0,4,10108
20200203,9,250,60,60,120,99,65,3,16,10116
20200203,10,260,60,50,110,103,59,0,19,10123
20200203,11,260,60,60,110,108,57,1,43,10125
20200203,12,270,70,70,120,107,50,0,69,10127
20200203,13,270,60,70,140,108,47,4,67,10125
20200203,14,270,60,60,120,103,47,2,55,10123
20200203,15,260,50,50,100,101,45,0,35,10119
20200203,16,240,40,50,90,94,57,2,13,10112
20200203,17,240,40,40,80,92,59,0,1,10104
20200203,18,240,30,30,80,90,59,0,0,10101
20200203,19,230,30,30,50,83,65,0,0,10090
20200203,20,240,30,20,130,64,50,0,0,10077
20200203,21,240,20,20,40,67,53,0,0,10071
20200203,22,260,30,20,50,69,57,0,0,10067
20200203,23,290,30,30,50,69,45,0,0,10066
20200203,24,290,40,30,90,64,16,0,0,10072
20200204,1,290,40,50,100,62,14,0,0,10072
20200204,2,280,40,40,90,63,17,0,0,10075
20200204,3,280,50,40,110,60,18,0,0,10080
20200204,4,270,50,50,100,60,14,0,0,10086
20200204,5,280,50,60,100,61,11,0,0,10093
20200204,6,270,60,50,130,61,13,0,0,10094
20200204,7,270,50,50,100,55,18,0,0,10099
20200204,8,280,50,50,110,52,17,0,2,10110
20200204,9,280,60,70,120,59,13,7,32,10118
20200204,10,280,50,50,130,61,19,5,55,10125
20200204,11,280,50,50,110,67,26,6,60,10132
20200204,12,290,50,60,110,59,26,1,44,10137
20200204,13,280,50,60,110,68,36,0,56,10141
20200204,14,280,40,40,100,60,46,0,21,10145
20200204,15,300,30,40,80,68,58,0,10,10151
20200204,16,40,40,40,90,59,50,0,9,10167
20200204,17,350,20,20,50,49,43,0,1,10190
20200204,18,340,20,20,30,37,34,0,0,10213
20200204,19,310,20,20,30,26,22,0,0,10228
20200204,20,300,20,30,50,37,32,0,0,10250
20200204,21,340,20,10,40,25,19,0,0,10260
20200204,22,300,20,20,40,15,13,0,0,10273
20200204,23,300,20,20,40,32,29,0,0,10286
20200204,24,310,20,20,40,30,27,0,0,10295
20200205,1,320,20,20,30,36,33,0,0,10304
20200205,2,310,20,10,30,41,38,0,0,10310
20200205,3,320,20,20,40,44,38,0,0,10318
20200205,4,340,20,10,50,33,21,0,0,10326
20200205,5,0,10,0,20,6,3,0,0,10336
20200205,6,290,10,10,20,6,4,0,0,10340
20200205,7,310,10,10,30,1,-1,0,0,10348
20200205,8,0,10,0,20,5,0,0,5,10355
20200205,9,280,10,10,30,29,10,3,29,10363
20200205,10,280,10,20,30,57,10,2,48,10370
20200205,11,270,20,10,50,66,10,6,84,10371
20200205,12,200,20,20,40,73,11,9,125,10366
20200205,13,230,20,30,50,77,12,10,132,10360
20200205,14,260,30,30,60,82,19,10,97,10359
20200205,15,300,30,30,60,76,17,8,61,10360
20200205,16,290,20,30,50,67,16,8,24,10360
20200205,17,280,20,20,50,56,11,0,2,10360
20200205,18,240,20,10,50,50,14,0,0,10357
20200205,19,230,10,10,30,55,19,0,0,10356
20200205,20,230,20,20,30,61,19,0,0,10355
20200205,21,250,10,20,30,62,23,0,0,10356
20200205,22,240,20,20,40,59,25,0,0,10353
20200205,23,240,20,20,40,55,35,0,0,10346
20200205,24,240,20,20,40,50,36,0,0,10342
20200206,1,220,20,20,30,40,32,0,0,10338
20200206,2,220,10,20,20,32,28,0,0,10337
20200206,3,220,20,20,30,21,19,0,0,10328
20200206,4,230,20,20,30,31,25,0,0,10327
20200206,5,220,20,20,40,25,20,0,0,10325
20200206,6,230,20,30,40,41,33,0,0,10322
20200206,7,240,20,20,40,42,32,0,0,10320
20200206,8,240,20,30,40,47,34,0,3,10320
20200206,9,230,20,30,40,54,37,0,14,10321
20200206,10,230,20,20,40,70,46,3,49,10323
20200206,11,240,20,30,40,79,40,10,110,10322
20200206,12,250,30,30,50,89,44,6,79,10316
20200206,13,290,20,30,50,89,32,8,92,10313
20200206,14,260,20,20,40,94,32,7,68,10312
20200206,15,330,20,20,40,89,28,10,87,10308
20200206,16,310,20,10,30,81,31,10,35,10307
20200206,17,340,10,10,20,56,27,0,3,10309
20200206,18,200,10,10,20,32,23,0,0,10309
20200206,19,0,0,0,10,26,14,0,0,10307
20200206,20,0,10,0,10,26,18,0,0,10308
20200206,21,0,0,0,20,33,30,0,0,10307
20200206,22,0,0,0,10,36,28,0,0,10307
20200206,23,50,10,10,10,37,29,0,0,10305
20200206,24,140,10,10,20,34,26,0,0,10302
20200207,1,170,10,20,20,29,22,0,0,10298
20200207,2,120,10,20,20,20,18,0,0,10296
20200207,3,130,10,10,20,4,2,0,0,10294
20200207,4,90,10,20,20,-4,-6,0,0,10289
20200207,5,110,20,20,30,-8,-11,0,0,10285
20200207,6,130,20,30,40,5,-6,0,0,10282
20200207,7,140,30,30,50,11,-7,0,0,10280
20200207,8,120,30,40,60,17,-6,3,8,10276
20200207,9,130,40,40,70,35,-1,10,44,10270
20200207,10,140,50,60,90,48,4,10,84,10266
20200207,11,140,60,60,90,55,6,10,117,10259
20200207,12,130,50,50,80,63,12,10,134,10251
20200207,13,130,50,60,80,70,8,10,135,10239
20200207,14,130,50,60,80,75,12,10,116,10231
20200207,15,140,60,50,90,77,7,10,83,10224
20200207,16,140,50,50,90,70,4,10,39,10218
20200207,17,140,40,40,70,61,6,0,4,10216
20200207,18,140,40,50,80,57,6,0,0,10212
20200207,19,140,50,50,80,51,4,0,0,10210
20200207,20,150,40,40,80,46,0,0,0,10208
20200207,21,150,40,50,80,42,-3,0,0,10204
20200207,22,150,40,40,70,34,-6,0,0,10199
20200207,23,150,50,50,80,36,-8,0,0,10197
20200207,24,160,50,50,90,36,-12,0,0,10194
20200208,1,150,40,40,80,31,-12,0,0,10191
20200208,2,160,40,40,70,32,-12,0,0,10186
20200208,3,150,40,40,60,34,-7,0,0,10182
20200208,4,160,40,40,70,39,-2,0,0,10180
20200208,5,160,40,40,70,43,3,0,0,10178
20200208,6,160,40,40,60,47,11,0,0,10175
20200208,7,160,40,40,70,48,17,0,0,10175
20200208,8,170,30,30,60,58,27,0,3,10178
20200208,9,160,30,30,60,65,36,0,17,10179
20200208,10,170,30,30,50,80,48,2,41,10179
20200208,11,180,40,40,70,92,56,1,34,10179
20200208,12,210,40,60,90,97,66,0,19,10177
20200208,13,220,50,50,90,95,74,0,12,10177
20200208,14,220,40,40,90,90,81,0,11,10178
20200208,15,220,40,40,70,90,80,0,12,10179
20200208,16,220,40,30,70,85,73,0,12,10181
20200208,17,200,30,30,50,84,74,0,2,10184
20200208,18,200,30,40,60,84,75,0,0,10183
20200208,19,210,40,50,70,85,75,0,0,10185
20200208,20,200,50,40,80,85,75,0,0,10184
20200208,21,210,40,30,90,83,74,0,0,10182
20200208,22,180,40,40,70,75,66,0,0,10173
20200208,23,180,40,50,80,75,67,0,0,10168
20200208,24,200,50,50,100,82,68,0,0,10161
20200209,1,200,60,60,110,78,64,0,0,10152
20200209,2,190,50,50,110,79,62,0,0,10145
20200209,3,190,60,60,120,80,59,0,0,10128
20200209,4,190,70,70,130,78,54,0,0,10115
20200209,5,190,70,70,120,83,54,0,0,10105
20200209,6,190,70,80,130,86,52,0,0,10087
20200209,7,190,90,90,150,85,44,0,0,10071
20200209,8,190,80,80,160,86,42,0,3,10064
20200209,9,190,90,100,190,91,39,0,16,10043
20200209,10,200,100,110,190,95,42,0,31,10025
20200209,11,200,100,100,190,98,50,0,22,10010
20200209,12,200,110,110,200,104,55,0,25,9986
20200209,13,190,110,110,210,110,60,0,21,9963
20200209,14,200,110,120,200,117,67,0,14,9944
20200209,15,200,130,120,230,116,71,0,5,9924
20200209,16,210,130,140,240,124,73,0,3,9907
20200209,17,210,140,130,240,111,90,0,0,9894
20200209,18,200,130,140,250,117,95,0,0,9880
20200209,19,210,130,130,240,116,97,0,0,9869
20200209,20,220,120,120,250,121,100,0,0,9864
20200209,21,240,90,80,180,103,88,0,0,9859
20200209,22,230,110,110,250,106,78,0,0,9850
20200209,23,240,100,100,200,107,73,0,0,9857
20200209,24,240,100,90,200,104,61,0,0,9863
20200210,1,250,100,100,200,102,48,0,0,9867
20200210,2,240,90,100,170,100,53,0,0,9871
20200210,3,230,90,90,170,98,53,0,0,9873
20200210,4,240,90,90,190,96,51,0,0,9879
20200210,5,260,100,100,190,77,40,0,0,9893
20200210,6,260,80,80,160,73,43,0,0,9902
20200210,7,260,80,90,170,78,31,0,0,9923
20200210,8,270,90,100,210,79,17,0,4,9942
20200210,9,260,90,90,190,80,12,0,16,9958
20200210,10,250,90,80,190,80,12,2,45,9971
20200210,11,260,90,90,180,80,4,4,62,9984
20200210,12,260,90,90,190,83,0,2,51,9987
20200210,13,260,90,90,170,86,2,5,66,9987
20200210,14,250,100,110,190,91,6,7,73,9981
20200210,15,240,90,80,180,91,27,0,33,9973
20200210,16,240,80,70,160,88,31,0,8,9959
20200210,17,210,80,80,160,75,43,0,1,9938
20200210,18,220,90,90,160,77,37,0,0,9920
20200210,19,240,90,70,200,80,37,0,0,9917
20200210,20,260,90,100,220,76,26,0,0,9919
20200210,21,270,70,60,170,50,20,0,0,9932
20200210,22,250,50,60,120,57,15,0,0,9937
20200210,23,270,70,90,190,63,-2,0,0,9950
20200210,24,270,80,90,180,49,1,0,0,9960
20200211,1,260,90,90,200,57,-14,0,0,9971
20200211,2,260,80,90,170,59,-13,0,0,9977
20200211,3,250,90,80,160,58,-15,0,0,9980
20200211,4,250,80,90,180,59,-15,0,0,9987
20200211,5,260,90,90,170,60,-16,0,0,9993
20200211,6,250,80,80,180,60,-14,0,0,9995
20200211,7,250,80,90,150,61,-14,0,0,10005
20200211,8,260,80,70,160,62,-14,0,4,10008
20200211,9,250,80,80,160,63,-13,0,23,10014
20200211,10,260,90,90,180,67,-14,3,45,10018
20200211,11,260,90,100,170,69,-15,2,57,10025
20200211,12,260,90,90,180,68,-18,3,70,10029
20200211,13,250,90,120,180,73,-19,4,78,10032
20200211,14,250,90,90,180,69,-15,4,61,10034
20200211,15,260,80,60,170,63,-13,0,25,10038
20200211,16,260,80,60,150,66,-26,5,22,10039
20200211,17,260,70,70,170,61,-22,2,7,10046
20200211,18,260,70,60,130,63,-23,0,0,10053
20200211,19,270,80,80,170,65,-30,0,0,10059
20200211,20,270,70,70,150,62,-27,0,0,10064
20200211,21,260,70,80,170,59,-18,0,0,10070
20200211,22,260,70,70,150,62,-22,0,0,10072
20200211,23,260,70,80,140,63,-22,0,0,10076
20200211,24,250,70,80,160,61,-15,0,0,10078
20200212,1,260,70,60,140,56,-11,0,0,10081
20200212,2,260,70,80,180,55,-17,0,0,10080
20200212,3,260,70,70,170,56,-12,0,0,10083
20200212,4,260,70,70,150,54,-12,0,0,10088
20200212,5,260,60,60,150,53,-12,0,0,10092
20200212,6,250,60,60,120,52,-9,0,0,10094
20200212,7,250,60,60,130,52,-10,0,0,10099
20200212,8,250,60,60,110,53,-9,2,11,10105
20200212,9,250,60,50,120,58,-4,5,46,10112
20200212,10,250,60,70,150,61,-6,3,57,10116
20200212,11,260,70,70,140,64,-2,0,52,10125
20200212,12,260,70,70,130,66,-4,2,57,10127
20200212,13,260,70,70,130,72,-8,7,89,10128
20200212,14,260,60,70,140,73,-7,10,90,10132
20200212,15,250,70,70,140,70,-6,3,59,10135
20200212,16,260,60,60,120,61,-2,2,18,10139
20200212,17,250,50,50,110,60,5,2,3,10146
20200212,18,250,40,40,100,57,-3,0,0,10149
20200212,19,240,40,30,90,48,-3,0,0,10150
20200212,20,230,30,30,60,45,-4,0,0,10151
20200212,21,210,30,40,60,38,-1,0,0,10148
20200212,22,220,30,40,60,36,6,0,0,10146
20200212,23,210,40,30,60,37,13,0,0,10145
20200212,24,200,40,40,60,39,14,0,0,10139
20200213,1,200,40,50,70,34,11,0,0,10130
20200213,2,180,40,40,80,37,11,0,0,10118
20200213,3,180,40,40,70,37,9,0,0,10110
20200213,4,160,30,40,60,31,7,0,0,10095
20200213,5,150,40,40,70,35,9,0,0,10078
20200213,6,160,40,40,80,43,15,0,0,10059
20200213,7,160,40,40,80,45,23,0,0,10044
20200213,8,160,60,70,140,44,28,0,0,10024
20200213,9,150,70,80,140,46,31,0,3,9994
20200213,10,160,70,70,130,49,32,0,5,9981
20200213,11,160,70,70,130,51,35,0,6,9966
20200213,12,210,60,40,120,59,46,0,10,9960
20200213,13,210,60,70,120,84,51,6,86,9954
20200213,14,200,60,50,100,85,49,0,45,9949
20200213,15,200,40,40,80,82,53,0,18,9947
20200213,16,180,20,10,70,72,59,0,6,9946
20200213,17,230,30,40,100,73,56,0,0,9955
20200213,18,230,30,30,90,69,56,0,0,9965
20200213,19,240,30,30,60,69,56,0,0,9974
20200213,20,260,20,30,50,69,56,0,0,9992
20200213,21,270,30,30,60,69,56,0,0,10010
20200213,22,270,20,20,50,67,54,0,0,10028
20200213,23,260,20,20,50,60,47,0,0,10044
20200213,24,260,30,40,80,66,46,0,0,10063
20200214,1,250,30,30,60,65,42,0,0,10076
20200214,2,250,30,30,60,62,49,0,0,10085
20200214,3,270,30,40,70,65,41,0,0,10098
20200214,4,270,40,30,90,58,44,0,0,10113
20200214,5,260,40,30,80,57,48,0,0,10126
20200214,6,280,40,40,70,64,51,0,0,10142
20200214,7,290,30,30,60,64,49,0,0,10157
20200214,8,270,30,30,60,65,40,0,5,10173
20200214,9,280,30,20,60,66,34,0,14,10186
20200214,10,290,30,30,60,69,24,0,29,10195
20200214,11,250,30,30,60,75,25,0,54,10202
20200214,12,250,30,40,60,78,23,0,51,10207
20200214,13,220,40,50,80,81,28,0,53,10204
20200214,14,220,50,50,90,81,27,1,51,10203
20200214,15,210,50,60,100,85,33,7,77,10204
20200214,16,200,40,40,90,84,36,7,33,10207
20200214,17,220,40,40,80,87,38,0,2,10213
20200214,18,200,40,40,70,82,37,0,0,10213
20200214,19,180,30,40,60,76,39,0,0,10212
20200214,20,180,40,50,70,75,40,0,0,10210
20200214,21,180,40,50,70,76,43,0,0,10207
20200214,22,190,40,40,80,78,44,0,0,10203
20200214,23,190,40,40,70,80,45,0,0,10200
20200214,24,190,40,50,80,77,43,0,0,10197
20200215,1,180,50,50,80,77,44,0,0,10192
20200215,2,180,50,60,100,77,45,0,0,10188
20200215,3,190,50,50,90,77,47,0,0,10183
20200215,4,190,50,50,90,78,48,0,0,10177
20200215,5,190,60,60,110,77,49,0,0,10171
20200215,6,200,50,50,90,83,53,0,0,10174
20200215,7,190,50,50,90,84,56,0,0,10171
20200215,8,190,50,50,90,90,62,0,6,10169
20200215,9,180,60,60,110,92,62,0,18,10163
20200215,10,190,60,50,110,98,67,0,42,10157
20200215,11,190,50,50,90,104,68,0,39,10149
20200215,12,190,60,70,110,108,70,2,74,10139
20200215,13,200,70,70,120,114,74,2,79,10133
20200215,14,190,60,70,120,122,78,1,56,10119
20200215,15,190,70,80,130,125,74,2,43,10112
20200215,16,200,70,70,150,126,73,0,11,10105
20200215,17,190,70,80,120,126,69,0,3,10095
20200215,18,190,80,80,150,121,69,0,0,10096
20200215,19,180,90,90,150,119,68,0,0,10077
20200215,20,190,100,100,170,120,66,0,0,10069
20200215,21,190,90,80,160,124,67,0,0,10060
20200215,22,200,90,100,170,128,67,0,0,10051
20200215,23,210,100,90,190,132,74,0,0,10049
20200215,24,210,100,110,190,133,79,0,0,10044
20200216,1,200,100,90,160,133,81,0,0,10040
20200216,2,200,90,90,170,135,82,0,0,10038
20200216,3,200,90,80,160,128,85,0,0,10024
20200216,4,200,80,80,150,124,92,0,0,10016
20200216,5,200,80,90,140,121,98,0,0,10007
20200216,6,200,90,90,200,124,100,0,0,9998
20200216,7,200,90,90,170,128,100,0,0,9993
20200216,8,200,110,110,200,128,103,0,1,9988
20200216,9,200,120,120,220,135,98,0,4,9986
20200216,10,200,110,100,200,131,100,0,11,9986
20200216,11,200,110,110,190,145,96,0,26,9985
20200216,12,210,120,120,190,151,96,0,30,9974
20200216,13,200,100,100,180,150,105,0,39,9963
20200216,14,200,100,100,190,155,106,0,34,9952
20200216,15,210,120,130,230,166,100,0,27,9938
20200216,16,210,130,140,240,150,113,0,7,9934
20200216,17,290,100,70,220,89,78,0,1,9965
20200216,18,260,70,60,160,83,67,0,0,9988
20200216,19,230,60,60,130,82,64,0,0,9993
20200216,20,230,80,80,140,88,59,0,0,10010
20200216,21,230,80,90,170,90,55,0,0,10014
20200216,22,220,80,80,160,92,56,0,0,10021
20200216,23,220,90,100,170,95,53,0,0,10036
20200216,24,230,90,90,190,91,36,0,0,10047
20200217,1,230,90,110,220,85,30,0,0,10058
20200217,2,230,90,80,170,79,28,0,0,10070
20200217,3,240,80,70,150,79,18,0,0,10083
20200217,4,230,60,60,130,74,9,0,0,10088
20200217,5,220,60,60,120,69,20,0,0,10094
20200217,6,210,60,60,120,69,20,0,0,10094
20200217,7,210,70,60,120,68,29,0,0,10095
20200217,8,210,70,80,130,72,31,5,15,10097
20200217,9,210,80,80,130,83,34,10,60,10099
20200217,10,220,80,80,140,90,30,8,81,10101
20200217,11,220,90,80,150,99,35,9,116,10100
20200217,12,220,90,90,170,98,36,1,68,10099
20200217,13,230,80,70,180,82,33,2,63,10101
20200217,14,230,90,90,170,91,30,5,96,10100
20200217,15,230,90,90,150,90,33,8,90,10102
20200217,16,230,80,70,170,84,38,5,36,10103
20200217,17,230,70,70,150,83,36,2,6,10109
20200217,18,230,70,70,140,77,43,0,0,10115
20200217,19,220,60,60,120,79,50,0,0,10119
20200217,20,230,60,60,130,77,52,0,0,10121
20200217,21,230,60,40,150,68,48,0,0,10131
20200217,22,230,50,50,110,77,53,0,0,10135
20200217,23,230,50,50,100,79,49,0,0,10144
20200217,24,240,50,50,110,80,50,0,0,10152
20200218,1,250,60,70,120,80,39,0,0,10156
20200218,2,250,60,60,120,78,34,0,0,10164
20200218,3,240,50,50,110,72,34,0,0,10169
20200218,4,250,60,60,110,67,16,0,0,10174
20200218,5,240,50,50,100,63,16,0,0,10180
20200218,6,240,40,40,90,58,22,0,0,10183
20200218,7,230,40,50,90,61,26,0,0,10190
20200218,8,220,50,60,100,62,30,5,18,10194
20200218,9,220,60,60,110,71,36,8,68,10197
20200218,10,230,70,70,130,74,36,8,94,10197
20200218,11,230,70,80,140,76,46,5,60,10196
20200218,12,230,70,60,150,79,41,5,74,10195
20200218,13,240,60,70,140,92,31,10,133,10190
20200218,14,240,70,70,140,91,28,7,91,10189
20200218,15,230,80,70,140,93,24,10,97,10184
20200218,16,240,70,80,140,91,25,2,26,10178
20200218,17,230,80,70,170,88,23,0,5,10173
20200218,18,220,70,70,120,87,29,0,0,10167
20200218,19,220,80,80,130,85,36,0,0,10160
20200218,20,220,80,80,170,81,43,0,0,10149
20200218,21,220,90,90,160,80,43,0,0,10143
20200218,22,220,90,90,150,81,40,0,0,10127
20200218,23,220,90,100,160,74,39,0,0,10116
20200218,24,290,60,30,150,47,34,0,0,10120
20200219,1,240,30,20,70,49,37,0,0,10113
20200219,2,260,30,30,60,58,41,0,0,10116
20200219,3,290,40,50,110,58,26,0,0,10120
20200219,4,290,40,50,100,55,19,0,0,10129
20200219,5,280,40,50,100,52,16,0,0,10140
20200219,6,270,50,50,100,54,17,0,0,10148
20200219,7,270,50,50,100,52,20,0,0,10157
20200219,8,270,50,50,90,56,17,2,15,10167
20200219,9,270,50,50,100,59,18,0,31,10173
20200219,10,270,50,60,120,64,14,5,63,10182
20200219,11,280,50,50,120,71,16,2,76,10191
20200219,12,260,70,80,130,68,6,7,112,10193
20200219,13,270,60,60,110,79,9,9,128,10194
20200219,14,270,60,50,120,72,8,4,83,10199
20200219,15,260,60,50,100,74,3,1,55,10199
20200219,16,240,60,50,110,70,5,10,37,10199
20200219,17,230,50,50,90,65,17,3,8,10199
20200219,18,220,40,40,80,62,17,0,0,10197
20200219,19,210,40,40,80,63,19,0,0,10193
20200219,20,210,50,50,80,62,27,0,0,10189
20200219,21,200,50,60,90,59,40,0,0,10183
20200219,22,190,50,50,90,58,43,0,0,10177
20200219,23,200,50,50,100,60,45,0,0,10172
20200219,24,200,50,50,90,64,51,0,0,10163
20200220,1,200,50,60,90,70,59,0,0,10157
20200220,2,210,60,70,120,77,62,0,0,10151
20200220,3,210,60,60,110,80,61,0,0,10146
20200220,4,220,60,60,100,80,65,0,0,10141
20200220,5,210,60,60,110,85,61,0,0,10138
20200220,6,220,70,60,130,83,66,0,0,10136
20200220,7,210,60,60,100,86,59,0,0,10134
20200220,8,210,60,60,110,88,59,0,7,10133
20200220,9,210,70,70,120,90,55,0,22,10131
20200220,10,200,70,80,120,92,53,1,38,10128
20200220,11,200,80,90,150,98,56,8,120,10120
20200220,12,210,90,80,160,95,58,5,101,10112
20200220,13,210,80,80,150,99,57,1,68,10099
20200220,14,210,80,90,150,102,50,0,35,10091
20200220,15,200,80,80,140,103,51,0,31,10080
20200220,16,200,70,80,130,99,57,0,7,10067
20200220,17,210,80,80,140,93,64,0,1,10061
20200220,18,220,90,100,180,88,72,0,0,10072
20200220,19,290,70,70,170,60,42,0,0,10097
20200220,20,270,50,50,130,59,38,0,0,10107
20200220,21,290,60,80,150,51,20,0,0,10129
20200220,22,280,60,70,140,60,9,0,0,10147
20200220,23,270,60,50,140,59,5,0,0,10162
20200220,24,270,60,60,110,60,1,0,0,10175
20200221,1,260,50,50,110,55,1,0,0,10184
20200221,2,260,50,50,100,56,1,0,0,10195
20200221,3,260,50,60,110,55,6,0,0,10202
20200221,4,260,50,50,100,55,7,0,0,10209
20200221,5,240,40,40,90,49,9,0,0,10215
20200221,6,230,30,30,70,44,10,0,0,10222
20200221,7,210,40,30,60,41,11,0,1,10226
20200221,8,220,40,50,70,50,21,0,15,10234
20200221,9,220,50,50,100,64,31,0,44,10237
20200221,10,230,60,70,110,76,31,10,110,10239
20200221,11,220,60,80,110,79,35,5,104,10239
20200221,12,230,60,70,130,80,38,0,55,10242
20200221,13,230,70,70,120,85,37,0,54,10236
20200221,14,230,70,70,140,88,37,0,45,10231
20200221,15,230,70,60,140,87,40,0,23,10230
20200221,16,230,70,60,120,87,44,0,13,10227
20200221,17,230,70,70,130,87,43,0,2,10227
20200221,18,220,70,70,130,88,40,0,0,10224
20200221,19,220,70,80,140,88,38,0,0,10222
20200221,20,230,70,70,130,88,37,0,0,10219
20200221,21,220,80,80,150,88,39,0,0,10213
20200221,22,220,80,80,150,88,40,0,0,10206
20200221,23,220,80,70,140,88,39,0,0,10202
20200221,24,230,80,70,140,88,38,0,0,10204
20200222,1,220,80,80,130,84,38,0,0,10190
20200222,2,220,80,90,140,83,39,0,0,10182
20200222,3,210,90,90,150,79,40,0,0,10173
20200222,4,210,90,90,180,76,39,0,0,10165
20200222,5,220,90,90,160,72,34,0,0,10158
20200222,6,220,90,90,170,76,28,0,0,10153
20200222,7,220,100,110,170,78,21,0,0,10150
20200222,8,230,100,110,190,70,32,0,3,10159
20200222,9,220,90,90,170,76,34,0,12,10158
20200222,10,230,100,100,180,84,43,0,22,10158
20200222,11,230,100,90,160,87,53,0,14,10162
20200222,12,230,90,90,160,90,67,0,25,10161
20200222,13,230,80,70,160,102,77,0,23,10164
20200222,14,240,80,90,170,115,82,1,33,10160
20200222,15,240,90,80,160,115,82,0,41,10164
20200222,16,240,80,80,150,111,83,0,11,10168
20200222,17,240,70,70,130,109,81,0,2,10173
20200222,18,240,70,70,120,107,80,0,0,10181
20200222,19,250,60,70,130,106,73,0,0,10187
20200222,20,240,60,60,130,102,75,0,0,10185
20200222,21,240,60,70,120,105,62,0,0,10187
20200222,22,290,50,50,130,86,41,0,0,10193
20200222,23,240,30,30,110,88,50,0,0,10193
20200222,24,250,60,60,120,100,59,0,0,10196
20200223,1,240,60,50,110,98,60,0,0,10191
20200223,2,240,60,60,120,90,63,0,0,10182
20200223,3,240,60,60,100,84,70,0,0,10171
20200223,4,250,60,60,120,80,65,0,0,10168
20200223,5,220,40,30,110,74,66,0,0,10145
20200223,6,230,40,30,110,78,68,0,0,10120
20200223,7,190,30,20,60,77,74,0,0,10099
20200223,8,210,20,40,80,89,85,0,1,10081
20200223,9,240,90,110,190,117,99,0,2,10071
20200223,10,240,110,110,210,115,97,0,5,10066
20200223,11,250,110,100,200,120,93,0,10,10068
20200223,12,250,110,100,200,124,94,0,13,10069
20200223,13,250,100,110,190,129,95,0,23,10070
20200223,14,280,100,80,200,104,76,0,28,10094
20200223,15,300,90,90,200,92,54,0,32,10116
20200223,16,290,70,60,150,89,50,2,27,10133
20200223,17,300,60,50,160,77,40,5,11,10155
20200223,18,290,50,50,120,71,32,0,0,10173
20200223,19,270,50,40,100,67,31,0,0,10187
20200223,20,290,50,50,110,66,20,0,0,10201
20200223,21,300,50,50,110,63,10,0,0,10212
20200223,22,270,40,40,70,59,9,0,0,10219
20200223,23,270,40,40,80,60,9,0,0,10225
20200223,24,260,30,30,70,56,10,0,0,10230
20200224,1,250,20,20,50,48,10,0,0,10231
20200224,2,240,20,20,30,40,11,0,0,10230
20200224,3,230,20,20,40,48,13,0,0,10229
20200224,4,200,20,30,40,46,13,0,0,10221
20200224,5,200,30,30,50,47,14,0,0,10218
20200224,6,190,30,30,50,49,17,0,0,10209
20200224,7,190,40,40,70,53,16,0,0,10199
20200224,8,120,30,30,60,48,23,0,4,10184
20200224,9,160,40,50,90,53,18,0,22,10157
20200224,10,170,60,70,110,48,34,0,27,10136
20200224,11,190,70,60,120,54,46,0,21,10118
20200224,12,180,60,60,100,69,63,0,19,10093
20200224,13,210,70,70,130,91,84,0,22,10069
20200224,14,230,90,110,190,104,90,0,13,10050
20200224,15,230,90,80,170,100,88,0,10,10041
20200224,16,240,90,90,180,99,86,0,5,10031
20200224,17,240,90,80,180,100,85,0,2,10028
20200224,18,230,90,90,160,105,81,0,0,10029
20200224,19,240,90,90,160,104,81,0,0,10028
20200224,20,230,90,90,180,105,83,0,0,10025
20200224,21,240,80,70,160,107,84,0,0,10022
20200224,22,240,80,70,140,106,83,0,0,10019
20200224,23,250,70,70,140,108,73,0,0,10016
20200224,24,250,80,90,150,102,66,0,0,10015
20200225,1,260,70,70,140,96,56,0,0,10016
20200225,2,260,70,60,130,80,17,0,0,10016
20200225,3,260,50,50,110,74,11,0,0,10012
20200225,4,250,50,60,110,71,17,0,0,10009
20200225,5,260,50,60,100,69,16,0,0,10006
20200225,6,240,50,40,90,63,19,0,0,10000
20200225,7,240,60,60,130,58,32,0,1,9997
20200225,8,250,50,50,100,61,30,2,15,10000
20200225,9,260,50,70,140,75,17,7,68,9998
20200225,10,250,70,80,130,81,10,10,134,9994
20200225,11,240,60,60,140,88,24,9,145,9992
20200225,12,250,70,70,150,83,9,8,133,9987
20200225,13,260,70,50,130,74,30,5,95,9983
20200225,14,250,60,60,110,86,20,9,128,9973
20200225,15,270,50,60,130,79,21,7,84,9966
20200225,16,260,60,60,120,76,7,0,29,9963
20200225,17,240,40,40,90,70,9,3,11,9957
20200225,18,240,30,30,70,64,11,0,0,9956
20200225,19,210,30,50,80,56,20,0,0,9950
20200225,20,220,50,40,80,48,19,0,0,9945
20200225,21,190,40,30,70,41,21,0,0,9936
20200225,22,190,30,30,60,40,23,0,0,9927
20200225,23,230,50,60,120,31,15,0,0,9923
20200225,24,230,40,40,90,20,11,0,0,9920
20200226,1,260,30,20,50,8,4,0,0,9921
20200226,2,240,20,20,40,6,0,0,0,9918
20200226,3,240,20,20,40,8,3,0,0,9919
20200226,4,260,20,20,40,13,7,0,0,9922
20200226,5,300,20,20,60,22,16,0,0,9930
20200226,6,260,20,10,50,21,17,0,0,9935
20200226,7,270,20,20,30,30,19,0,0,9945
20200226,8,270,30,30,60,31,18,0,5,9957
20200226,9,270,20,20,50,39,18,0,27,9966
20200226,10,260,30,30,80,51,24,3,70,9973
20200226,11,280,30,40,80,50,16,2,48,9984
20200226,12,270,50,60,120,59,15,3,102,9992
20200226,13,270,50,60,110,57,24,4,99,10000
20200226,14,280,60,50,110,45,22,1,49,10010
20200226,15,280,30,30,100,51,28,1,39,10017
20200226,16,300,40,30,100,55,26,8,85,10023
20200226,17,300,50,30,120,39,20,2,9,10033
20200226,18,270,40,40,80,46,9,0,0,10041
20200226,19,280,30,20,60,44,5,0,0,10047
20200226,20,250,20,20,50,38,3,0,0,10047
20200226,21,220,30,30,40,31,5,0,0,10049
20200226,22,280,30,50,90,33,11,0,0,10055
20200226,23,300,20,10,60,28,12,0,0,10052
20200226,24,60,20,20,50,20,12,0,0,10052
20200227,1,160,20,20,30,15,8,0,0,10048
20200227,2,200,20,20,40,15,8,0,0,10046
20200227,3,200,20,20,30,3,-4,0,0,10040
20200227,4,200,30,40,60,21,3,0,0,10035
20200227,5,190,40,30,60,26,8,0,0,10025
20200227,6,170,30,30,60,25,8,0,0,10016
20200227,7,180,30,30,70,24,9,0,1,10008
20200227,8,180,30,40,60,27,10,0,11,10003
20200227,9,170,30,40,60,30,15,0,15,9993
20200227,10,170,30,30,60,31,16,0,20,9981
20200227,11,150,40,50,70,25,12,0,25,9971
20200227,12,140,40,30,80,28,18,0,31,9961
20200227,13,110,30,30,60,30,19,0,31,9954
20200227,14,100,20,20,40,33,21,0,28,9956
20200227,15,50,10,10,30,31,16,0,16,9968
20200227,16,310,10,20,30,28,16,0,10,9985
20200227,17,280,20,20,50,29,19,0,7,10000
20200227,18,290,30,30,50,31,19,0,1,10019
20200227,19,300,30,30,60,31,19,0,0,10040
20200227,20,320,40,30,100,31,16,0,0,10057
20200227,21,300,20,20,50,32,10,0,0,10071
20200227,22,270,20,20,50,29,0,0,0,10085
20200227,23,260,30,20,80,32,2,0,0,10097
20200227,24,270,30,20,90,30,5,0,0,10110
20200228,1,270,30,40,80,38,7,0,0,10119
20200228,2,230,20,30,50,30,11,0,0,10127
20200228,3,240,30,20,50,25,4,0,0,10132
20200228,4,240,20,20,40,23,1,0,0,10138
20200228,5,230,30,30,50,23,2,0,0,10143
20200228,6,240,40,30,60,26,1,0,0,10149
20200228,7,220,30,30,50,27,4,3,5,10154
20200228,8,210,30,30,50,36,12,7,35,10152
20200228,9,220,30,30,60,39,16,2,49,10155
20200228,10,200,40,50,70,49,18,2,70,10154
20200228,11,190,50,40,90,60,15,0,86,10149
20200228,12,190,50,50,100,62,7,0,86,10141
20200228,13,180,50,60,100,64,5,0,82,10128
20200228,14,180,60,60,110,67,5,0,54,10113
20200228,15,180,60,50,100,67,9,0,31,10100
20200228,16,190,80,100,150,42,16,0,9,10088
20200228,17,160,80,70,160,35,18,0,1,10066
20200228,18,160,80,60,140,31,17,0,0,10048
20200228,19,170,70,70,130,36,25,0,0,10033
20200228,20,170,60,60,120,42,34,0,0,10021
20200228,21,190,70,60,110,53,46,0,0,10008
20200228,22,200,60,60,110,65,57,0,0,9996
20200228,23,200,70,60,120,75,69,0,0,9989
20200228,24,210,70,70,120,84,76,0,0,9980
20200229,1,200,70,70,120,92,80,0,0,9972
20200229,2,200,60,60,130,95,81,0,0,9961
20200229,3,200,60,60,110,98,80,0,0,9951
20200229,4,210,60,60,110,95,85,0,0,9944
20200229,5,200,50,60,80,100,75,0,0,9935
20200229,6,190,60,60,120,100,65,0,0,9925
20200229,7,190,60,60,110,93,60,0,2,9915
20200229,8,180,70,70,110,95,57,0,25,9903
20200229,9,170,70,70,130,100,56,3,59,9883
20200229,10,180,80,90,130,115,55,10,113,9870
20200229,11,180,80,90,140,123,55,3,97,9859
20200229,12,180,80,80,140,120,63,0,54,9839
20200229,13,200,80,80,130,119,62,0,15,9828
20200229,14,250,90,90,280,77,46,0,22,9854
20200229,15,250,90,80,170,85,34,4,73,9870
20200229,16,250,80,80,170,74,34,2,30,9882
20200229,17,230,70,70,140,76,18,7,21,9889
20200229,18,230,80,70,160,71,5,0,1,9898
20200229,19,220,70,70,130,67,2,0,0,9902
20200229,20,210,90,80,180,66,10,0,0,9905
20200229,21,220,100,90,180,61,9,0,0,9908
20200229,22,210,90,90,170,57,10,0,0,9911
20200229,23,210,80,90,160,54,8,0,0,9908
20200229,24,210,90,90,150,53,9,0,0,9911
20200301,1,210,80,90,160,55,12,0,0,9910
20200301,2,220,90,90,160,60,14,0,0,9907
20200301,3,210,80,80,140,58,12,0,0,9906
20200301,4,210,80,80,140,59,11,0,0,9905
20200301,5,210,80,90,140,59,15,0,0,9903
20200301,6,220,80,90,150,58,13,0,0,9903
20200301,7,210,80,80,140,58,20,0,3,9904
20200301,8,220,80,90,150,63,21,2,29,9907
20200301,9,220,90,100,150,65,22,2,61,9912
20200301,10,220,90,100,180,69,26,6,90,9916
20200301,11,220,90,90,170,77,23,8,118,9917
20200301,12,230,90,90,170,85,19,5,129,9917
20200301,13,220,80,70,150,87,25,8,157,9916
20200301,14,220,90,90,160,90,10,4,87,9913
20200301,15,220,80,70,150,87,13,2,63,9912
20200301,16,220,60,60,140,84,13,0,33,9907
20200301,17,230,40,30,100,74,29,7,14,9907
20200301,18,220,30,30,70,70,24,0,1,9909
20200301,19,220,30,20,70,66,24,0,0,9911
20200301,20,220,30,30,60,59,24,0,0,9909
20200301,21,220,40,40,80,58,23,0,0,9913
20200301,22,220,40,40,80,55,20,0,0,9914
20200301,23,220,40,40,70,51,20,0,0,9914
20200301,24,200,40,40,70,47,21,0,0,9913
20200302,1,200,50,50,80,47,21,0,0,9913
20200302,2,200,50,50,80,43,20,0,0,9910
20200302,3,190,40,50,80,42,21,0,0,9904
20200302,4,170,40,40,80,42,22,0,0,9900
20200302,5,170,40,30,70,42,23,0,0,9896
20200302,6,160,40,40,70,44,26,0,0,9894
20200302,7,150,30,30,60,43,32,0,0,9894
20200302,8,140,40,50,90,45,36,0,6,9888
20200302,9,150,40,40,90,50,39,0,13,9887
20200302,10,160,40,40,70,56,46,0,28,9884
20200302,11,160,30,30,60,64,51,0,32,9880
20200302,12,170,30,30,60,71,55,0,50,9878
20200302,13,180,20,20,40,72,60,0,33,9877
20200302,14,160,20,20,40,76,66,0,39,9878
20200302,15,240,20,10,40,74,65,0,23,9883
20200302,16,280,10,20,40,70,56,0,15,9888
20200302,17,240,10,10,20,68,58,0,5,9899
20200302,18,230,20,20,30,68,61,0,0,9910
20200302,19,300,30,30,60,59,49,0,0,9920
20200302,20,300,30,40,80,59,45,0,0,9928
20200302,21,290,30,30,70,55,37,0,0,9938
20200302,22,290,30,30,60,49,27,0,0,9947
20200302,23,280,30,20,60,45,22,0,0,9954
20200302,24,230,20,20,50,35,16,0,0,9966
20200303,1,240,30,20,40,31,13,0,0,9972
20200303,2,220,20,30,40,17,7,0,0,9975
20200303,3,230,30,30,50,27,13,0,0,9977
20200303,4,210,20,20,40,24,6,0,0,9984
20200303,5,210,30,30,40,22,8,0,0,9991
20200303,6,200,30,30,50,23,8,0,0,9995
20200303,7,200,30,30,50,23,9,2,6,9999
20200303,8,210,40,40,70,40,18,10,44,10004
20200303,9,210,50,50,80,51,22,10,95,10004
20200303,10,220,50,50,90,68,28,10,144,10006
20200303,11,220,50,60,90,73,28,10,167,10010
20200303,12,230,60,60,100,82,24,10,189,10013
20200303,13,240,50,40,100,73,12,6,108,10015
20200303,14,250,40,40,80,76,18,4,56,10018
20200303,15,230,30,30,60,79,21,3,46,10024
20200303,16,240,30,30,60,75,18,2,43,10029
20200303,17,210,40,50,80,57,15,3,17,10041
20200303,18,280,30,20,100,45,25,0,0,10052
20200303,19,0,10,0,60,24,18,0,0,10056
20200303,20,220,10,20,30,17,13,0,0,10062
20200303,21,210,20,30,40,26,15,0,0,10067
20200303,22,190,30,20,40,29,14,0,0,10070
20200303,23,200,20,30,40,30,18,0,0,10071
20200303,24,220,30,20,50,40,29,0,0,10076
20200304,1,210,20,20,40,43,35,0,0,10077
20200304,2,190,20,30,40,42,33,0,0,10078
20200304,3,210,20,20,40,39,33,0,0,10080
20200304,4,280,20,20,70,48,39,0,0,10083
20200304,5,230,20,20,40,50,41,0,0,10088
20200304,6,230,20,30,60,56,46,0,0,10090
20200304,7,240,30,30,60,56,44,0,2,10095
20200304,8,240,30,30,50,62,43,5,31,10098
20200304,9,250,40,50,80,72,38,9,88,10100
20200304,10,250,40,30,70,78,38,6,96,10102
20200304,11,240,40,50,80,93,19,8,148,10103
20200304,12,230,40,40,100,96,25,8,171,10100
20200304,13,250,40,40,80,86,14,5,130,10097
20200304,14,230,40,20,90,85,20,0,37,10095
20200304,15,320,30,20,90,93,18,8,93,10090
20200304,16,320,20,20,50,93,20,10,95,10086
20200304,17,240,20,10,40,79,4,2,16,10083
20200304,18,180,10,20,50,59,19,0,0,10084
20200304,19,190,20,20,40,70,26,0,0,10083
20200304,20,170,20,20,30,63,29,0,0,10078
20200304,21,150,20,20,30,51,27,0,0,10076
20200304,22,140,20,20,40,49,32,0,0,10070
20200304,23,160,20,30,40,53,33,0,0,10063
20200304,24,140,20,20,40,51,33,0,0,10055
20200305,1,120,20,20,30,49,34,0,0,10048
20200305,2,110,20,20,40,48,34,0,0,10038
20200305,3,90,20,30,40,45,36,0,0,10027
20200305,4,90,30,30,40,44,36,0,0,10016
20200305,5,80,30,30,50,45,36,0,0,10008
20200305,6,90,40,40,60,46,36,0,0,10001
20200305,7,90,40,40,60,48,36,0,4,9993
20200305,8,90,40,40,60,51,37,0,16,9986
20200305,9,90,40,40,60,55,38,0,27,9977
20200305,10,90,50,50,80,60,38,0,47,9966
20200305,11,100,50,60,90,64,39,0,40,9958
20200305,12,80,50,50,80,67,41,0,49,9948
20200305,13,80,50,60,80,67,40,0,39,9935
20200305,14,80,60,60,100,66,38,0,31,9918
20200305,15,80,60,60,100,67,39,0,18,9913
20200305,16,60,50,50,80,61,43,0,6,9908
20200305,17,70,50,50,80,59,45,0,3,9903
20200305,18,50,40,40,70,57,46,0,0,9900
20200305,19,40,50,50,90,56,46,0,0,9895
20200305,20,50,50,50,80,55,47,0,0,9889
20200305,21,50,40,50,80,56,47,0,0,9886
20200305,22,40,40,50,80,55,48,0,0,9883
20200305,23,40,40,40,80,53,46,0,0,9882
20200305,24,30,40,40,80,53,44,0,0,9882
20200306,1,10,40,40,90,50,41,0,0,9885
20200306,2,10,50,40,90,50,40,0,0,9888
20200306,3,360,40,40,90,48,37,0,0,9893
20200306,4,350,40,40,80,48,35,0,0,9902
20200306,5,350,40,40,70,49,36,0,0,9911
20200306,6,340,30,30,60,51,38,0,0,9922
20200306,7,340,40,40,70,52,37,0,4,9934
20200306,8,350,40,50,80,61,34,0,32,9945
20200306,9,350,50,50,100,69,37,1,66,9957
20200306,10,340,50,50,100,72,36,1,81,9969
20200306,11,340,60,50,100,81,35,2,110,9982
20200306,12,340,50,50,100,81,30,0,91,9991
20200306,13,340,50,50,100,82,27,2,100,9999
20200306,14,350,50,50,90,82,31,2,77,10010
20200306,15,340,40,40,80,79,35,0,55,10019
20200306,16,340,40,40,80,75,33,0,39,10030
20200306,17,350,40,30,70,70,32,3,18,10044
20200306,18,340,40,20,70,65,28,0,1,10059
20200306,19,320,30,30,50,64,26,0,0,10069
20200306,20,330,30,30,60,59,26,0,0,10081
20200306,21,330,30,30,60,59,26,0,0,10091
20200306,22,340,30,30,60,58,17,0,0,10101
20200306,23,320,30,30,50,52,17,0,0,10107
20200306,24,280,10,10,40,41,22,0,0,10116
20200307,1,290,20,20,40,42,17,0,0,10123
20200307,2,270,20,10,40,30,12,0,0,10127
20200307,3,270,10,10,30,16,8,0,0,10133
20200307,4,260,10,10,30,0,-5,0,0,10138
20200307,5,240,10,10,20,-7,-11,0,0,10145
20200307,6,240,20,20,40,5,0,0,0,10152
20200307,7,230,20,20,30,12,7,3,8,10158
20200307,8,220,20,20,30,51,19,10,53,10166
20200307,9,230,30,40,60,74,29,10,100,10170
20200307,10,230,40,40,80,85,32,10,147,10174
20200307,11,230,50,40,80,94,31,10,176,10175
20200307,12,230,50,50,90,94,12,10,165,10176
20200307,13,240,60,70,110,96,12,6,128,10172
20200307,14,230,60,60,120,98,23,3,85,10171
20200307,15,230,60,60,110,96,32,2,66,10170
20200307,16,220,50,50,100,93,33,0,26,10171
20200307,17,200,50,40,100,90,37,0,5,10171
20200307,18,210,50,40,80,88,40,0,0,10172
20200307,19,200,50,50,90,89,35,0,0,10168
20200307,20,210,60,60,100,88,39,0,0,10166
20200307,21,200,60,60,110,88,45,0,0,10162
20200307,22,200,60,60,110,89,47,0,0,10157
20200307,23,200,60,60,100,84,49,0,0,10151
20200307,24,200,60,50,100,84,50,0,0,10146
20200308,1,190,50,50,90,80,49,0,0,10139
20200308,2,190,50,60,90,83,48,0,0,10130
20200308,3,190,50,60,100,81,48,0,0,10123
20200308,4,190,60,60,100,78,48,0,0,10116
20200308,5,180,50,50,90,73,46,0,0,10109
20200308,6,190,50,50,100,76,49,0,0,10107
20200308,7,190,50,60,100,75,49,0,5,10104
20200308,8,190,60,60,110,85,53,0,32,10102
20200308,9,210,60,80,120,91,51,0,23,10097
20200308,10,200,70,80,130,85,65,0,32,10095
20200308,11,210,70,80,150,89,64,0,34,10091
20200308,12,210,70,70,150,89,68,0,24,10089
20200308,13,210,70,70,120,93,72,0,27,10085
20200308,14,200,70,70,130,99,73,1,47,10081
20200308,15,200,60,50,110,101,73,0,38,10076
20200308,16,190,50,50,100,101,73,0,32,10073
20200308,17,190,50,50,80,98,74,7,19,10072
20200308,18,180,40,40,80,95,71,0,1,10067
20200308,19,190,50,50,80,92,74,0,0,10067
20200308,20,200,50,50,100,92,64,0,0,10065
20200308,21,220,50,50,110,91,52,0,0,10067
20200308,22,220,50,50,100,85,52,0,0,10068
20200308,23,220,50,60,90,85,51,0,0,10070
20200308,24,220,50,40,90,76,51,0,0,10070
20200309,1,220,50,50,90,72,53,0,0,10072
20200309,2,230,40,40,80,72,54,0,0,10073
20200309,3,220,40,40,70,74,55,0,0,10074
20200309,4,220,40,40,80,70,54,0,0,10079
20200309,5,220,40,50,80,72,54,0,0,10082
20200309,6,220,40,30,100,64,50,0,0,10087
20200309,7,230,30,30,50,67,55,0,5,10094
20200309,8,230,30,30,60,73,54,0,22,10102
20200309,9,230,30,40,70,80,48,4,63,10110
20200309,10,250,40,40,80,91,47,7,118,10114
20200309,11,240,50,50,90,100,38,10,204,10119
20200309,12,260,50,60,100,93,34,4,128,10124
20200309,13,250,60,60,120,95,34,7,138,10125
20200309,14,260,60,60,120,70,43,3,93,10130
20200309,15,240,40,40,100,84,49,7,105,10129
20200309,16,260,40,40,70,88,43,3,45,10133
20200309,17,250,40,30,90,86,44,2,14,10134
20200309,18,220,40,30,80,81,41,0,1,10133
20200309,19,220,40,40,70,80,44,0,0,10129
20200309,20,210,50,50,90,77,42,0,0,10123
20200309,21,200,40,50,90,76,41,0,0,10114
20200309,22,210,50,60,100,78,40,0,0,10105
20200309,23,210,60,60,110,72,49,0,0,10096
20200309,24,200,70,70,130,66,49,0,0,10072
20200310,1,190,80,80,140,64,48,0,0,10056
20200310,2,190,80,80,130,64,52,0,0,10038
20200310,3,210,70,70,130,68,59,0,0,10028
20200310,4,220,80,80,140,78,68,0,0,10022
20200310,5,230,70,70,130,83,75,0,0,10020
20200310,6,240,60,60,110,95,86,0,0,10021
20200310,7,240,60,50,100,102,93,0,1,10024
20200310,8,230,60,60,110,104,95,0,9,10027
20200310,9,230,60,50,100,105,98,0,17,10030
20200310,10,230,60,60,120,107,99,0,22,10028
20200310,11,240,70,60,130,110,100,0,30,10029
20200310,12,230,70,70,130,110,101,0,29,10029
20200310,13,240,70,80,140,110,100,0,20,10026
20200310,14,230,70,70,130,112,101,0,19,10019
20200310,15,230,80,80,140,116,101,0,18,10022
20200310,16,240,80,80,140,118,101,0,11,10026
20200310,17,240,80,80,160,117,100,0,3,10030
20200310,18,240,80,90,150,118,99,0,0,10034
20200310,19,240,80,80,140,117,98,0,0,10037
20200310,20,240,80,70,140,116,97,0,0,10042
20200310,21,240,80,70,150,115,98,0,0,10049
20200310,22,290,70,70,140,105,96,0,0,10061
20200310,23,270,50,40,120,98,87,0,0,10069
20200310,24,260,50,40,110,95,84,0,0,10074
20200311,1,270,40,40,90,93,84,0,0,10078
20200311,2,270,30,30,80,93,86,0,0,10080
20200311,3,240,20,30,50,96,91,0,0,10082
20200311,4,220,30,30,60,95,88,0,0,10082
20200311,5,240,30,40,60,95,85,0,0,10091
20200311,6,240,30,30,60,94,87,0,0,10093
20200311,7,240,30,40,60,96,87,0,6,10097
20200311,8,250,30,30,70,101,88,0,34,10104
20200311,9,240,40,40,70,109,85,5,71,10109
20200311,10,240,50,50,80,110,76,5,108,10110
20200311,11,250,50,50,80,116,73,9,168,10115
20200311,12,230,50,40,100,125,74,5,145,10112
20200311,13,230,50,60,90,124,74,3,104,10111
20200311,14,230,60,70,120,124,74,6,125,10110
20200311,15,220,60,60,110,120,89,2,72,10105
20200311,16,240,60,60,130,120,84,0,33,10101
20200311,17,230,60,60,120,122,85,5,22,10094
20200311,18,220,60,50,130,120,80,0,3,10087
20200311,19,220,60,50,110,121,84,0,0,10081
20200311,20,220,60,60,110,122,89,0,0,10073
20200311,21,220,60,60,110,113,101,0,0,10065
20200311,22,210,60,70,130,115,107,0,0,10055
20200311,23,240,80,90,160,118,108,0,0,10053
20200311,24,250,80,70,160,107,86,0,0,10051
20200312,1,240,80,70,150,107,86,0,0,10046
20200312,2,230,80,80,170,108,83,0,0,10038
20200312,3,240,80,90,150,107,65,0,0,10036
20200312,4,240,80,80,170,105,66,0,0,10036
20200312,5,250,80,80,190,88,25,0,0,10047
20200312,6,260,70,60,140,84,23,0,0,10055
20200312,7,270,70,90,170,60,15,0,7,10072
20200312,8,260,70,80,150,74,10,3,43,10088
20200312,9,270,80,80,150,79,-8,10,122,10099
20200312,10,260,80,80,150,86,-15,10,168,10106
20200312,11,250,70,90,150,93,-9,10,193,10110
20200312,12,230,80,90,150,95,-2,10,217,10110
20200312,13,240,80,80,160,93,2,7,165,10107
20200312,14,240,80,90,150,96,4,3,77,10099
20200312,15,240,80,90,180,74,24,2,39,10099
20200312,16,230,80,80,140,83,32,8,82,10094
20200312,17,250,70,60,140,85,1,10,46,10092
20200312,18,240,60,70,120,79,29,0,5,10093
20200312,19,230,60,70,120,77,27,0,0,10093
20200312,20,230,60,70,130,72,22,0,0,10092
20200312,21,230,70,70,130,68,29,0,0,10093
20200312,22,240,60,70,120,68,21,0,0,10095
20200312,23,230,60,60,130,67,27,0,0,10095
20200312,24,240,60,70,120,75,24,0,0,10095
20200313,1,240,60,60,120,76,21,0,0,10096
20200313,2,240,70,70,120,75,23,0,0,10096
20200313,3,240,60,60,140,72,28,0,0,10096
20200313,4,250,60,70,140,61,34,0,0,10098
20200313,5,260,60,60,130,67,20,0,0,10106
20200313,6,260,60,60,120,71,23,0,0,10115
20200313,7,260,70,60,130,74,21,0,3,10125
20200313,8,260,60,60,140,71,29,0,18,10136
20200313,9,260,60,70,130,79,31,0,40,10147
20200313,10,260,70,80,140,87,30,5,103,10154
20200313,11,260,70,60,150,75,29,3,94,10164
20200313,12,280,50,50,140,86,41,5,103,10170
20200313,13,260,50,50,130,63,42,0,28,10178
20200313,14,260,40,40,100,64,47,0,37,10186
20200313,15,260,30,30,70,73,51,1,55,10186
20200313,16,260,30,30,80,68,48,3,54,10188
20200313,17,250,20,20,60,72,54,5,28,10191
20200313,18,260,20,20,40,71,52,0,2,10196
20200313,19,230,10,10,30,63,50,0,0,10201
20200313,20,260,20,10,30,64,50,0,0,10206
20200313,21,30,10,10,20,61,50,0,0,10208
20200313,22,210,10,20,30,47,42,0,0,10212
20200313,23,0,10,0,20,34,32,0,0,10212
20200313,24,50,10,10,20,19,16,0,0,10208
20200314,1,180,10,20,30,10,7,0,0,10210
20200314,2,110,10,20,20,10,9,0,0,10208
20200314,3,130,20,10,20,8,6,0,0,10202
20200314,4,120,20,20,30,10,9,0,0,10201
20200314,5,130,20,20,30,15,13,0,0,10201
20200314,6,130,20,20,30,17,16,0,0,10201
20200314,7,140,20,20,30,28,26,5,15,10204
20200314,8,140,30,30,50,45,38,6,60,10202
20200314,9,160,30,30,60,64,47,8,102,10202
20200314,10,160,40,40,60,72,49,0,74,10200
20200314,11,160,40,40,80,89,51,2,124,10195
20200314,12,190,60,60,100,105,37,10,217,10191
20200314,13,170,60,70,110,106,24,9,188,10184
20200314,14,180,60,60,100,108,29,5,123,10179
20200314,15,180,60,60,110,109,24,7,109,10175
20200314,16,180,60,60,110,106,30,4,58,10172
20200314,17,190,50,50,100,102,31,0,16,10172
20200314,18,190,50,50,100,97,36,0,2,10172
20200314,19,180,50,60,90,93,42,0,0,10171
20200314,20,180,60,50,100,89,47,0,0,10170
20200314,21,180,50,40,90,84,49,0,0,10165
20200314,22,180,50,60,100,80,56,0,0,10161
20200314,23,180,60,60,100,81,58,0,0,10157
20200314,24,180,60,60,100,81,59,0,0,10155
20200315,1,180,50,50,100,80,59,0,0,10151
20200315,2,180,50,50,90,80,58,0,0,10146
20200315,3,180,50,50,90,79,59,0,0,10140
20200315,4,180,50,50,80,78,61,0,0,10137
20200315,5,180,50,40,80,79,62,0,0,10135
20200315,6,180,50,50,90,80,64,0,0,10133
20200315,7,170,40,40,70,82,65,0,8,10130
20200315,8,180,50,60,100,88,66,2,32,10131
20200315,9,180,60,60,100,100,70,0,60,10128
20200315,10,190,60,60,100,107,65,0,72,10125
20200315,11,200,70,80,140,105,51,0,33,10121
20200315,12,200,80,70,140,106,50,0,52,10116
20200315,13,200,60,60,110,107,53,0,44,10112
20200315,14,200,60,80,120,107,51,0,28,10110
20200315,15,200,50,60,110,106,54,0,18,10110
20200315,16,210,60,60,100,109,57,0,32,10111
20200315,17,210,50,50,110,111,55,3,21,10111
20200315,18,190,40,30,70,107,54,2,4,10113
20200315,19,170,30,30,60,104,59,0,0,10114
20200315,20,170,30,30,60,103,61,0,0,10113
20200315,21,170,30,20,50,100,63,0,0,10117
20200315,22,180,20,20,40,103,62,0,0,10120
20200315,23,210,20,20,40,99,60,0,0,10119
20200315,24,200,20,20,40,88,56,0,0,10120
20200316,1,210,20,20,30,58,46,0,0,10125
20200316,2,250,20,20,40,64,48,0,0,10129
20200316,3,280,20,10,30,58,47,0,0,10135
20200316,4,270,10,20,30,51,48,0,0,10142
20200316,5,290,10,10,30,42,41,0,0,10154
20200316,6,320,10,10,30,47,43,0,0,10162
20200316,7,300,10,10,20,58,57,3,18,10172
20200316,8,250,10,10,20,87,60,8,64,10183
20200316,9,320,20,30,50,92,60,5,86,10192
20200316,10,340,20,20,40,104,59,7,145,10199
20200316,11,350,20,20,50,108,61,6,174,10205
20200316,12,330,30,30,50,122,45,7,178,10208
20200316,13,300,20,20,50,124,38,10,213,10209
20200316,14,290,30,20,60,121,36,4,130,10214
20200316,15,320,20,20,50,115,51,0,61,10219
20200316,16,320,30,30,60,110,51,5,71,10226
20200316,17,320,30,40,60,100,48,10,55,10230
20200316,18,270,20,10,60,83,44,2,8,10235
20200316,19,270,10,10,20,64,40,0,0,10240
20200316,20,290,10,20,30,56,43,0,0,10245
20200316,21,240,10,10,20,40,33,0,0,10253
20200316,22,270,20,10,30,40,36,0,0,10258
20200316,23,230,20,10,30,29,25,0,0,10258
20200316,24,220,20,20,30,35,30,0,0,10263
20200317,1,200,20,20,30,12,9,0,0,10263
20200317,2,220,20,30,40,41,35,0,0,10266
20200317,3,210,20,30,40,40,34,0,0,10265
20200317,4,210,30,30,50,45,37,0,0,10270
20200317,5,220,30,30,50,48,33,0,0,10274
20200317,6,220,30,30,50,48,33,0,0,10279
20200317,7,210,30,40,60,59,39,7,23,10283
20200317,8,220,40,30,70,75,40,7,70,10288
20200317,9,220,40,40,70,91,38,9,114,10288
20200317,10,220,50,50,90,106,44,10,175,10294
20200317,11,230,60,50,100,113,40,9,193,10295
20200317,12,230,60,60,90,119,28,7,170,10294
20200317,13,230,60,50,100,123,23,8,194,10289
20200317,14,240,60,60,100,125,15,8,168,10288
20200317,15,230,60,60,100,127,25,9,148,10284
20200317,16,220,50,50,90,121,29,5,80,10282
20200317,17,220,50,40,90,118,22,2,26,10281
20200317,18,220,40,40,70,114,20,0,5,10282
20200317,19,210,30,30,60,100,24,0,0,10282
20200317,20,220,30,30,50,95,28,0,0,10284
20200317,21,210,30,30,50,87,34,0,0,10281
20200317,22,210,40,40,70,93,20,0,0,10278
20200317,23,220,40,40,70,86,0,0,0,10273
20200317,24,210,40,40,70,81,-5,0,0,10269
20200318,1,210,40,40,70,76,-11,0,0,10265
20200318,2,210,40,40,80,72,-12,0,0,10262
20200318,3,210,40,40,70,71,-4,0,0,10260
20200318,4,200,40,50,70,69,0,0,0,10255
20200318,5,210,40,40,70,71,2,0,0,10256
20200318,6,210,50,40,80,70,7,0,0,10255
20200318,7,210,50,50,80,81,8,2,18,10256
20200318,8,220,50,60,90,94,12,4,56,10257
20200318,9,240,50,50,100,116,35,8,117,10261
20200318,10,240,60,70,110,122,40,5,131,10262
20200318,11,240,60,60,100,124,41,1,109,10261
20200318,12,230,60,70,110,132,43,7,181,10258
20200318,13,230,60,50,100,132,54,0,97,10258
20200318,14,240,50,50,100,133,73,0,73,10254
20200318,15,240,50,50,110,136,66,0,67,10250
20200318,16,250,40,40,80,135,56,0,33,10245
20200318,17,230,30,30,70,132,61,0,18,10244
20200318,18,250,30,30,60,128,63,0,2,10246
20200318,19,250,20,20,50,121,67,0,0,10247
20200318,20,220,20,20,50,100,63,0,0,10247
20200318,21,220,20,20,30,83,62,0,0,10248
20200318,22,230,20,30,40,107,75,0,0,10248
20200318,23,250,30,30,60,109,71,0,0,10247
20200318,24,240,20,20,40,99,73,0,0,10248
20200319,1,260,20,20,30,98,73,0,0,10247
20200319,2,310,20,20,30,88,76,0,0,10245
20200319,3,290,20,20,40,81,77,0,0,10248
20200319,4,300,10,10,30,80,77,0,0,10247
20200319,5,0,0,0,20,81,78,0,0,10249
20200319,6,990,10,10,30,82,78,0,0,10251
20200319,7,30,20,20,40,80,76,0,6,10256
20200319,8,30,20,30,50,79,75,0,24,10261
20200319,9,50,30,30,50,82,76,0,50,10263
20200319,10,40,30,20,50,89,74,0,66,10266
20200319,11,30,20,20,40,90,72,0,45,10266
20200319,12,30,20,30,40,94,73,0,65,10265
20200319,13,40,30,20,40,96,74,0,45,10263
20200319,14,30,30,40,50,95,69,0,30,10261
20200319,15,20,40,40,70,94,65,0,27,10260
20200319,16,30,40,40,70,91,61,0,18,10259
20200319,17,50,40,40,80,86,60,0,12,10259
20200319,18,50,40,30,70,86,58,0,3,10260
20200319,19,40,30,30,50,85,54,0,0,10262
20200319,20,30,30,30,60,85,48,0,0,10262
20200319,21,20,30,30,50,83,51,0,0,10265
20200319,22,30,30,30,50,81,49,0,0,10264
20200319,23,30,30,30,60,75,40,0,0,10262
20200319,24,30,30,30,70,70,40,0,0,10261
20200320,1,30,30,30,60,67,42,0,0,10260
20200320,2,20,30,30,60,65,41,0,0,10260
20200320,3,30,40,40,70,67,34,0,0,10262
20200320,4,20,40,40,70,66,27,0,0,10261
20200320,5,30,40,40,70,64,28,0,0,10263
20200320,6,20,30,30,60,65,29,0,0,10268
20200320,7,20,40,50,70,64,36,0,4,10272
20200320,8,30,40,50,80,66,36,0,13,10275
20200320,9,30,50,40,90,72,34,0,44,10278
20200320,10,30,50,40,80,74,27,0,40,10281
20200320,11,40,60,60,100,80,23,0,83,10279
20200320,12,30,60,60,90,83,29,0,83,10282
20200320,13,30,60,50,100,87,20,0,61,10279
20200320,14,40,60,70,110,86,20,0,54,10280
20200320,15,30,60,70,130,90,0,0,70,10278
20200320,16,40,60,50,110,73,25,1,36,10279
20200320,17,40,40,50,90,78,12,2,17,10282
20200320,18,30,50,50,100,73,28,0,7,10285
20200320,19,30,50,40,100,64,23,0,0,10289
20200320,20,30,50,50,80,55,16,0,0,10292
20200320,21,30,40,40,80,47,14,0,0,10295
20200320,22,40,40,40,70,39,13,0,0,10297
20200320,23,50,40,50,70,37,15,0,0,10296
20200320,24,40,40,40,70,35,16,0,0,10294
20200321,1,40,50,50,80,33,14,0,0,10291
20200321,2,50,50,50,80,26,10,0,0,10291
20200321,3,50,50,40,80,22,-3,0,0,10293
20200321,4,50,40,40,70,16,-28,0,0,10295
20200321,5,40,50,50,70,9,-39,0,0,10299
20200321,6,50,40,40,70,4,-42,0,2,10302
20200321,7,50,50,50,90,12,-39,8,32,10300
20200321,8,60,60,60,100,30,-29,10,93,10298
20200321,9,60,70,60,110,45,-25,10,150,10295
20200321,10,70,70,70,110,61,-27,10,198,10293
20200321,11,70,70,70,120,76,-14,10,231,10288
20200321,12,90,80,90,130,82,-2,10,246,10285
20200321,13,70,90,80,140,84,2,10,230,10283
20200321,14,70,80,90,150,80,-11,10,178,10281
20200321,15,70,90,80,140,83,-16,10,172,10278
20200321,16,80,90,90,140,81,-22,10,125,10274
20200321,17,80,80,80,130,74,-29,10,66,10274
20200321,18,80,60,60,110,64,-29,3,14,10280
20200321,19,80,60,60,100,57,-33,0,0,10285
20200321,20,80,60,60,100,49,-36,0,0,10291
20200321,21,80,60,60,100,40,-37,0,0,10295
20200321,22,80,60,50,100,35,-40,0,0,10296
20200321,23,80,50,60,90,29,-40,0,0,10297
20200321,24,80,50,60,90,23,-40,0,0,10298
20200322,1,70,50,50,70,17,-40,0,0,10300
20200322,2,80,50,50,70,13,-42,0,0,10297
20200322,3,70,40,40,70,8,-44,0,0,10299
20200322,4,80,40,40,60,0,-46,0,0,10296
20200322,5,70,40,50,70,-1,-48,0,0,10303
20200322,6,70,50,50,80,0,-49,0,2,10310
20200322,7,80,60,60,90,13,-46,10,33,10315
20200322,8,90,70,70,110,28,-40,10,94,10315
20200322,9,100,70,80,120,43,-44,10,153,10314
20200322,10,90,70,60,110,61,-39,10,202,10312
20200322,11,90,80,70,110,75,-42,10,236,10311
20200322,12,90,80,70,120,83,-60,10,252,10307
20200322,13,90,80,80,130,90,-49,10,247,10304
20200322,14,80,80,90,130,90,-46,10,224,10301
20200322,15,100,80,80,130,93,-54,10,184,10299
20200322,16,90,70,70,120,90,-53,10,131,10302
20200322,17,80,60,70,110,81,-51,10,70,10304
20200322,18,80,60,50,100,62,-43,3,16,10308
20200322,19,90,60,50,90,57,-55,0,0,10315
20200322,20,90,60,60,90,50,-64,0,0,10319
20200322,21,90,60,60,100,46,-68,0,0,10322
20200322,22,100,50,60,90,42,-70,0,0,10324
20200322,23,100,60,60,90,38,-69,0,0,10324
20200322,24,110,60,60,100,29,-67,0,0,10324
20200323,1,110,60,60,100,25,-68,0,0,10325
20200323,2,110,60,60,90,20,-68,0,0,10327
20200323,3,110,50,50,80,9,-66,0,0,10327
20200323,4,110,50,50,80,6,-67,0,0,10326
20200323,5,110,50,50,80,2,-68,0,0,10330
20200323,6,110,60,60,80,4,-70,0,3,10333
20200323,7,120,60,70,120,17,-74,10,34,10335
20200323,8,120,80,90,120,26,-72,10,95,10335
20200323,9,120,80,80,130,38,-72,10,154,10336
20200323,10,130,80,80,120,53,-80,10,203,10332
20200323,11,130,70,70,110,70,-69,10,236,10329
20200323,12,140,70,70,120,77,-77,10,252,10327
20200323,13,130,70,70,130,84,-73,10,248,10321
20200323,14,120,70,70,110,92,-77,10,224,10316
20200323,15,130,60,70,110,98,-88,10,184,10312
20200323,16,130,60,60,110,97,-77,10,131,10309
20200323,17,130,60,50,100,92,-95,10,70,10305
20200323,18,130,50,40,100,78,-85,3,17,10307
20200323,19,90,30,30,60,50,-78,0,0,10315
20200323,20,110,30,30,50,35,-65,0,0,10314
20200323,21,110,40,50,60,34,-62,0,0,10312
20200323,22,130,40,40,60,40,-68,0,0,10310
20200323,23,130,50,40,80,36,-66,0,0,10310
20200323,24,130,50,50,70,35,-74,0,0,10311
20200324,1,130,40,50,70,31,-76,0,0,10313
20200324,2,140,50,50,80,28,-76,0,0,10308
20200324,3,140,50,50,80,23,-75,0,0,10309
20200324,4,140,40,40,80,15,-74,0,0,10312
20200324,5,130,30,40,60,8,-76,0,0,10316
20200324,6,130,30,30,50,7,-75,0,2,10319
20200324,7,130,40,40,60,26,-72,10,36,10320
20200324,8,140,40,50,80,42,-65,10,97,10323
20200324,9,140,50,60,90,62,-57,10,154,10320
20200324,10,130,60,60,100,70,-53,10,201,10321
20200324,11,130,60,70,90,80,-49,10,234,10313
20200324,12,140,60,60,100,91,-54,10,249,10307
20200324,13,130,60,70,110,93,-66,10,245,10300
20200324,14,140,70,70,120,102,-60,10,223,10294
20200324,15,140,60,60,100,102,-73,10,183,10292
20200324,16,130,60,60,100,102,-84,10,132,10288
20200324,17,140,50,50,80,97,-88,10,76,10287
20200324,18,130,40,40,70,79,-78,3,16,10287
20200324,19,130,40,30,50,58,-70,0,0,10287
20200324,20,90,30,20,50,48,-74,0,0,10292
20200324,21,80,20,20,30,7,-36,0,0,10292
20200324,22,100,30,30,40,8,-56,0,0,10291
20200324,23,110,30,30,40,7,-62,0,0,10289
20200324,24,80,30,10,40,0,-66,0,0,10287
20200325,1,20,10,20,20,-22,-48,0,0,10288
20200325,2,30,20,10,20,-28,-53,0,0,10287
20200325,3,90,20,20,20,-37,-57,0,0,10285
20200325,4,100,30,30,30,-33,-57,0,0,10287
20200325,5,100,30,30,30,-33,-66,0,0,10290
20200325,6,100,20,20,40,-18,-68,0,3,10292
20200325,7,110,30,30,50,20,-58,10,38,10291
20200325,8,110,30,30,50,45,-72,10,101,10291
20200325,9,130,50,50,80,63,-76,10,159,10288
20200325,10,150,40,40,80,79,-71,10,208,10284
20200325,11,140,30,20,60,96,-65,10,239,10279
20200325,12,100,40,40,80,109,-93,10,255,10273
20200325,13,100,50,50,90,118,-126,10,251,10263
20200325,14,70,50,50,80,124,-103,10,228,10256
20200325,15,70,50,60,90,124,-106,10,187,10251
20200325,16,80,60,60,100,120,-84,10,135,10247
20200325,17,70,60,50,90,108,-81,10,73,10243
20200325,18,70,50,40,90,95,-88,5,20,10243
20200325,19,40,30,30,50,82,-90,0,0,10246
20200325,20,60,30,40,80,70,-63,0,0,10248
20200325,21,60,60,50,90,71,-73,0,0,10250
20200325,22,70,50,50,90,62,-73,0,0,10251
20200325,23,70,50,50,80,54,-68,0,0,10249
20200325,24,80,40,40,70,50,-69,0,0,10248
20200326,1,80,30,30,60,40,-70,0,0,10248
20200326,2,80,30,30,50,32,-75,0,0,10244
20200326,3,70,40,40,60,31,-73,0,0,10241
20200326,4,60,40,40,70,23,-73,0,0,10239
20200326,5,70,50,50,80,20,-74,0,0,10238
20200326,6,70,40,40,60,16,-73,0,4,10242
20200326,7,80,40,40,70,33,-71,10,37,10247
20200326,8,70,50,50,80,53,-70,10,97,10248
20200326,9,80,50,50,90,72,-74,10,152,10247
20200326,10,70,60,60,110,88,-68,10,202,10243
20200326,11,70,70,50,100,98,-72,10,236,10239
20200326,12,80,60,60,100,103,-70,10,246,10236
20200326,13,80,60,60,110,112,-50,10,242,10230
20200326,14,70,60,60,100,111,-56,10,219,10225
20200326,15,80,60,70,110,112,-63,10,180,10222
20200326,16,50,70,70,120,107,-54,10,127,10223
20200326,17,90,60,60,100,101,-55,10,67,10224
20200326,18,80,60,40,100,83,-46,5,17,10226
20200326,19,60,40,30,60,72,-46,0,0,10232
20200326,20,60,30,40,60,66,-46,0,0,10233
20200326,21,50,40,40,70,65,-47,0,0,10233
20200326,22,50,40,40,60,55,-44,0,0,10230
20200326,23,40,40,40,60,47,-43,0,0,10229
20200326,24,40,30,30,50,40,-45,0,0,10229
20200327,1,40,30,30,50,34,-44,0,0,10227
20200327,2,40,30,30,40,27,-39,0,0,10223
20200327,3,40,30,40,60,32,-41,0,0,10222
20200327,4,40,40,40,60,26,-35,0,0,10223
20200327,5,40,40,50,60,25,-37,0,0,10223
20200327,6,30,40,40,70,23,-34,0,3,10225
20200327,7,40,50,50,80,38,-29,10,40,10223
20200327,8,40,50,50,80,56,-27,10,90,10222
20200327,9,50,50,50,90,74,-18,10,144,10221
20200327,10,40,50,50,90,94,-15,10,190,10218
20200327,11,40,50,60,90,109,-1,10,222,10213
20200327,12,40,50,50,90,129,-1,10,234,10208
20200327,13,60,60,60,130,143,0,10,230,10202
20200327,14,30,60,60,100,144,4,10,206,10198
20200327,15,40,60,60,110,153,3,10,168,10196
20200327,16,40,70,60,110,149,6,10,117,10193
20200327,17,40,60,60,100,143,7,10,61,10194
20200327,18,40,60,60,110,131,11,5,15,10200
20200327,19,20,50,40,80,115,22,0,0,10209
20200327,20,20,40,40,70,98,31,0,0,10213
20200327,21,30,40,40,80,87,28,0,0,10217
20200327,22,40,40,40,80,78,24,0,0,10219
20200327,23,30,40,40,80,72,23,0,0,10219
20200327,24,30,40,40,70,67,22,0,0,10219
20200328,1,30,30,40,80,66,19,0,0,10220
20200328,2,30,30,30,70,61,15,0,0,10222
20200328,3,30,40,40,70,56,9,0,0,10222
20200328,4,30,50,40,80,51,4,0,0,10226
20200328,5,30,40,50,80,44,0,0,0,10230
20200328,6,30,40,50,80,43,-4,0,4,10236
20200328,7,30,50,60,90,56,0,10,40,10240
20200328,8,40,60,60,100,71,7,10,92,10247
20200328,9,30,60,60,120,93,3,10,149,10250
20200328,10,30,60,70,110,104,21,10,193,10252
20200328,11,20,70,80,130,111,0,10,225,10254
20200328,12,20,70,60,120,117,25,10,244,10255
20200328,13,20,70,70,110,114,25,10,245,10253
20200328,14,360,70,80,130,109,29,10,219,10254
20200328,15,10,80,90,130,100,20,10,162,10253
20200328,16,360,70,60,140,93,28,9,111,10256
20200328,17,10,70,60,120,82,30,5,42,10258
20200328,18,360,70,70,130,73,23,5,15,10263
20200328,19,10,60,50,120,67,13,0,0,10272
20200328,20,10,60,60,120,63,13,0,0,10277
20200328,21,10,70,70,130,58,-4,0,0,10282
20200328,22,360,60,50,120,53,-25,0,0,10284
20200328,23,20,60,80,150,42,-3,0,0,10284
20200328,24,360,50,40,100,49,-6,0,0,10281
20200329,1,350,40,40,90,53,7,0,0,10279
20200329,2,360,60,60,100,52,11,0,0,10278
20200329,3,350,50,50,120,51,0,0,0,10277
20200329,4,10,40,40,80,51,9,0,0,10280
20200329,5,10,40,40,90,50,-2,0,0,10283
20200329,6,20,40,40,90,50,-12,2,5,10289
20200329,7,20,60,80,130,58,-9,10,44,10298
20200329,8,20,80,90,160,62,-30,10,108,10307
20200329,9,20,100,110,180,55,-44,9,129,10314
20200329,10,10,100,90,180,57,-47,4,113,10317
20200329,11,10,90,100,170,64,-55,8,188,10320
20200329,12,20,100,100,180,67,-56,9,224,10322
20200329,13,30,100,100,170,64,-68,10,223,10325
20200329,14,20,100,100,180,64,-90,10,223,10328
20200329,15,20,90,90,170,62,-91,10,194,10331
20200329,16,30,90,90,150,58,-84,10,141,10335
20200329,17,20,90,80,170,48,-95,10,80,10343
20200329,18,20,80,70,140,37,-92,5,21,10351
20200329,19,20,60,60,120,31,-88,0,0,10358
20200329,20,20,50,50,90,27,-78,0,0,10362
20200329,21,20,40,40,70,24,-61,0,0,10363
20200329,22,20,50,50,80,23,-57,0,0,10363
20200329,23,20,30,30,70,16,-59,0,0,10360
20200329,24,10,20,20,50,9,-63,0,0,10359
20200330,1,320,10,10,30,-22,-56,0,0,10354
20200330,2,330,10,10,30,-29,-56,0,0,10347
20200330,3,300,10,10,30,-27,-45,0,0,10341
20200330,4,330,10,20,30,5,-32,0,0,10339
20200330,5,280,10,10,30,-13,-29,0,0,10333
20200330,6,250,10,10,20,-16,-24,2,5,10328
20200330,7,250,10,10,20,33,-18,10,42,10325
20200330,8,270,10,20,30,48,-16,3,70,10322
20200330,9,260,20,20,40,56,-5,0,57,10317
20200330,10,300,30,30,60,68,17,1,92,10311
20200330,11,330,40,30,60,65,24,2,90,10304
20200330,12,340,30,40,70,86,13,2,137,10298
20200330,13,360,40,40,80,86,10,6,152,10293
20200330,14,360,40,50,90,94,8,4,114,10287
20200330,15,330,40,40,100,78,21,5,106,10284
20200330,16,350,40,30,100,62,38,4,54,10279
20200330,17,340,30,30,120,56,41,2,22,10280
20200330,18,320,20,20,50,54,38,2,9,10278
20200330,19,340,20,20,40,47,34,0,0,10279
20200330,20,340,20,20,40,34,26,0,0,10284
20200330,21,10,20,20,60,44,26,0,0,10286
20200330,22,20,20,20,40,39,19,0,0,10289
20200330,23,20,20,20,40,32,15,0,0,10292
20200330,24,40,30,30,50,28,14,0,0,10296
20200331,1,40,30,30,50,25,12,0,0,10300
20200331,2,40,30,30,40,17,7,0,0,10300
20200331,3,40,30,30,50,11,0,0,0,10304
20200331,4,40,30,40,50,4,-12,0,0,10310
20200331,5,40,40,40,60,1,-25,0,0,10314
20200331,6,40,40,40,60,2,-34,3,8,10320
20200331,7,40,40,40,70,16,-35,10,52,10326
20200331,8,50,40,50,70,32,-34,10,115,10328
20200331,9,50,50,50,90,47,-39,10,173,10328
20200331,10,40,40,40,70,60,-48,10,220,10324
20200331,11,20,30,30,70,72,-51,10,251,10317
20200331,12,50,40,30,70,78,-57,10,265,10316
20200331,13,10,30,30,60,83,-82,10,262,10309
20200331,14,10,30,20,60,86,-71,10,237,10305
20200331,15,20,40,40,80,87,-43,10,196,10299
20200331,16,20,40,40,90,82,-40,10,142,10296
20200331,17,20,40,40,70,74,-35,10,82,10295
20200331,18,360,40,40,60,62,-25,7,25,10295
20200331,19,10,30,20,60,49,-21,0,0,10293
20200331,20,350,30,30,50,40,-19,0,0,10289
20200331,21,10,30,30,40,35,-18,0,0,10285
20200331,22,20,20,20,50,27,-21,0,0,10284
20200331,23,30,20,10,40,3,-31,0,0,10282
20200331,24,10,10,10,20,-12,-27,0,0,10275
20200401,1,350,10,10,20,-21,-31,0,0,10269
20200401,2,0,10,0,10,-26,-35,0,0,10262
20200401,3,0,0,0,10,-29,-38,0,0,10257
20200401,4,320,10,10,10,-35,-42,0,0,10253
20200401,5,310,10,10,10,-36,-45,0,0,10252
20200401,6,0,0,0,10,-19,-26,3,8,10247
20200401,7,0,10,0,10,20,-20,10,52,10245
20200401,8,200,10,10,10,54,-12,9,98,10245
20200401,9,990,10,10,30,61,-9,0,94,10242
20200401,10,290,20,20,50,70,-8,8,179,10236
20200401,11,220,20,20,50,79,-5,8,216,10227
20200401,12,990,20,10,50,90,9,5,181,10218
20200401,13,310,30,40,100,92,1,9,268,10213
20200401,14,300,30,20,70,88,-9,1,118,10207
20200401,15,330,30,30,50,95,-2,8,180,10199
20200401,16,320,30,30,50,81,4,0,52,10195
20200401,17,320,30,30,50,77,-1,0,29,10194
20200401,18,300,30,30,50,67,7,5,13,10192
20200401,19,310,20,20,50,60,9,0,0,10192
20200401,20,310,20,20,50,54,12,0,0,10189
20200401,21,310,10,10,30,50,14,0,0,10188
20200401,22,260,10,10,20,40,15,0,0,10184
20200401,23,990,10,10,20,21,5,0,0,10179
20200401,24,290,10,20,20,7,-3,0,0,10173
20200402,1,170,10,10,20,1,-9,0,0,10171
20200402,2,190,20,20,30,10,3,0,0,10164
20200402,3,210,10,10,30,14,6,0,0,10160
20200402,4,210,10,20,20,12,5,0,0,10157
20200402,5,190,10,10,30,23,12,0,0,10154
20200402,6,210,10,10,20,35,18,0,5,10150
20200402,7,230,20,20,40,55,20,0,29,10150
20200402,8,230,30,40,60,73,20,2,74,10145
20200402,9,240,40,40,60,84,20,8,114,10145
20200402,10,240,40,40,70,90,16,6,127,10139
20200402,11,250,50,50,90,95,12,0,86,10135
20200402,12,250,50,50,100,105,10,4,175,10127
20200402,13,270,50,40,100,102,9,0,80,10124
20200402,14,260,50,50,100,97,19,0,78,10122
20200402,15,240,70,70,110,97,23,6,136,10116
20200402,16,250,60,50,110,101,29,2,74,10112
20200402,17,260,60,50,120,95,34,0,20,10111
20200402,18,240,50,50,100,89,38,0,4,10111
20200402,19,230,50,50,90,86,33,0,0,10108
20200402,20,240,50,50,100,80,45,0,0,10110
20200402,21,240,40,40,80,80,47,0,0,10108
20200402,22,250,40,40,70,82,54,0,0,10110
20200402,23,250,30,30,60,84,58,0,0,10110
20200402,24,280,30,30,50,84,57,0,0,10109
20200403,1,290,20,20,40,80,57,0,0,10112
20200403,2,280,20,20,40,79,56,0,0,10115
20200403,3,290,20,20,50,77,57,0,0,10117
20200403,4,280,20,20,30,75,57,0,0,10122
20200403,5,280,10,10,30,73,56,0,0,10127
20200403,6,270,20,20,30,76,57,0,5,10134
20200403,7,300,10,10,40,80,61,0,32,10139
20200403,8,990,10,10,30,84,52,2,48,10144
20200403,9,350,30,30,70,73,35,0,42,10154
20200403,10,310,20,20,50,82,33,0,72,10159
20200403,11,300,30,50,100,93,22,0,79,10162
20200403,12,290,50,40,100,98,19,4,177,10167
20200403,13,290,50,50,90,91,12,1,86,10172
20200403,14,290,50,50,110,85,5,0,82,10177
20200403,15,300,40,50,100,87,-18,2,112,10180
20200403,16,320,50,50,90,83,-19,8,134,10185
20200403,17,300,40,30,80,85,-4,10,73,10190
20200403,18,290,30,20,70,74,-5,7,31,10194
20200403,19,280,20,10,50,61,2,0,1,10200
20200403,20,260,10,10,30,31,2,0,0,10204
20200403,21,80,10,10,20,15,-4,0,0,10208
20200403,22,150,10,10,10,4,-8,0,0,10211
20200403,23,150,10,20,20,3,-6,0,0,10213
20200403,24,150,20,20,30,-1,-7,0,0,10217
20200404,1,160,20,20,30,-6,-12,0,0,10220
20200404,2,170,20,20,40,0,-12,0,0,10222
20200404,3,160,20,20,40,3,-15,0,0,10221
20200404,4,170,20,20,40,-6,-24,0,0,10223
20200404,5,170,20,20,40,1,-20,0,0,10227
20200404,6,170,20,20,40,13,-11,5,14,10232
20200404,7,150,20,20,40,48,0,8,56,10240
20200404,8,170,20,30,50,74,4,10,119,10243
20200404,9,170,30,30,50,105,4,10,175,10247
20200404,10,170,40,30,70,113,4,10,222,10248
20200404,11,180,40,30,70,126,3,10,252,10245
20200404,12,160,50,40,90,132,-13,10,268,10240
20200404,13,170,60,60,100,133,-22,10,264,10238
20200404,14,140,50,40,100,141,-16,10,242,10237
20200404,15,170,50,50,90,142,-21,10,202,10232
20200404,16,160,40,40,80,142,-22,10,149,10228
20200404,17,130,40,50,70,134,-18,10,89,10229
20200404,18,130,40,40,70,117,-16,7,30,10232
20200404,19,90,30,30,40,85,-10,0,1,10236
20200404,20,90,30,30,40,70,-6,0,0,10237
20200404,21,90,30,20,40,50,-2,0,0,10237
20200404,22,100,20,30,40,50,-12,0,0,10236
20200404,23,100,30,30,40,53,-11,0,0,10235
20200404,24,110,30,20,40,43,-10,0,0,10234
20200405,1,110,20,20,30,37,-10,0,0,10230
20200405,2,120,30,30,50,38,-7,0,0,10228
20200405,3,120,20,20,40,39,-6,0,0,10226
20200405,4,110,30,30,50,31,-5,0,0,10225
20200405,5,110,30,30,40,28,-7,0,0,10225
20200405,6,110,30,30,50,51,2,5,12,10225
20200405,7,130,40,40,80,91,14,10,59,10226
20200405,8,140,50,50,80,110,15,10,118,10224
20200405,9,140,50,60,100,132,15,10,176,10221
20200405,10,130,60,70,100,158,15,10,223,10213
20200405,11,140,70,80,110,173,14,10,255,10204
20200405,12,140,70,60,120,185,19,10,271,10195
20200405,13,130,80,60,130,185,21,10,265,10191
20200405,14,130,80,70,130,192,20,10,240,10185
20200405,15,130,70,70,120,193,13,10,200,10178
20200405,16,130,70,70,130,190,9,10,149,10171
20200405,17,130,70,60,120,185,1,10,89,10170
20200405,18,130,60,60,100,177,-10,8,31,10168
20200405,19,130,50,50,80,159,-5,0,1,10169
20200405,20,130,50,50,80,153,2,0,0,10168
20200405,21,130,50,50,90,143,6,0,0,10164
20200405,22,130,50,40,80,136,7,0,0,10161
20200405,23,140,40,40,70,124,9,0,0,10162
20200405,24,140,40,40,70,123,9,0,0,10161
20200406,1,150,40,40,70,115,9,0,0,10159
20200406,2,150,40,40,60,104,12,0,0,10156
20200406,3,150,40,40,70,102,10,0,0,10154
20200406,4,160,40,40,70,93,12,0,0,10154
20200406,5,150,40,40,60,88,13,0,0,10157
20200406,6,150,40,40,60,96,17,5,14,10161
20200406,7,160,40,40,60,115,27,10,62,10164
20200406,8,170,30,30,60,145,47,10,122,10167
20200406,9,180,40,50,70,166,47,10,176,10172
20200406,10,170,50,50,80,186,51,10,220,10176
20200406,11,200,50,50,80,200,49,10,250,10179
20200406,12,180,40,50,80,214,55,10,263,10179
20200406,13,200,50,60,90,222,44,10,257,10184
20200406,14,220,50,50,100,222,48,7,199,10187
20200406,15,290,50,40,90,196,67,6,141,10197
20200406,16,280,50,50,90,171,65,3,75,10207
20200406,17,260,50,50,110,156,98,0,16,10216
20200406,18,260,40,40,100,140,110,0,3,10225
20200406,19,280,30,40,60,136,103,0,2,10235
20200406,20,260,30,30,70,131,86,0,0,10246
20200406,21,250,20,20,60,119,87,0,0,10252
20200406,22,260,30,30,60,120,79,0,0,10259
20200406,23,250,20,20,50,99,72,0,0,10266
20200406,24,270,20,10,30,84,69,0,0,10275
20200407,1,230,10,10,20,61,55,0,0,10279
20200407,2,0,10,0,10,48,47,0,0,10284
20200407,3,0,0,0,10,36,35,0,0,10291
20200407,4,990,10,10,10,34,32,0,0,10296
20200407,5,0,10,0,20,27,23,0,0,10302
20200407,6,990,0,10,10,39,36,5,14,10308
20200407,7,90,10,10,20,91,60,10,63,10315
20200407,8,120,20,20,40,131,60,10,125,10320
20200407,9,110,30,40,50,149,60,10,179,10323
20200407,10,90,40,40,60,158,58,10,224,10324
20200407,11,90,40,40,70,173,50,10,254,10319
20200407,12,80,40,40,70,178,47,10,270,10314
20200407,13,100,40,40,70,186,42,9,245,10308
20200407,14,80,40,40,110,187,45,10,240,10303
20200407,15,90,40,40,80,191,45,10,199,10295
20200407,16,100,40,40,80,188,45,10,143,10293
20200407,17,140,40,40,70,180,54,10,83,10290
20200407,18,100,30,30,70,156,56,8,26,10287
20200407,19,70,30,30,50,147,52,0,1,10289
20200407,20,70,30,20,40,121,58,0,0,10290
20200407,21,80,30,30,40,108,56,0,0,10287
20200407,22,70,30,30,50,120,55,0,0,10283
20200407,23,70,30,20,40,109,51,0,0,10282
20200407,24,80,20,20,30,99,52,0,0,10278
20200408,1,80,20,20,20,86,51,0,0,10273
20200408,2,90,20,20,20,75,50,0,0,10268
20200408,3,70,10,10,20,67,51,0,0,10264
20200408,4,80,10,10,20,60,49,0,0,10259
20200408,5,60,10,10,10,55,46,0,0,10257
20200408,6,50,10,10,10,69,57,0,12,10260
20200408,7,90,10,10,10,115,71,3,53,10259
20200408,8,120,10,20,30,152,83,9,109,10256
20200408,9,140,10,20,30,176,85,10,167,10254
20200408,10,190,10,10,20,201,85,10,211,10251
20200408,11,990,10,10,30,217,98,10,245,10245
20200408,12,30,10,10,30,225,83,10,255,10242
20200408,13,170,10,30,50,235,67,10,261,10238
20200408,14,190,20,20,50,239,70,10,230,10233
20200408,15,990,20,10,40,245,63,10,181,10228
20200408,16,330,30,40,50,218,98,10,136,10226
20200408,17,330,30,30,60,206,96,10,78,10228
20200408,18,40,30,30,50,184,84,8,27,10229
20200408,19,20,30,30,60,166,90,0,1,10233
20200408,20,360,30,30,60,153,94,0,0,10237
20200408,21,20,20,20,50,140,93,0,0,10237
20200408,22,350,20,20,40,121,90,0,0,10239
20200408,23,30,20,10,30,95,77,0,0,10238
20200408,24,340,10,20,30,98,83,0,0,10241
20200409,1,350,20,10,30,83,74,0,0,10239
20200409,2,350,10,10,20,73,67,0,0,10237
20200409,3,360,20,20,40,85,72,0,0,10241
20200409,4,350,10,10,20,65,60,0,0,10244
20200409,5,10,10,10,20,64,60,0,0,10246
20200409,6,40,10,10,30,90,70,0,10,10253
20200409,7,50,20,20,30,115,67,5,47,10256
20200409,8,110,20,20,30,136,70,0,68,10259
20200409,9,100,20,30,50,168,68,7,151,10261
20200409,10,80,30,30,60,182,57,10,223,10262
20200409,11,20,40,40,80,188,52,10,251,10263
20200409,12,30,40,40,80,196,63,10,266,10261
20200409,13,30,40,40,80,199,59,10,259,10260
20200409,14,10,40,40,90,196,55,10,234,10261
20200409,15,10,40,40,90,194,67,10,196,10258
20200409,16,40,50,50,80,185,63,10,147,10257
20200409,17,30,40,30,70,179,54,10,94,10260
20200409,18,30,40,40,70,157,49,8,33,10263
20200409,19,10,30,30,60,139,48,0,2,10269
20200409,20,10,20,20,50,127,62,0,0,10272
20200409,21,30,20,30,50,115,75,0,0,10275
20200409,22,40,40,40,60,103,69,0,0,10276
20200409,23,40,40,30,80,89,54,0,0,10277
20200409,24,60,20,20,50,74,44,0,0,10277
20200410,1,40,20,20,40,69,39,0,0,10277
20200410,2,60,20,10,40,56,35,0,0,10276
20200410,3,50,20,20,40,54,25,0,0,10276
20200410,4,30,20,20,40,49,17,0,0,10276
20200410,5,30,20,20,40,46,18,0,0,10278
20200410,6,60,20,30,40,52,28,7,18,10282
20200410,7,60,30,20,50,75,38,10,70,10282
20200410,8,70,30,20,40,99,42,10,126,10280
20200410,9,40,30,30,50,122,44,10,186,10280
20200410,10,50,30,30,50,141,40,10,226,10278
20200410,11,40,20,20,60,165,50,10,256,10275
20200410,12,20,30,30,60,172,38,10,271,10271
20200410,13,10,30,30,50,177,41,10,262,10265
20200410,14,10,30,40,60,180,41,10,227,10260
20200410,15,40,40,40,60,178,39,10,180,10257
20200410,16,40,40,40,60,176,24,10,141,10254
20200410,17,40,40,40,60,169,25,10,87,10253
20200410,18,30,40,40,70,150,21,8,29,10257
20200410,19,40,30,40,60,133,27,0,2,10260
20200410,20,60,30,20,60,111,25,0,0,10263
20200410,21,60,20,20,40,102,14,0,0,10265
20200410,22,50,20,20,30,101,0,0,0,10264
20200410,23,80,30,30,50,95,3,0,0,10262
20200410,24,80,30,30,50,85,6,0,0,10262
20200411,1,90,30,30,50,79,4,0,0,10260
20200411,2,100,30,20,40,63,6,0,0,10259
20200411,3,70,20,20,40,54,5,0,0,10258
20200411,4,90,20,20,30,44,5,0,0,10257
20200411,5,80,20,20,30,43,0,0,0,10256
20200411,6,80,20,30,40,63,4,5,19,10258
20200411,7,90,30,30,50,92,13,10,70,10258
20200411,8,100,30,30,50,120,9,10,134,10256
20200411,9,100,20,20,50,141,-10,10,189,10257
20200411,10,90,20,20,50,168,0,10,233,10251
20200411,11,90,20,20,50,178,-8,10,264,10243
20200411,12,100,20,20,50,200,-30,10,277,10236
20200411,13,990,20,10,50,209,-47,10,272,10229
20200411,14,160,20,30,50,210,-11,10,246,10222
20200411,15,200,30,30,50,207,-41,10,203,10217
20200411,16,990,20,10,40,205,0,10,154,10215
20200411,17,310,20,20,40,191,34,10,92,10211
20200411,18,330,20,20,30,175,44,10,33,10209
20200411,19,330,20,10,30,129,55,0,3,10208
20200411,20,0,0,0,10,94,62,0,0,10207
20200411,21,0,0,0,10,78,58,0,0,10204
20200411,22,0,0,0,10,70,54,0,0,10203
20200411,23,0,0,0,10,55,43,0,0,10200
20200411,24,0,0,0,10,53,39,0,0,10195
20200412,1,0,0,0,10,47,39,0,0,10188
20200412,2,330,10,10,10,41,35,0,0,10179
20200412,3,150,10,10,20,37,32,0,0,10176
20200412,4,110,10,10,20,33,29,0,0,10175
20200412,5,150,10,10,20,36,30,0,0,10170
20200412,6,140,10,20,20,56,35,7,20,10170
20200412,7,0,10,0,20,112,35,10,71,10169
20200412,8,230,10,20,30,160,38,9,117,10166
20200412,9,200,20,20,40,186,51,10,178,10160
20200412,10,200,20,20,50,200,47,10,226,10155
20200412,11,190,30,30,60,214,46,10,280,10150
20200412,12,200,40,50,70,217,40,10,253,10142
20200412,13,230,40,40,70,224,62,10,254,10138
20200412,14,250,40,40,70,222,67,6,186,10134
20200412,15,150,30,10,80,203,95,0,56,10131
20200412,16,990,20,10,60,202,91,0,67,10128
20200412,17,350,20,20,30,198,67,1,51,10127
20200412,18,320,20,20,40,189,64,8,30,10126
20200412,19,320,10,10,30,161,56,0,3,10128
20200412,20,140,10,10,30,126,75,0,0,10132
20200412,21,360,20,10,70,140,76,0,0,10139
20200412,22,360,20,30,40,128,79,0,0,10144
20200412,23,10,30,40,60,123,82,0,0,10150
20200412,24,10,40,40,80,111,77,0,0,10160
20200413,1,20,60,50,110,99,50,0,0,10166
20200413,2,10,60,50,110,88,41,0,0,10172
20200413,3,20,70,70,120,85,43,0,0,10177
20200413,4,20,70,70,120,82,33,0,0,10188
20200413,5,20,60,70,120,79,18,0,0,10199
20200413,6,30,60,60,150,71,0,0,4,10212
20200413,7,40,60,60,120,69,-11,0,25,10224
20200413,8,20,60,60,120,74,-17,1,63,10228
20200413,9,360,70,70,130,78,-28,5,152,10238
20200413,10,10,70,80,130,78,-17,0,110,10244
20200413,11,20,70,60,130,88,-23,3,177,10249
20200413,12,10,70,80,140,92,-28,7,230,10249
20200413,13,10,70,60,130,93,-39,7,233,10252
20200413,14,360,70,70,120,92,-27,10,257,10250
20200413,15,10,60,60,110,88,-39,10,217,10251
20200413,16,20,60,70,120,85,-29,10,167,10253
20200413,17,10,70,70,120,77,-34,10,100,10254
20200413,18,10,60,60,120,72,-23,5,22,10254
20200413,19,10,50,40,100,68,-24,0,2,10258
20200413,20,360,40,30,100,64,-2,0,0,10264
20200413,21,20,40,40,100,59,-2,0,0,10267
20200413,22,340,30,30,90,62,-12,0,0,10267
20200413,23,350,30,40,80,64,-22,0,0,10269
20200413,24,340,40,20,90,58,-6,0,0,10268
20200414,1,350,30,40,60,57,-9,0,0,10271
20200414,2,340,20,30,70,54,-4,0,0,10269
20200414,3,350,30,30,60,51,-4,0,0,10268
20200414,4,340,20,20,50,53,-5,0,0,10271
20200414,5,350,20,20,40,53,-5,0,0,10270
20200414,6,340,20,30,50,57,-2,0,12,10274
20200414,7,10,30,30,70,58,9,0,32,10276
20200414,8,20,30,30,60,60,10,1,57,10281
20200414,9,340,30,30,50,72,3,1,84,10280
20200414,10,10,30,40,60,73,-2,0,65,10283
20200414,11,50,30,20,50,80,11,0,97,10280
20200414,12,10,30,30,100,87,0,0,115,10281
20200414,13,320,30,30,60,94,-7,1,145,10278
20200414,14,340,40,40,70,89,-4,1,128,10276
20200414,15,350,30,30,60,90,-2,0,87,10273
20200414,16,350,30,30,50,100,4,5,114,10271
20200414,17,30,20,20,50,92,9,8,82,10272
20200414,18,320,30,20,50,83,1,10,38,10271
20200414,19,50,20,10,40,59,6,0,2,10270
20200414,20,350,10,10,20,36,6,0,0,10275
20200414,21,360,10,10,20,23,8,0,0,10271
20200414,22,350,10,10,20,12,3,0,0,10270
20200414,23,0,10,0,20,7,2,0,0,10269
20200414,24,0,0,0,10,6,-1,0,0,10267
20200415,1,0,0,0,10,1,-4,0,0,10263
20200415,2,10,0,10,10,-5,-9,0,0,10260
20200415,3,110,10,10,20,-5,-10,0,0,10261
20200415,4,160,10,10,10,-9,-11,0,0,10257
20200415,5,160,10,10,10,-9,-14,0,1,10258
20200415,6,110,10,10,10,17,11,7,24,10260
20200415,7,210,10,20,30,62,15,10,78,10260
20200415,8,200,30,30,40,84,14,10,138,10258
20200415,9,170,20,20,40,99,15,10,193,10258
20200415,10,990,20,10,40,114,8,10,236,10254
20200415,11,140,20,20,50,124,16,10,266,10247
20200415,12,170,20,20,60,137,5,10,279,10243
20200415,13,100,20,20,40,146,13,10,275,10235
20200415,14,90,10,20,30,153,19,10,244,10228
20200415,15,210,20,20,40,165,29,10,210,10224
20200415,16,110,10,20,50,164,33,10,160,10217
20200415,17,170,10,10,30,157,39,8,70,10212
20200415,18,360,20,20,30,145,38,10,29,10206
20200415,19,20,20,20,40,124,27,0,3,10210
20200415,20,20,20,20,40,107,43,0,0,10211
20200415,21,50,20,20,30,87,44,0,0,10206
20200415,22,40,10,20,30,79,38,0,0,10205
20200415,23,60,10,10,20,54,39,0,0,10197
20200415,24,80,20,20,20,46,34,0,0,10192
20200416,1,110,20,10,30,51,30,0,0,10188
20200416,2,360,10,20,20,41,24,0,0,10187
20200416,3,40,20,20,30,50,24,0,0,10182
20200416,4,50,20,20,40,55,30,0,0,10176
20200416,5,50,20,20,30,54,30,0,1,10174
20200416,6,60,20,20,30,71,39,8,27,10174
20200416,7,60,10,20,20,95,40,5,60,10175
20200416,8,50,20,30,40,121,41,10,139,10173
20200416,9,50,30,20,50,148,49,8,173,10173
20200416,10,70,20,20,40,169,43,10,239,10168
20200416,11,80,30,40,50,186,44,10,267,10164
20200416,12,70,30,30,60,194,46,10,278,10162
20200416,13,90,20,20,50,205,36,10,272,10160
20200416,14,210,20,20,40,214,32,10,241,10155
20200416,15,290,20,40,80,211,72,10,196,10155
20200416,16,310,40,40,60,190,78,10,139,10156
20200416,17,340,30,30,60,184,62,10,73,10155
20200416,18,360,30,30,60,168,53,8,23,10157
20200416,19,350,20,20,50,147,53,0,3,10161
20200416,20,40,40,50,80,137,73,0,0,10166
20200416,21,40,60,60,120,120,64,0,0,10173
20200416,22,50,50,40,100,109,60,0,0,10179
20200416,23,50,40,40,70,99,53,0,0,10183
20200416,24,40,30,30,60,91,42,0,0,10184
20200417,1,50,40,40,60,84,41,0,0,10184
20200417,2,40,50,50,80,76,30,0,0,10184
20200417,3,40,40,30,70,67,16,0,0,10187
20200417,4,40,40,30,70,62,20,0,0,10187
20200417,5,40,40,40,70,57,27,0,1,10191
20200417,6,50,50,50,80,66,35,8,28,10195
20200417,7,60,50,70,90,78,35,5,70,10198
20200417,8,60,50,40,90,94,37,10,133,10196
20200417,9,60,50,50,80,110,37,10,191,10189
20200417,10,50,40,40,80,128,40,10,236,10186
20200417,11,50,40,40,80,137,42,10,264,10183
20200417,12,40,40,50,80,145,42,10,276,10179
20200417,13,50,50,60,90,157,45,10,269,10175
20200417,14,60,50,50,90,163,40,10,247,10172
20200417,15,40,40,40,70,167,36,10,210,10167
20200417,16,30,50,50,80,166,28,10,151,10162
20200417,17,40,50,50,80,156,27,10,98,10163
20200417,18,40,50,50,80,143,25,10,41,10162
20200417,19,40,40,40,70,129,30,0,5,10163
20200417,20,40,40,30,60,112,41,0,0,10169
20200417,21,30,30,30,60,98,40,0,0,10169
20200417,22,40,30,40,60,83,37,0,0,10169
20200417,23,30,30,30,60,73,34,0,0,10170
20200417,24,40,40,50,80,66,28,0,0,10169
20200418,1,40,40,30,80,59,26,0,0,10166
20200418,2,40,30,30,50,54,26,0,0,10164
20200418,3,50,40,30,60,51,25,0,0,10159
20200418,4,30,30,30,50,54,28,0,0,10158
20200418,5,30,30,30,50,60,31,0,2,10159
20200418,6,40,40,40,70,68,38,5,24,10162
20200418,7,50,30,20,60,88,45,4,68,10164
20200418,8,40,30,40,60,108,44,7,116,10160
20200418,9,50,40,40,70,144,42,9,197,10159
20200418,10,60,30,20,60,148,49,3,147,10160
20200418,11,30,20,20,30,156,46,0,74,10159
20200418,12,200,10,30,40,143,82,0,55,10161
20200418,13,240,20,20,40,153,76,0,80,10163
20200418,14,330,30,30,50,130,92,0,43,10160
20200418,15,280,20,10,50,130,96,0,43,10162
20200418,16,270,10,10,30,134,91,0,43,10163
20200418,17,280,10,10,20,134,93,0,11,10164
20200418,18,270,20,20,40,125,94,0,3,10164
20200418,19,300,20,20,40,124,92,0,0,10163
20200418,20,270,20,20,50,122,94,0,0,10168
20200418,21,290,20,20,40,119,93,0,0,10167
20200418,22,330,20,20,40,118,91,0,0,10167
20200418,23,350,20,20,40,118,74,0,0,10167
20200418,24,360,20,20,30,115,67,0,0,10168
20200419,1,360,20,20,40,105,64,0,0,10169
20200419,2,20,20,20,30,105,49,0,0,10171
20200419,3,20,20,30,50,103,27,0,0,10176
20200419,4,30,30,20,50,92,15,0,0,10178
20200419,5,40,30,30,60,75,3,0,2,10184
20200419,6,40,30,40,60,75,1,8,30,10193
20200419,7,50,30,30,70,87,6,10,84,10192
20200419,8,40,50,40,80,99,6,10,147,10194
20200419,9,40,40,50,80,120,15,10,206,10195
20200419,10,60,60,80,120,141,2,10,250,10199
20200419,11,70,70,60,110,152,6,10,279,10197
20200419,12,60,70,70,110,162,-3,10,291,10195
20200419,13,90,70,60,110,168,-4,10,286,10193
20200419,14,80,60,60,100,173,-4,10,262,10189
20200419,15,70,60,60,110,175,-4,10,223,10185
20200419,16,60,60,60,100,171,-27,10,172,10183
20200419,17,80,60,70,100,164,-34,10,112,10187
20200419,18,70,60,60,110,154,-26,10,49,10192
20200419,19,70,40,30,100,133,-20,2,8,10196
20200419,20,60,40,40,60,123,-22,0,0,10201
20200419,21,60,50,50,80,119,-25,0,0,10204
20200419,22,60,50,60,100,118,-28,0,0,10207
20200419,23,60,50,50,90,102,-24,0,0,10210
20200419,24,60,50,50,90,95,-23,0,0,10211
20200420,1,60,50,50,90,86,-27,0,0,10211
20200420,2,60,60,50,100,80,-32,0,0,10211
20200420,3,70,50,50,90,71,-33,0,0,10210
20200420,4,70,50,50,80,68,-33,0,0,10208
20200420,5,50,40,40,80,59,-31,0,3,10212
20200420,6,60,50,50,90,70,-23,10,35,10212
20200420,7,60,60,70,120,90,-20,10,92,10213
20200420,8,70,70,80,120,115,-7,10,155,10210
20200420,9,70,80,90,120,129,-15,10,210,10208
20200420,10,80,80,70,140,149,0,10,255,10204
20200420,11,80,70,70,120,160,5,10,285,10198
20200420,12,80,80,80,120,167,-6,10,296,10195
20200420,13,70,80,80,130,173,-11,10,288,10189
20200420,14,70,90,90,160,175,-18,10,264,10181
20200420,15,80,90,80,150,179,0,10,223,10175
20200420,16,80,100,110,150,173,-2,10,169,10174
20200420,17,80,90,100,150,168,-3,10,110,10173
20200420,18,80,90,90,170,158,-13,10,49,10178
20200420,19,80,80,80,150,146,-10,2,8,10184
20200420,20,70,70,60,130,137,-9,0,0,10189
20200420,21,70,60,70,110,133,-13,0,0,10193
20200420,22,80,60,60,110,123,-10,0,0,10194
20200420,23,80,70,70,110,119,-9,0,0,10194
20200420,24,80,60,60,110,110,-7,0,0,10193
20200421,1,80,60,60,110,107,-12,0,0,10192
20200421,2,70,60,70,110,101,-14,0,0,10190
20200421,3,80,70,70,120,95,-13,0,0,10191
20200421,4,70,70,70,110,92,-14,0,0,10189
20200421,5,70,70,70,130,87,-9,0,3,10192
20200421,6,70,70,80,120,92,-1,10,38,10196
20200421,7,80,70,70,110,106,6,10,95,10196
20200421,8,70,80,80,130,120,7,10,156,10198
20200421,9,80,90,80,140,143,10,10,211,10193
20200421,10,80,100,100,150,153,0,10,255,10189
20200421,11,70,90,100,160,164,-2,10,284,10185
20200421,12,70,90,90,160,177,7,10,294,10184
20200421,13,70,90,100,160,178,7,10,285,10180
20200421,14,80,100,100,150,179,6,10,261,10178
20200421,15,70,90,90,150,184,19,10,223,10176
20200421,16,80,90,90,150,183,12,10,171,10171
20200421,17,70,80,80,140,180,11,10,111,10173
20200421,18,80,70,70,130,168,12,10,49,10176
20200421,19,80,60,50,120,157,9,2,8,10183
20200421,20,80,50,50,100,142,16,0,0,10189
20200421,21,80,60,70,110,140,14,0,0,10191
20200421,22,80,60,60,90,131,13,0,0,10195
20200421,23,70,50,50,90,125,13,0,0,10199
20200421,24,80,50,50,100,121,13,0,0,10200
20200422,1,70,50,40,90,111,13,0,0,10201
20200422,2,80,50,50,90,106,13,0,0,10203
20200422,3,80,50,50,80,100,13,0,0,10204
20200422,4,80,60,60,100,99,10,0,0,10205
20200422,5,80,60,60,100,99,9,0,3,10210
20200422,6,80,60,60,100,106,11,10,38,10213
20200422,7,80,60,70,120,118,15,10,95,10215
20200422,8,80,60,70,110,136,22,10,157,10215
20200422,9,70,60,60,100,158,26,10,212,10215
20200422,10,80,70,60,120,176,19,10,255,10212
20200422,11,70,70,60,120,182,8,10,284,10210
20200422,12,70,70,70,110,191,11,10,295,10207
20200422,13,70,70,80,120,204,26,10,288,10204
20200422,14,90,70,70,130,208,17,10,265,10199
20200422,15,90,60,60,120,211,20,10,225,10195
20200422,16,60,70,70,110,206,14,10,173,10193
20200422,17,80,70,80,120,200,5,10,113,10193
20200422,18,80,70,60,110,187,13,10,51,10194
20200422,19,70,50,40,90,173,15,2,9,10200
20200422,20,70,40,40,70,157,19,0,0,10205
20200422,21,60,40,40,60,147,20,0,0,10208
20200422,22,60,30,30,60,130,24,0,0,10209
20200422,23,70,30,30,50,122,26,0,0,10212
20200422,24,80,30,40,50,114,26,0,0,10212
20200423,1,80,40,40,60,111,26,0,0,10211
20200423,2,80,30,30,60,102,25,0,0,10210
20200423,3,80,30,40,50,96,24,0,0,10211
20200423,4,70,30,30,60,94,23,0,0,10211
20200423,5,80,30,30,50,88,25,2,4,10212
20200423,6,90,30,30,50,110,31,10,39,10214
20200423,7,100,30,30,50,132,35,10,95,10212
20200423,8,110,30,30,50,158,34,10,156,10210
20200423,9,120,30,30,50,183,31,10,210,10207
20200423,10,150,30,30,50,197,33,10,253,10204
20200423,11,160,30,40,60,212,22,10,280,10199
20200423,12,160,40,30,70,213,7,10,291,10195
20200423,13,160,30,30,70,216,31,10,282,10189
20200423,14,160,30,20,60,227,43,10,255,10183
20200423,15,990,20,10,50,229,25,10,218,10177
20200423,16,320,20,20,50,223,41,10,171,10172
20200423,17,340,30,40,60,213,30,10,107,10168
20200423,18,340,30,30,60,198,29,10,48,10167
20200423,19,20,20,30,40,183,34,2,7,10167
20200423,20,30,20,30,40,159,43,0,0,10167
20200423,21,20,30,20,50,146,57,0,0,10164
20200423,22,350,20,20,30,110,68,0,0,10161
20200423,23,340,20,20,30,117,74,0,0,10158
20200423,24,350,10,10,30,83,66,0,0,10152
20200424,1,350,10,10,20,77,65,0,0,10146
20200424,2,330,20,20,40,91,76,0,0,10144
20200424,3,330,20,20,30,82,71,0,0,10142
20200424,4,340,20,20,40,93,81,0,0,10141
20200424,5,330,20,20,30,85,78,0,3,10141
20200424,6,350,20,20,30,104,78,5,35,10143
20200424,7,360,30,30,50,124,66,7,76,10145
20200424,8,360,30,40,60,146,45,8,141,10147
20200424,9,340,30,30,60,158,56,7,179,10147
20200424,10,330,40,50,80,162,47,9,245,10148
20200424,11,360,50,60,90,165,8,10,279,10147
20200424,12,330,50,50,90,177,13,10,291,10144
20200424,13,320,50,40,80,176,12,10,288,10142
20200424,14,330,50,40,80,177,8,10,266,10139
20200424,15,330,40,40,80,174,36,9,202,10136
20200424,16,350,50,50,90,163,42,10,169,10136
20200424,17,360,50,40,80,156,55,10,116,10136
20200424,18,360,50,50,90,126,66,10,54,10137
20200424,19,20,40,40,80,98,62,3,10,10143
20200424,20,360,40,30,80,87,56,0,0,10147
20200424,21,350,30,30,70,91,53,0,0,10148
20200424,22,10,40,30,80,91,48,0,0,10148
20200424,23,360,40,40,90,89,46,0,0,10152
20200424,24,360,30,30,70,91,45,0,0,10150
20200425,1,10,30,30,60,92,47,0,0,10149
20200425,2,360,30,30,60,89,50,0,0,10149
20200425,3,360,30,30,60,89,32,0,0,10149
20200425,4,20,30,30,60,87,19,0,0,10149
20200425,5,320,20,10,60,83,36,0,1,10150
20200425,6,350,10,20,30,87,35,0,9,10154
20200425,7,340,20,20,30,90,36,0,28,10156
20200425,8,80,20,20,30,96,35,0,54,10158
20200425,9,350,20,20,40,101,35,0,74,10161
20200425,10,10,20,20,40,109,35,0,82,10160
20200425,11,990,20,10,70,128,34,3,184,10155
20200425,12,340,30,40,60,120,37,2,162,10153
20200425,13,310,40,40,70,125,33,6,246,10148
20200425,14,320,40,40,70,136,35,10,282,10141
20200425,15,340,40,40,90,135,33,10,234,10138
20200425,16,320,40,30,80,134,37,10,179,10134
20200425,17,340,40,40,70,125,39,10,119,10132
20200425,18,330,40,30,70,115,37,10,56,10133
20200425,19,360,30,30,70,100,40,3,11,10134
20200425,20,10,30,30,60,88,42,0,0,10138
20200425,21,10,30,20,50,78,41,0,0,10137
20200425,22,10,20,20,40,70,40,0,0,10138
20200425,23,50,20,20,30,49,38,0,0,10140
20200425,24,30,10,10,30,35,26,0,0,10138
20200426,1,20,10,10,20,25,20,0,0,10137
20200426,2,10,10,10,20,19,11,0,0,10137
20200426,3,40,10,10,10,12,7,0,0,10134
20200426,4,50,10,10,10,7,4,0,0,10131
20200426,5,40,10,10,10,13,13,2,5,10132
20200426,6,40,10,10,10,53,30,10,42,10135
20200426,7,40,10,10,20,82,35,10,96,10134
20200426,8,40,20,20,50,96,39,9,150,10135
20200426,9,290,20,20,50,107,40,6,178,10136
20200426,10,990,20,10,50,117,46,9,249,10134
20200426,11,280,20,20,50,127,39,10,288,10130
20200426,12,340,20,20,60,134,35,10,298,10125
20200426,13,260,20,20,40,149,27,10,293,10120
20200426,14,990,20,10,50,164,48,10,269,10114
20200426,15,320,20,30,50,163,40,10,229,10111
20200426,16,290,30,30,50,165,53,10,177,10107
20200426,17,310,30,30,50,161,49,10,118,10104
20200426,18,340,20,20,50,149,60,10,57,10104
20200426,19,340,20,20,40,128,67,3,11,10106
20200426,20,0,10,0,20,87,62,0,0,10107
20200426,21,20,10,10,10,67,56,0,0,10107
20200426,22,20,0,10,10,57,50,0,0,10107
20200426,23,20,0,10,10,47,41,0,0,10105
20200426,24,150,10,10,20,37,35,0,0,10100
20200427,1,170,10,10,10,33,31,0,0,10098
20200427,2,20,10,10,10,21,18,0,0,10096
20200427,3,100,10,10,10,16,13,0,0,10092
20200427,4,130,10,10,20,18,16,0,0,10087
20200427,5,130,10,10,20,40,35,0,5,10086
20200427,6,150,10,10,20,70,61,3,29,10085
20200427,7,170,10,10,20,105,59,7,87,10084
20200427,8,190,20,20,40,135,61,10,156,10083
20200427,9,210,30,30,50,163,54,10,207,10079
20200427,10,200,30,40,60,176,46,10,251,10076
20200427,11,200,40,40,90,185,52,10,277,10073
20200427,12,250,40,40,80,192,28,10,288,10069
20200427,13,250,40,50,80,195,6,9,275,10068
20200427,14,250,40,40,80,203,26,10,262,10065
20200427,15,270,40,40,80,206,15,9,205,10063
20200427,16,280,40,40,70,194,39,10,161,10062
20200427,17,310,30,40,60,177,53,9,95,10062
20200427,18,310,30,40,60,153,46,5,40,10063
20200427,19,310,20,20,40,141,53,3,6,10065
20200427,20,350,20,30,50,128,76,0,0,10068
20200427,21,360,20,10,40,111,75,0,0,10068
20200427,22,350,20,20,30,103,79,0,0,10069
20200427,23,10,20,20,40,110,86,0,0,10069
20200427,24,30,30,40,60,109,83,0,0,10067
20200428,1,20,30,30,50,99,79,0,0,10062
20200428,2,20,30,30,50,91,74,0,0,10060
20200428,3,20,30,30,50,85,70,0,0,10058
20200428,4,20,30,30,50,81,69,0,0,10055
20200428,5,40,30,30,70,84,70,2,6,10054
20200428,6,50,30,40,60,92,72,7,44,10055
20200428,7,40,30,30,60,94,75,0,14,10051
20200428,8,20,30,30,70,96,79,0,20,10049
20200428,9,30,40,40,80,96,79,0,39,10050
20200428,10,40,50,60,100,97,79,0,55,10039
20200428,11,40,40,40,90,105,80,0,90,10044
20200428,12,40,40,40,80,107,85,0,75,10041
20200428,13,50,40,50,70,107,83,0,54,10040
20200428,14,50,40,40,80,110,88,0,64,10035
20200428,15,40,30,30,70,108,90,0,50,10032
20200428,16,30,20,20,40,108,89,0,14,10034
20200428,17,20,20,30,40,102,90,0,10,10033
20200428,18,20,30,30,50,101,90,0,6,10035
20200428,19,30,20,30,60,96,85,0,1,10036
20200428,20,30,30,30,50,85,76,0,0,10040
20200428,21,40,20,20,50,79,70,0,0,10040
20200428,22,30,20,10,30,79,70,0,0,10042
20200428,23,20,20,30,50,80,68,0,0,10038
20200428,24,80,20,10,50,78,71,0,0,10036
20200429,1,60,10,10,20,78,70,0,0,10035
20200429,2,90,10,10,20,80,76,0,0,10033
20200429,3,110,10,10,20,83,77,0,0,10030
20200429,4,170,10,20,20,92,88,0,0,10028
20200429,5,210,30,30,60,105,100,0,1,10028
20200429,6,230,30,20,60,108,102,0,2,10030
20200429,7,240,30,20,50,113,104,0,20,10033
20200429,8,240,20,20,40,116,101,0,35,10035
20200429,9,220,40,50,70,119,101,0,38,10038
20200429,10,220,40,50,90,118,101,0,72,10038
20200429,11,240,50,40,100,127,93,0,66,10045
20200429,12,240,50,50,100,131,81,2,150,10049
20200429,13,230,50,70,120,147,78,5,183,10049
20200429,14,230,50,60,100,133,68,2,98,10048
20200429,15,220,40,30,90,152,82,6,157,10043
20200429,16,200,40,50,70,149,76,7,130,10036
20200429,17,150,30,20,60,145,84,2,43,10029
20200429,18,200,30,20,90,137,92,0,4,10023
20200429,19,170,30,40,60,133,93,0,1,10019
20200429,20,160,30,30,60,123,99,0,0,10016
20200429,21,170,40,50,90,124,102,0,0,10009
20200429,22,220,60,50,130,98,79,0,0,10015
20200429,23,190,30,30,70,99,79,0,0,10011
20200429,24,190,40,40,80,99,71,0,0,10007
20200430,1,190,40,30,80,97,68,0,0,10001
20200430,2,180,40,50,70,96,67,0,0,9995
20200430,3,180,40,40,70,96,67,0,0,9988
20200430,4,180,30,30,70,94,62,0,0,9981
20200430,5,180,50,50,110,94,72,0,3,9983
20200430,6,200,50,40,90,95,81,0,13,9983
20200430,7,220,50,60,110,96,71,0,18,9987
20200430,8,240,70,70,120,108,60,8,127,9995
20200430,9,230,60,70,120,115,60,7,151,10000
20200430,10,230,60,60,110,119,49,5,131,10002
20200430,11,230,50,50,120,129,63,4,138,10003
20200430,12,210,60,50,130,139,42,8,231,9998
20200430,13,190,60,50,110,145,45,5,183,9992
20200430,14,200,60,50,100,150,25,6,203,9988
20200430,15,210,50,50,100,149,15,7,168,9981
20200430,16,170,50,50,90,148,27,7,123,9974
20200430,17,170,40,40,80,153,21,7,75,9967
20200430,18,160,40,50,80,142,50,5,38,9968
20200430,19,150,40,40,70,129,63,2,5,9970
20200430,20,170,40,20,140,86,70,0,0,9976
20200430,21,180,30,40,70,95,76,0,0,9973
20200430,22,190,40,50,80,97,71,0,0,9974
20200430,23,210,60,40,130,90,67,0,0,9976
20200430,24,210,40,50,90,90,67,0,0,9978
20200501,1,210,50,50,90,92,66,0,0,9979
20200501,2,200,50,50,100,90,65,0,0,9980
20200501,3,200,40,40,80,86,62,0,0,9981
20200501,4,190,40,40,70,83,61,0,0,9980
20200501,5,190,40,40,70,84,59,0,6,9981
20200501,6,200,40,50,80,88,62,0,17,9980
20200501,7,200,50,50,90,93,69,0,40,9981
20200501,8,200,50,50,100,103,69,3,92,9979
20200501,9,240,50,40,110,94,75,0,47,9981
20200501,10,220,50,80,140,117,71,1,114,9978
20200501,11,230,70,80,140,108,69,1,102,9981
20200501,12,240,50,40,130,98,74,1,67,9983
20200501,13,250,40,40,100,133,74,6,183,9982
20200501,14,260,60,50,120,138,62,7,209,9986
20200501,15,270,60,60,120,131,56,3,96,9988
20200501,16,280,50,40,100,135,51,6,121,9992
20200501,17,270,40,40,90,132,56,5,73,9996
20200501,18,270,40,30,90,127,61,10,60,10000
20200501,19,270,30,20,70,112,66,5,13,10006
20200501,20,250,20,20,60,104,63,0,0,10013
20200501,21,220,20,20,50,87,64,0,0,10017
20200501,22,220,20,20,40,93,65,0,0,10020
20200501,23,230,30,30,60,96,70,0,0,10025
20200501,24,240,30,30,50,95,69,0,0,10028
20200502,1,240,30,30,50,93,68,0,0,10028
20200502,2,230,30,30,50,96,71,0,0,10031
20200502,3,240,30,30,60,94,68,0,0,10034
20200502,4,240,30,30,60,96,64,0,0,10038
20200502,5,280,40,60,110,87,49,0,2,10044
20200502,6,250,20,20,80,82,62,0,9,10049
20200502,7,270,30,30,80,108,71,8,89,10055
20200502,8,270,40,30,90,100,69,4,83,10061
20200502,9,290,40,30,100,101,69,4,119,10068
20200502,10,250,50,40,100,112,63,1,119,10073
20200502,11,290,40,40,110,119,60,1,115,10080
20200502,12,280,50,40,100,122,60,1,121,10088
20200502,13,280,50,40,110,132,61,5,183,10096
20200502,14,300,50,50,100,128,61,7,193,10104
20200502,15,290,50,40,90,133,64,4,111,10111
20200502,16,290,50,50,90,126,62,8,156,10119
20200502,17,310,40,40,90,119,64,7,84,10122
20200502,18,280,30,30,70,120,67,8,53,10125
20200502,19,280,20,20,50,107,65,5,16,10133
20200502,20,270,20,20,50,97,65,0,0,10142
20200502,21,280,20,20,30,84,62,0,0,10148
20200502,22,240,20,20,30,84,65,0,0,10145
20200502,23,220,20,20,40,68,57,0,0,10146
20200502,24,220,20,20,30,53,49,0,0,10150
20200503,1,220,20,20,30,46,43,0,0,10151
20200503,2,220,20,20,30,50,50,0,0,10152
20200503,3,220,20,10,30,71,67,0,0,10155
20200503,4,180,10,10,10,54,51,0,0,10157
20200503,5,230,10,10,20,57,54,2,9,10162
20200503,6,0,10,0,20,86,75,0,35,10168
20200503,7,140,10,10,10,100,85,2,55,10173
20200503,8,150,10,10,20,118,89,5,123,10177
20200503,9,210,10,20,30,130,79,4,145,10177
20200503,10,240,10,20,40,145,82,6,208,10175
20200503,11,210,20,20,60,148,78,3,187,10177
20200503,12,210,20,20,50,147,79,3,140,10175
20200503,13,260,20,20,50,159,54,3,133,10174
20200503,14,340,30,30,70,138,67,0,111,10175
20200503,15,320,20,20,50,144,72,0,109,10175
20200503,16,350,30,20,50,144,76,0,90,10173
20200503,17,40,20,20,40,138,73,0,60,10173
20200503,18,60,20,20,40,129,71,0,21,10172
20200503,19,30,20,20,40,122,75,0,3,10172
20200503,20,70,30,40,60,108,89,0,0,10172
20200503,21,260,20,10,50,106,91,0,0,10176
20200503,22,0,10,0,30,104,91,0,0,10175
20200503,23,220,10,10,30,101,95,0,0,10177
20200503,24,10,10,10,20,102,97,0,0,10175
20200504,1,30,10,20,40,100,93,0,0,10171
20200504,2,50,20,20,30,96,88,0,0,10171
20200504,3,40,20,30,40,93,83,0,0,10170
20200504,4,40,30,40,50,86,75,0,0,10171
20200504,5,40,30,30,50,85,75,0,4,10174
20200504,6,40,30,30,50,88,74,0,14,10182
20200504,7,50,40,50,80,94,62,0,54,10188
20200504,8,40,50,50,80,105,58,8,150,10192
20200504,9,50,50,50,80,120,53,10,223,10195
20200504,10,50,40,40,80,134,51,10,272,10195
20200504,11,50,40,40,70,139,52,10,293,10198
20200504,12,20,40,50,80,143,59,10,307,10201
20200504,13,30,40,40,80,148,68,9,248,10202
20200504,14,10,50,50,90,144,48,10,264,10206
20200504,15,10,50,50,80,146,54,10,237,10206
20200504,16,20,50,50,90,138,50,10,176,10206
20200504,17,10,50,50,90,130,47,10,129,10208
20200504,18,10,50,60,100,120,41,10,69,10210
20200504,19,10,50,50,90,108,39,5,19,10214
20200504,20,20,40,30,80,97,42,0,0,10217
20200504,21,30,40,40,70,86,34,0,0,10228
20200504,22,20,30,30,60,76,31,0,0,10229
20200504,23,20,30,30,60,69,32,0,0,10236
20200504,24,40,30,30,40,55,28,0,0,10227
20200505,1,40,30,30,50,55,25,0,0,10223
20200505,2,50,30,20,50,46,21,0,0,10227
20200505,3,30,20,20,40,41,19,0,0,10224
20200505,4,50,10,10,30,18,7,0,0,10227
20200505,5,40,10,20,30,31,15,5,12,10225
20200505,6,50,20,20,40,62,15,10,59,10226
20200505,7,50,30,50,70,84,15,10,119,10224
20200505,8,40,50,50,100,93,13,10,174,10227
20200505,9,80,50,50,90,107,22,10,233,10227
20200505,10,40,40,50,80,116,21,10,256,10225
20200505,11,50,40,40,80,118,-1,10,295,10226
20200505,12,60,40,40,80,122,2,10,295,10223
20200505,13,40,40,50,100,137,16,10,308,10220
20200505,14,40,40,40,90,132,9,10,281,10219
20200505,15,20,30,30,70,142,4,10,240,10217
20200505,16,30,40,40,80,137,15,10,169,10217
20200505,17,360,50,50,80,132,25,10,134,10219
20200505,18,10,50,50,90,120,26,10,73,10220
20200505,19,20,50,50,100,108,23,5,21,10224
20200505,20,30,50,40,80,99,28,0,0,10230
20200505,21,30,40,40,80,90,34,0,0,10238
20200505,22,40,50,40,80,80,33,0,0,10244
20200505,23,30,30,30,70,72,32,0,0,10248
20200505,24,50,30,30,50,61,31,0,0,10249
20200506,1,40,30,30,50,57,26,0,0,10249
20200506,2,50,20,20,50,45,19,0,0,10250
20200506,3,50,20,20,40,41,16,0,0,10253
20200506,4,40,20,20,40,37,15,0,0,10254
20200506,5,60,20,20,40,50,22,5,13,10255
20200506,6,70,20,20,40,78,34,10,58,10259
20200506,7,90,20,30,40,100,31,10,116,10262
20200506,8,110,20,20,40,120,33,10,176,10264
20200506,9,80,10,10,40,137,36,10,229,10263
20200506,10,220,20,20,40,145,18,10,272,10263
20200506,11,10,20,20,50,150,16,10,299,10262
20200506,12,300,30,30,60,162,34,10,314,10260
20200506,13,330,40,40,80,165,44,10,277,10258
20200506,14,350,40,40,70,163,32,10,277,10257
20200506,15,350,40,50,80,162,26,10,239,10255
20200506,16,30,40,40,80,157,25,10,189,10255
20200506,17,20,40,40,70,148,26,10,131,10256
20200506,18,20,40,40,70,134,35,10,70,10258
20200506,19,10,30,30,60,120,39,7,22,10261
20200506,20,20,20,20,50,104,48,0,0,10264
20200506,21,20,20,20,50,96,49,0,0,10265
20200506,22,360,20,20,40,81,50,0,0,10265
20200506,23,350,10,10,30,55,43,0,0,10266
20200506,24,50,10,10,20,45,41,0,0,10265
20200507,1,80,10,10,20,37,33,0,0,10262
20200507,2,70,10,10,10,27,24,0,0,10260
20200507,3,40,10,10,20,24,21,0,0,10257
20200507,4,0,10,0,10,19,16,0,0,10255
20200507,5,0,0,0,0,41,37,5,14,10256
20200507,6,50,10,10,10,68,43,10,57,10256
20200507,7,90,10,10,20,104,45,10,114,10255
20200507,8,140,10,10,20,129,45,10,175,10253
20200507,9,100,10,10,30,147,41,10,226,10251
20200507,10,190,10,20,30,170,57,10,269,10250
20200507,11,990,20,10,40,180,52,10,295,10246
20200507,12,250,20,20,40,190,25,10,307,10240
20200507,13,80,20,20,40,188,49,10,287,10232
20200507,14,110,20,20,50,194,60,10,251,10227
20200507,15,320,20,20,50,198,24,9,225,10221
20200507,16,990,10,10,30,202,36,9,167,10215
20200507,17,20,20,30,60,187,56,10,120,10213
20200507,18,20,40,30,60,170,54,10,63,10211
20200507,19,30,30,30,50,151,57,7,18,10211
20200507,20,30,20,20,40,130,62,0,1,10212
20200507,21,50,10,10,30,99,70,0,0,10209
20200507,22,50,10,10,20,82,65,0,0,10208
20200507,23,0,10,0,10,77,66,0,0,10207
20200507,24,0,0,0,10,71,64,0,0,10205
20200508,1,50,0,10,10,59,57,0,0,10200
20200508,2,0,0,0,10,56,49,0,0,10197
20200508,3,50,10,10,10,50,48,0,0,10196
20200508,4,0,0,0,10,46,42,0,0,10196
20200508,5,0,0,0,10,52,49,0,7,10197
20200508,6,150,10,10,20,93,45,4,51,10198
20200508,7,150,10,10,10,142,45,7,100,10198
20200508,8,120,10,10,20,169,40,8,162,10198
20200508,9,990,10,10,20,183,30,10,227,10196
20200508,10,990,10,10,30,194,46,10,261,10192
20200508,11,990,10,10,40,203,47,10,288,10188
20200508,12,150,20,30,50,215,64,10,301,10182
20200508,13,120,20,20,50,212,63,8,275,10179
20200508,14,330,20,20,40,219,58,2,165,10175
20200508,15,320,20,30,50,217,73,3,144,10171
20200508,16,30,30,30,60,215,75,9,146,10166
20200508,17,10,30,30,60,208,68,10,115,10167
20200508,18,30,30,40,50,201,64,10,72,10165
20200508,19,40,30,30,60,181,75,7,22,10165
20200508,20,50,20,30,40,156,77,0,0,10167
20200508,21,30,20,20,40,124,85,0,0,10167
20200508,22,10,10,20,30,107,85,0,0,10167
20200508,23,20,10,10,30,98,83,0,0,10165
20200508,24,20,10,10,20,91,78,0,0,10163
20200509,1,50,10,10,20,84,75,0,0,10158
20200509,2,30,10,10,20,75,66,0,0,10157
20200509,3,20,10,10,20,68,63,0,0,10155
20200509,4,40,10,10,10,64,61,0,0,10150
20200509,5,10,10,10,20,83,65,5,15,10152
20200509,6,40,10,20,20,129,65,8,58,10150
20200509,7,70,10,20,30,167,65,10,114,10149
20200509,8,80,20,30,40,192,63,9,152,10146
20200509,9,70,40,40,70,208,65,10,211,10145
20200509,10,80,50,50,90,219,68,10,267,10140
20200509,11,50,50,50,80,225,44,10,295,10134
20200509,12,50,50,40,100,235,63,10,307,10128
20200509,13,60,40,40,80,237,52,10,299,10123
20200509,14,90,40,30,80,241,37,10,276,10115
20200509,15,70,40,30,100,242,53,10,237,10108
20200509,16,20,50,60,90,233,73,10,187,10104
20200509,17,30,50,60,100,224,75,10,128,10098
20200509,18,20,40,40,90,214,82,10,72,10098
20200509,19,30,40,40,80,195,95,7,18,10098
20200509,20,30,30,40,60,182,106,0,0,10099
20200509,21,40,30,40,60,168,98,0,0,10094
20200509,22,50,40,40,60,155,94,0,0,10092
20200509,23,50,30,20,50,139,89,0,0,10087
20200509,24,40,20,20,40,130,87,0,0,10081
20200510,1,50,20,20,30,119,85,0,0,10075
20200510,2,40,10,10,30,102,84,0,0,10070
20200510,3,50,10,10,20,92,81,0,0,10066
20200510,4,30,10,10,20,89,80,0,0,10063
20200510,5,40,10,10,20,104,86,5,14,10060
20200510,6,40,10,10,20,124,94,0,38,10060
20200510,7,60,10,10,20,147,97,4,77,10062
20200510,8,350,10,10,20,163,100,0,75,10061
20200510,9,360,20,20,30,176,108,0,107,10059
20200510,10,350,20,20,50,202,105,5,215,10057
20200510,11,10,30,40,60,225,83,8,276,10055
20200510,12,10,50,50,90,215,119,6,260,10059
20200510,13,10,50,60,100,195,112,4,217,10063
20200510,14,360,70,70,130,174,108,6,212,10068
20200510,15,10,80,80,140,151,98,4,153,10076
20200510,16,10,90,90,160,124,84,2,80,10082
20200510,17,20,90,90,150,109,66,0,17,10094
20200510,18,20,90,90,160,99,44,0,9,10104
20200510,19,20,80,90,150,93,28,0,5,10115
20200510,20,30,80,70,160,84,18,0,0,10120
20200510,21,30,70,70,140,80,8,0,0,10125
20200510,22,30,80,80,140,78,1,0,0,10128
20200510,23,20,80,80,140,77,4,0,0,10133
20200510,24,30,70,80,130,78,-5,0,0,10133
20200511,1,30,70,80,140,75,-13,0,0,10131
20200511,2,30,70,60,130,70,-13,0,0,10134
20200511,3,20,60,60,120,64,-22,0,0,10137
20200511,4,10,50,70,110,66,-23,0,0,10136
20200511,5,20,60,50,130,68,-21,3,11,10140
20200511,6,30,60,60,100,71,-24,7,52,10141
20200511,7,10,80,80,150,88,-25,9,126,10141
20200511,8,30,80,80,150,96,-21,10,181,10142
20200511,9,20,70,70,140,98,-14,7,183,10141
20200511,10,10,80,80,150,104,-11,7,194,10140
20200511,11,30,80,90,150,105,1,5,178,10142
20200511,12,30,90,90,160,106,-10,7,212,10146
20200511,13,20,80,110,170,106,-17,8,236,10148
20200511,14,20,70,70,130,113,-11,7,187,10153
20200511,15,360,80,90,150,113,-30,9,215,10157
20200511,16,360,80,80,150,110,-47,10,203,10165
20200511,17,20,80,80,150,103,-22,10,144,10174
20200511,18,360,70,60,140,95,-22,10,75,10181
20200511,19,10,50,40,100,83,-15,3,17,10186
20200511,20,340,50,40,100,67,9,0,1,10194
20200511,21,350,40,30,110,61,30,0,0,10199
20200511,22,10,20,40,70,57,21,0,0,10204
20200511,23,360,30,20,70,50,20,0,0,10200
20200511,24,340,20,10,40,37,19,0,0,10204
20200512,1,0,10,0,20,22,13,0,0,10205
20200512,2,260,10,10,20,11,7,0,0,10205
20200512,3,260,20,20,30,20,14,0,0,10205
20200512,4,260,20,20,30,16,9,0,0,10205
20200512,5,260,10,10,30,15,12,0,7,10205
20200512,6,280,10,10,30,65,15,10,66,10209
20200512,7,300,20,20,40,85,12,10,126,10207
20200512,8,290,30,30,60,88,4,8,145,10207
20200512,9,310,30,20,60,102,16,8,212,10203
20200512,10,270,30,40,70,98,15,5,205,10200
20200512,11,290,40,50,80,105,23,5,235,10198
20200512,12,290,40,30,80,106,4,1,167,10191
20200512,13,260,30,30,80,128,22,8,299,10183
20200512,14,320,40,30,80,111,10,2,106,10180
20200512,15,290,30,30,80,115,8,1,110,10176
20200512,16,280,30,30,70,115,-18,0,95,10172
20200512,17,310,40,40,70,116,-22,10,148,10167
20200512,18,300,30,30,60,110,-15,10,81,10163
20200512,19,300,30,20,60,94,15,2,11,10161
20200512,20,280,20,30,60,92,19,0,0,10161
20200512,21,300,30,40,70,87,8,0,0,10159
20200512,22,270,20,20,40,71,7,0,0,10157
20200512,23,250,10,20,30,41,16,0,0,10156
20200512,24,250,10,10,30,28,15,0,0,10151
20200513,1,240,10,10,20,19,11,0,0,10148
20200513,2,230,10,10,20,17,12,0,0,10146
20200513,3,230,10,10,10,5,3,0,0,10143
20200513,4,200,10,10,20,4,1,0,0,10139
20200513,5,200,10,10,10,32,25,7,19,10139
20200513,6,190,10,10,30,76,35,7,55,10140
20200513,7,210,20,20,40,102,39,2,81,10138
20200513,8,310,20,30,60,97,48,0,73,10138
20200513,9,360,40,50,80,79,47,0,20,10142
20200513,10,20,40,50,80,91,27,1,111,10144
20200513,11,20,40,40,90,101,20,3,199,10145
20200513,12,10,50,60,90,108,8,7,247,10143
20200513,13,360,60,70,100,111,11,6,244,10144
20200513,14,30,60,60,100,105,12,6,222,10142
20200513,15,20,60,60,120,99,-3,3,130,10142
20200513,16,350,60,60,110,107,-5,8,155,10142
20200513,17,10,60,60,110,103,-14,6,90,10146
20200513,18,20,60,70,120,95,-15,8,62,10151
20200513,19,360,50,40,100,92,-8,8,36,10156
20200513,20,20,60,50,110,77,-15,0,4,10167
20200513,21,20,40,30,70,65,-23,0,0,10174
20200513,22,30,30,30,70,58,-15,0,0,10180
20200513,23,20,20,20,50,43,-10,0,0,10186
20200513,24,10,20,20,40,38,-4,0,0,10189
20200514,1,10,20,20,30,17,-4,0,0,10193
20200514,2,360,20,20,40,23,-7,0,0,10195
20200514,3,360,20,10,30,-1,-15,0,0,10199
20200514,4,360,10,10,20,-10,-17,0,0,10200
20200514,5,360,10,10,20,16,5,7,21,10206
20200514,6,40,20,30,50,70,6,10,70,10211
20200514,7,30,40,40,70,85,2,10,128,10215
20200514,8,50,50,50,80,96,-2,10,193,10216
20200514,9,30,50,50,80,90,-11,6,138,10220
20200514,10,40,40,40,70,102,-3,4,169,10221
20200514,11,40,40,40,90,100,-8,6,210,10221
20200514,12,30,40,50,90,106,-12,5,219,10217
20200514,13,40,40,50,80,111,-2,5,214,10213
20200514,14,30,40,40,80,112,-3,2,127,10210
20200514,15,40,40,50,90,115,-2,5,159,10207
20200514,16,360,50,50,80,109,-11,6,148,10208
20200514,17,10,50,50,90,110,-1,9,104,10207
20200514,18,20,50,50,100,99,0,10,84,10210
20200514,19,10,50,50,90,88,0,8,30,10214
20200514,20,360,30,30,70,76,3,0,2,10217
20200514,21,10,30,30,50,67,6,0,0,10218
20200514,22,10,20,20,50,57,3,0,0,10219
20200514,23,20,20,20,40,45,1,0,0,10219
20200514,24,50,10,10,30,17,-4,0,0,10218
20200515,1,10,20,20,30,9,-8,0,0,10214
20200515,2,10,10,10,20,-2,-10,0,0,10214
20200515,3,40,10,20,30,-10,-13,0,0,10213
20200515,4,10,10,10,20,-11,-18,0,1,10216
20200515,5,0,10,0,10,19,11,7,21,10223
20200515,6,40,10,10,20,69,16,10,70,10228
20200515,7,40,10,20,30,88,12,9,122,10231
20200515,8,340,20,20,50,99,15,10,187,10231
20200515,9,310,20,20,50,113,31,10,249,10232
20200515,10,350,30,30,60,120,33,7,246,10232
20200515,11,340,30,40,70,131,39,6,251,10232
20200515,12,330,30,20,70,135,33,3,199,10231
20200515,13,330,30,30,60,134,35,1,148,10233
20200515,14,320,30,30,70,133,37,2,139,10232
20200515,15,330,40,40,70,142,37,2,132,10231
20200515,16,340,40,40,70,137,28,8,160,10230
20200515,17,350,40,30,60,141,39,7,107,10230
20200515,18,310,30,30,70,132,36,10,85,10232
20200515,19,300,20,20,50,118,34,8,29,10232
20200515,20,0,10,0,20,76,40,0,1,10235
20200515,21,290,10,10,30,69,42,0,0,10238
20200515,22,310,20,20,30,72,43,0,0,10239
20200515,23,310,20,20,30,82,43,0,0,10240
20200515,24,0,10,0,30,53,37,0,0,10237
20200516,1,150,10,10,20,36,28,0,0,10232
20200516,2,110,10,10,10,28,23,0,0,10229
20200516,3,160,10,10,10,32,29,0,0,10229
20200516,4,130,10,10,20,33,31,0,0,10229
20200516,5,160,10,10,10,44,38,0,13,10232
20200516,6,190,10,10,30,85,43,7,58,10231
20200516,7,220,30,40,60,119,43,6,102,10226
20200516,8,230,50,60,100,137,50,7,154,10227
20200516,9,250,40,50,100,144,50,5,179,10227
20200516,10,260,40,40,100,155,50,5,193,10225
20200516,11,260,50,40,90,153,51,0,135,10225
20200516,12,250,50,50,90,150,41,2,177,10225
20200516,13,280,50,50,110,146,41,7,258,10224
20200516,14,290,50,50,110,145,60,3,149,10223
20200516,15,310,40,40,100,132,59,3,134,10222
20200516,16,290,40,40,90,128,61,0,56,10224
20200516,17,290,50,40,90,131,44,10,133,10224
20200516,18,310,30,30,80,128,34,7,60,10224
20200516,19,290,30,30,70,113,42,5,25,10224
20200516,20,290,20,20,50,103,46,0,2,10230
20200516,21,280,20,10,40,81,48,0,0,10230
20200516,22,270,10,10,30,61,46,0,0,10231
20200516,23,250,10,10,20,45,36,0,0,10232
20200516,24,220,10,10,10,33,30,0,0,10233
20200517,1,0,10,0,20,27,25,0,0,10232
20200517,2,160,10,10,20,22,19,0,0,10232
20200517,3,160,10,10,20,20,17,0,0,10232
20200517,4,180,10,10,20,24,21,0,1,10233
20200517,5,190,10,10,10,41,37,0,14,10233
20200517,6,190,10,10,20,93,50,8,70,10235
20200517,7,260,20,30,60,134,55,9,117,10236
20200517,8,270,40,50,80,149,55,10,181,10238
20200517,9,270,40,30,80,164,56,9,227,10240
20200517,10,280,40,40,80,158,42,3,122,10243
20200517,11,270,40,40,80,161,35,2,116,10243
20200517,12,250,40,40,90,179,43,9,263,10243
20200517,13,270,40,40,90,183,39,5,177,10239
20200517,14,290,40,30,80,181,35,9,232,10237
20200517,15,290,40,40,80,184,39,10,242,10235
20200517,16,300,40,30,90,183,35,10,198,10233
20200517,17,270,40,30,80,180,38,10,141,10232
20200517,18,300,20,20,60,174,41,10,79,10228
20200517,19,310,20,20,30,158,43,8,29,10229
20200517,20,300,10,10,20,111,65,0,1,10231
20200517,21,250,10,10,30,94,62,0,0,10232
20200517,22,230,20,20,40,119,51,0,0,10231
20200517,23,220,20,20,30,89,56,0,0,10228
20200517,24,210,10,10,20,68,54,0,0,10228
20200518,1,220,20,20,40,69,57,0,0,10227
20200518,2,220,20,20,50,100,65,0,0,10224
20200518,3,210,30,30,50,104,68,0,0,10223
20200518,4,210,30,30,50,104,70,0,1,10221
20200518,5,220,30,30,60,110,76,2,16,10223
20200518,6,230,30,30,60,130,91,10,69,10224
20200518,7,240,30,40,60,145,99,9,114,10227
20200518,8,230,30,30,60,162,105,9,173,10227
20200518,9,240,40,40,70,182,104,10,230,10226
20200518,10,240,50,60,90,189,98,10,277,10228
20200518,11,230,50,70,100,196,89,8,279,10223
20200518,12,250,50,40,90,209,88,10,314,10226
20200518,13,250,50,50,100,205,93,9,303,10225
20200518,14,260,50,50,100,206,72,9,278,10225
20200518,15,240,50,50,90,197,44,6,209,10225
20200518,16,290,40,40,80,200,82,10,194,10224
20200518,17,270,40,30,70,194,54,10,135,10222
20200518,18,290,30,40,80,176,34,10,78,10225
20200518,19,320,20,20,70,155,66,2,15,10227
20200518,20,350,10,10,30,139,79,0,2,10226
20200518,21,160,10,10,20,116,83,0,0,10225
20200518,22,160,0,10,10,104,88,0,0,10224
20200518,23,160,10,10,10,93,83,0,0,10223
20200518,24,240,10,10,20,87,77,0,0,10219
20200519,1,250,20,20,40,117,81,0,0,10218
20200519,2,250,20,10,30,124,81,0,0,10218
20200519,3,210,20,20,30,118,78,0,0,10215
20200519,4,230,10,20,30,122,89,0,1,10214
20200519,5,220,20,10,30,130,94,2,17,10215
20200519,6,250,20,20,30,141,100,4,51,10218
20200519,7,280,20,20,40,167,107,9,111,10219
20200519,8,310,30,30,50,182,112,10,174,10221
20200519,9,300,30,40,70,190,110,6,194,10222
20200519,10,290,40,40,80,202,108,10,284,10220
20200519,11,270,40,40,80,207,104,10,279,10221
20200519,12,290,50,50,90,209,95,8,302,10222
20200519,13,310,40,40,80,214,98,7,262,10220
20200519,14,290,40,40,90,214,107,9,262,10218
20200519,15,300,50,40,80,205,94,10,241,10221
20200519,16,320,40,50,80,198,102,10,194,10220
20200519,17,300,40,40,70,190,105,10,142,10221
20200519,18,310,30,30,80,181,105,10,78,10224
20200519,19,340,30,30,60,169,105,8,30,10227
20200519,20,350,20,20,40,163,110,0,1,10228
20200519,21,320,20,20,40,150,114,0,0,10231
20200519,22,340,20,10,30,142,114,0,0,10232
20200519,23,0,10,0,30,137,107,0,0,10233
20200519,24,340,10,10,20,111,98,0,0,10233
20200520,1,330,10,10,20,98,94,0,0,10234
20200520,2,350,10,20,20,115,109,0,0,10232
20200520,3,360,10,10,20,101,95,0,0,10229
20200520,4,280,10,20,30,101,96,0,1,10230
20200520,5,20,10,10,30,132,112,5,22,10234
20200520,6,20,10,10,20,148,116,5,55,10234
20200520,7,30,10,20,30,160,110,10,129,10238
20200520,8,360,20,20,50,167,109,9,166,10239
20200520,9,20,20,20,40,180,113,7,174,10238
20200520,10,350,30,20,50,188,110,5,159,10240
20200520,11,30,30,30,60,198,104,8,250,10237
20200520,12,50,30,30,90,202,101,9,309,10236
20200520,13,10,30,30,70,205,103,7,233,10232
20200520,14,50,30,30,70,204,109,6,210,10229
20200520,15,20,30,30,60,208,107,5,172,10227
20200520,16,30,30,30,70,210,104,9,183,10226
20200520,17,50,30,30,60,212,105,10,144,10223
20200520,18,30,30,30,60,204,108,10,84,10222
20200520,19,40,30,30,60,194,107,10,33,10223
20200520,20,50,20,20,40,168,111,0,3,10226
20200520,21,80,20,20,30,146,112,0,0,10229
20200520,22,60,10,10,20,125,111,0,0,10230
20200520,23,80,10,10,10,114,105,0,0,10229
20200520,24,70,10,10,10,109,104,0,0,10227
20200521,1,100,10,10,10,101,98,0,0,10224
20200521,2,90,10,10,20,96,91,0,0,10222
20200521,3,110,10,10,20,92,86,0,0,10220
20200521,4,90,10,10,10,90,84,0,1,10220
20200521,5,90,10,10,10,119,112,8,26,10219
20200521,6,120,10,10,20,165,114,10,75,10221
20200521,7,140,20,30,40,181,108,8,113,10223
20200521,8,120,30,30,60,200,113,9,186,10219
20200521,9,160,40,40,70,207,94,7,202,10217
20200521,10,160,30,20,60,222,105,10,264,10221
20200521,11,120,30,30,60,229,93,10,300,10214
20200521,12,210,30,30,70,241,89,10,302,10213
20200521,13,160,30,30,50,248,97,9,287,10204
20200521,14,130,30,20,60,253,97,10,285,10201
20200521,15,190,30,30,60,261,89,10,249,10199
20200521,16,210,30,20,60,267,86,10,195,10195
20200521,17,190,30,30,60,266,94,10,140,10192
20200521,18,150,20,20,40,254,109,10,80,10188
20200521,19,140,10,10,40,233,131,10,33,10187
20200521,20,150,10,10,20,192,144,0,2,10190
20200521,21,120,10,10,20,175,141,0,0,10188
20200521,22,120,10,10,20,160,141,0,0,10186
20200521,23,130,20,20,40,166,120,0,0,10182
20200521,24,150,30,30,50,185,108,0,0,10178
20200522,1,150,20,20,40,177,110,0,0,10173
20200522,2,150,20,20,40,170,113,0,0,10168
20200522,3,150,20,20,40,171,115,0,0,10166
20200522,4,160,30,30,40,176,116,0,1,10161
20200522,5,150,20,30,40,179,123,0,12,10159
20200522,6,170,30,20,40,193,131,0,29,10157
20200522,7,170,30,30,50,207,138,0,31,10152
20200522,8,170,30,30,60,213,143,0,38,10148
20200522,9,200,40,40,70,232,145,0,102,10150
20200522,10,220,50,40,100,240,143,0,138,10149
20200522,11,260,50,40,110,241,132,1,174,10154
20200522,12,250,50,60,120,225,112,3,198,10162
20200522,13,260,70,70,140,203,130,0,83,10170
20200522,14,240,50,50,120,178,137,0,89,10178
20200522,15,230,60,70,140,186,139,1,101,10175
20200522,16,230,60,50,130,197,114,4,134,10173
20200522,17,230,80,70,130,197,74,4,96,10172
20200522,18,240,70,60,140,192,21,7,58,10173
20200522,19,250,50,50,100,182,10,10,27,10177
20200522,20,250,50,40,110,169,21,0,3,10182
20200522,21,230,30,30,70,162,37,0,0,10186
20200522,22,240,50,50,110,160,23,0,0,10188
20200522,23,230,50,50,100,154,35,0,0,10189
20200522,24,230,40,40,100,147,51,0,0,10190
20200523,1,230,40,50,90,144,70,0,0,10190
20200523,2,240,40,30,80,140,87,0,0,10192
20200523,3,250,30,30,60,138,93,0,0,10193
20200523,4,250,40,40,70,135,94,0,0,10196
20200523,5,240,30,30,80,136,97,0,11,10198
20200523,6,250,40,40,90,141,100,1,40,10204
20200523,7,250,40,50,100,149,83,1,73,10208
20200523,8,240,50,50,90,152,82,3,122,10211
20200523,9,250,50,60,100,155,64,2,122,10211
20200523,10,250,60,70,120,162,48,8,239,10214
20200523,11,260,60,60,130,173,45,9,263,10214
20200523,12,240,70,70,140,184,39,9,314,10217
20200523,13,240,70,90,140,179,47,10,298,10217
20200523,14,240,80,80,150,176,45,10,284,10218
20200523,15,250,70,80,160,177,56,9,211,10222
20200523,16,240,70,80,150,177,62,7,155,10225
20200523,17,230,70,60,140,173,59,10,140,10226
20200523,18,230,60,60,140,161,65,10,88,10231
20200523,19,240,50,60,110,153,66,10,35,10236
20200523,20,230,60,60,100,142,76,0,2,10239
20200523,21,240,50,50,110,134,83,0,0,10243
20200523,22,230,50,40,90,129,93,0,0,10243
20200523,23,230,50,50,80,130,97,0,0,10244
20200523,24,230,50,50,80,128,96,0,0,10246
20200524,1,230,40,30,70,122,96,0,0,10246
20200524,2,240,30,30,70,124,83,0,0,10247
20200524,3,250,30,40,70,130,68,0,0,10248
20200524,4,250,30,30,70,123,70,0,1,10251
20200524,5,240,30,30,70,124,77,3,22,10257
20200524,6,260,40,40,90,135,78,10,71,10261
20200524,7,260,40,30,90,142,79,5,101,10264
20200524,8,270,50,40,90,136,86,0,55,10271
20200524,9,250,40,30,80,126,102,0,51,10274
20200524,10,250,40,40,80,124,107,0,38,10277
20200524,11,250,40,30,80,124,111,0,30,10280
20200524,12,250,40,30,90,128,115,0,36,10282
20200524,13,260,30,30,80,138,114,0,48,10287
20200524,14,250,40,30,80,144,113,0,44,10291
20200524,15,280,40,40,100,146,107,0,31,10294
20200524,16,280,40,50,90,150,106,0,40,10296
20200524,17,290,50,40,90,148,103,0,22,10300
20200524,18,290,40,30,80,144,104,0,11,10303
20200524,19,290,30,20,80,140,107,0,5,10308
20200524,20,280,30,20,60,141,106,0,0,10312
20200524,21,270,30,20,50,137,109,0,0,10315
20200524,22,280,20,20,50,137,108,0,0,10317
20200524,23,280,20,30,50,137,107,0,0,10318
20200524,24,260,20,20,50,136,107,0,0,10317
20200525,1,280,20,20,50,133,107,0,0,10316
20200525,2,280,20,20,40,129,107,0,0,10319
20200525,3,280,20,20,40,129,106,0,0,10322
20200525,4,290,20,20,40,124,103,0,1,10324
20200525,5,300,20,20,40,126,104,2,18,10330
20200525,6,340,20,30,50,140,106,8,69,10334
20200525,7,320,30,20,60,157,107,10,130,10337
20200525,8,340,30,30,50,168,107,10,189,10339
20200525,9,320,30,30,60,175,104,9,220,10342
20200525,10,310,30,30,70,187,101,7,239,10342
20200525,11,330,30,30,60,187,104,5,206,10343
20200525,12,310,30,40,70,199,102,8,282,10342
20200525,13,310,40,30,70,204,107,8,269,10341
20200525,14,330,40,30,70,198,98,9,258,10338
20200525,15,310,40,40,70,201,97,10,235,10339
20200525,16,320,40,40,70,199,102,10,193,10341
20200525,17,340,40,30,70,188,106,10,139,10343
20200525,18,10,40,40,70,178,108,10,92,10346
20200525,19,30,30,30,60,161,107,10,37,10349
20200525,20,40,30,20,50,142,103,0,4,10351
20200525,21,50,20,10,30,119,102,0,0,10350
20200525,22,50,10,10,10,104,96,0,0,10352
20200525,23,10,0,10,10,90,88,0,0,10350
20200525,24,10,10,10,10,82,76,0,0,10351
20200526,1,0,10,0,10,76,74,0,0,10353
20200526,2,0,0,0,10,68,66,0,0,10352
20200526,3,0,0,0,10,67,65,0,0,10353
20200526,4,100,10,10,20,65,61,0,2,10354
20200526,5,100,10,10,10,95,92,3,24,10358
20200526,6,140,10,10,20,124,99,8,70,10358
20200526,7,160,20,20,30,149,98,10,127,10360
20200526,8,180,20,20,40,164,104,10,188,10361
20200526,9,990,10,10,30,182,92,10,238,10361
20200526,10,990,10,10,30,201,90,10,279,10359
20200526,11,990,20,10,40,207,89,10,298,10356
20200526,12,990,20,10,50,226,88,10,314,10352
20200526,13,300,20,20,50,228,89,10,311,10348
20200526,14,290,20,30,50,232,84,10,281,10346
20200526,15,350,30,30,60,223,89,8,224,10344
20200526,16,320,30,30,60,224,98,5,129,10342
20200526,17,320,40,40,70,224,103,10,135,10342
20200526,18,340,40,30,60,213,102,10,92,10341
20200526,19,350,30,30,60,197,94,8,36,10344
20200526,20,330,20,20,40,172,81,0,3,10347
20200526,21,320,20,30,50,160,100,0,0,10350
20200526,22,330,20,20,40,154,104,0,0,10347
20200526,23,340,20,20,40,137,101,0,0,10348
20200526,24,320,20,30,30,130,100,0,0,10346
20200527,1,330,20,20,30,123,108,0,0,10345
20200527,2,320,20,20,40,121,112,0,0,10344
20200527,3,340,20,20,40,128,122,0,0,10342
20200527,4,340,20,20,40,121,112,0,2,10344
20200527,5,320,20,20,30,128,117,3,23,10345
20200527,6,320,20,20,40,142,125,7,69,10347
20200527,7,360,20,20,40,162,123,6,114,10345
20200527,8,340,30,40,60,176,101,8,184,10344
20200527,9,10,40,40,70,192,91,10,242,10346
20200527,10,340,50,50,100,184,96,10,269,10347
20200527,11,350,40,40,80,189,98,8,266,10346
20200527,12,360,40,40,80,189,91,9,279,10344
20200527,13,10,50,40,100,199,75,10,315,10343
20200527,14,350,40,30,80,200,73,10,279,10340
20200527,15,350,40,40,80,201,93,10,252,10338
20200527,16,360,40,50,80,191,101,10,212,10337
20200527,17,360,50,50,90,178,96,10,155,10337
20200527,18,20,40,40,80,167,92,10,95,10337
20200527,19,360,40,50,80,160,103,10,38,10337
20200527,20,30,40,40,90,152,93,0,6,10342
20200527,21,40,40,40,70,140,74,0,0,10347
20200527,22,30,40,40,80,129,49,0,0,10352
20200527,23,50,40,40,90,117,54,0,0,10355
20200527,24,40,30,20,60,105,57,0,0,10357
20200528,1,30,20,20,40,98,55,0,0,10356
20200528,2,30,20,20,50,91,54,0,0,10355
20200528,3,30,20,20,40,85,54,0,0,10355
20200528,4,20,20,10,40,71,55,0,2,10359
20200528,5,40,10,20,30,98,64,10,29,10359
20200528,6,40,30,30,50,119,65,10,79,10359
20200528,7,40,50,40,90,135,68,10,138,10359
20200528,8,50,40,40,70,148,69,10,197,10356
20200528,9,30,40,40,80,162,66,10,249,10354
20200528,10,60,50,40,90,174,63,10,292,10349
20200528,11,30,50,40,80,175,49,10,321,10345
20200528,12,30,50,50,90,185,68,10,333,10340
20200528,13,20,50,40,90,188,70,10,305,10334
20200528,14,360,50,50,90,194,71,10,309,10332
20200528,15,10,50,60,110,190,69,10,253,10327
20200528,16,20,60,50,100,186,62,10,211,10324
20200528,17,10,60,50,100,180,58,9,141,10320
20200528,18,360,60,60,100,172,55,10,95,10317
20200528,19,20,50,50,90,155,55,7,35,10317
20200528,20,20,40,40,80,142,39,2,5,10318
20200528,21,30,40,40,60,130,30,0,0,10318
20200528,22,30,30,40,60,116,49,0,0,10319
20200528,23,50,30,30,60,101,62,0,0,10318
20200528,24,40,30,20,50,91,62,0,0,10317
20200529,1,50,20,20,40,85,53,0,0,10316
20200529,2,50,20,20,30,75,50,0,0,10315
20200529,3,30,20,20,40,72,47,0,0,10313
20200529,4,40,20,20,40,67,46,0,3,10312
20200529,5,50,20,20,30,80,52,10,31,10311
20200529,6,50,20,30,50,101,62,10,83,10308
20200529,7,60,30,30,60,125,73,10,142,10306
20200529,8,50,30,20,50,142,75,10,200,10303
20200529,9,50,20,20,50,161,72,10,249,10300
20200529,10,90,20,30,60,178,53,10,289,10296
20200529,11,80,20,30,70,197,47,10,314,10289
20200529,12,20,30,30,70,209,47,10,325,10281
20200529,13,100,30,30,70,210,36,10,320,10272
20200529,14,60,30,50,90,219,44,10,295,10265
20200529,15,40,30,30,70,221,24,10,257,10259
20200529,16,30,40,50,90,213,69,10,208,10255
20200529,17,20,50,50,90,209,73,10,152,10251
20200529,18,20,50,40,90,200,82,10,93,10248
20200529,19,20,40,40,90,187,105,10,39,10246
20200529,20,30,40,40,80,172,99,2,5,10250
20200529,21,40,40,40,70,156,90,0,0,10253
20200529,22,50,40,40,70,146,81,0,0,10256
20200529,23,50,40,30,60,130,76,0,0,10255
20200529,24,60,30,30,50,118,70,0,0,10257
20200530,1,60,30,30,50,113,65,0,0,10256
20200530,2,50,30,30,50,106,62,0,0,10255
20200530,3,60,20,20,40,98,60,0,0,10254
20200530,4,50,20,20,30,97,60,0,2,10254
20200530,5,70,20,20,30,117,60,10,30,10253
20200530,6,80,20,30,50,144,60,10,79,10254
20200530,7,90,30,30,50,173,60,10,137,10254
20200530,8,110,30,30,50,195,59,10,194,10254
20200530,9,120,40,50,70,206,45,10,246,10252
20200530,10,90,40,30,90,218,43,10,287,10248
20200530,11,60,40,30,90,211,26,9,305,10243
20200530,12,90,40,40,80,227,36,9,282,10239
20200530,13,110,40,20,80,230,34,10,314,10233
20200530,14,80,40,50,80,230,49,6,198,10230
20200530,15,50,40,50,90,232,49,8,217,10226
20200530,16,40,60,60,100,225,40,10,201,10222
20200530,17,40,50,60,110,225,34,10,160,10219
20200530,18,40,50,50,100,220,51,10,106,10217
20200530,19,60,40,40,80,204,35,10,40,10219
20200530,20,40,40,50,90,187,68,2,6,10226
20200530,21,50,50,30,90,169,87,0,0,10232
20200530,22,30,30,30,60,158,91,0,0,10233
20200530,23,50,30,30,60,146,90,0,0,10237
20200530,24,50,30,30,50,139,79,0,0,10236
20200531,1,60,30,30,50,133,78,0,0,10235
20200531,2,60,30,30,40,125,77,0,0,10236
20200531,3,60,30,30,40,115,75,0,0,10237
20200531,4,60,30,30,40,113,72,0,1,10239
20200531,5,60,30,30,40,130,75,10,29,10241
20200531,6,70,40,40,60,153,65,10,79,10245
20200531,7,70,40,50,80,167,55,10,126,10242
20200531,8,80,60,60,100,177,51,10,189,10246
20200531,9,80,60,60,100,182,30,10,244,10244
20200531,10,50,70,70,110,189,37,10,286,10242
20200531,11,50,60,70,120,198,51,10,304,10237
20200531,12,90,60,60,110,202,59,10,321,10233
20200531,13,80,60,70,120,207,51,10,309,10231
20200531,14,70,60,60,120,217,50,10,307,10227
20200531,15,60,60,60,110,215,40,10,236,10223
20200531,16,60,50,50,100,216,43,10,182,10220
20200531,17,70,60,60,100,211,43,10,150,10219
20200531,18,70,60,50,100,207,60,10,91,10220
20200531,19,40,40,40,80,195,75,10,39,10221
20200531,20,40,40,40,80,179,92,2,5,10226
20200531,21,40,40,40,70,165,95,0,0,10231
20200531,22,30,30,30,60,155,96,0,0,10232
20200531,23,40,40,40,50,146,98,0,0,10233
20200531,24,40,30,30,50,136,94,0,0,10234
20200601,1,70,30,30,50,133,80,0,0,10233
20200601,2,60,30,30,50,137,71,0,0,10233
20200601,3,70,30,20,50,126,72,0,0,10233
20200601,4,50,20,20,40,127,71,2,4,10235
20200601,5,60,20,20,40,142,78,10,34,10235
20200601,6,80,30,40,60,159,76,10,89,10236
20200601,7,70,30,30,60,177,83,10,142,10236
20200601,8,70,30,30,50,196,77,10,194,10235
20200601,9,70,40,30,70,212,76,10,244,10233
20200601,10,50,40,40,70,223,84,10,289,10229
20200601,11,10,40,40,80,227,71,10,318,10226
20200601,12,40,40,40,80,230,72,9,323,10222
20200601,13,50,40,40,80,232,50,6,268,10220
20200601,14,30,30,40,80,229,44,5,220,10216
20200601,15,40,30,40,80,242,45,7,216,10212
20200601,16,50,40,40,70,237,54,9,235,10207
20200601,17,70,40,40,70,230,41,2,79,10207
20200601,18,60,30,20,60,223,57,0,44,10205
20200601,19,20,20,20,40,220,72,10,37,10205
20200601,20,360,20,20,50,201,94,2,8,10207
20200601,21,350,20,20,40,175,106,0,0,10207
20200601,22,30,20,20,30,151,114,0,0,10207
20200601,23,30,20,20,40,147,114,0,0,10207
20200601,24,30,20,20,30,131,108,0,0,10203
20200602,1,40,20,20,40,142,108,0,0,10198
20200602,2,30,20,20,30,130,100,0,0,10195
20200602,3,60,20,10,30,119,98,0,0,10191
20200602,4,50,10,10,30,116,95,0,3,10190
20200602,5,90,20,20,40,149,93,7,29,10191
20200602,6,100,10,20,30,176,96,7,76,10189
20200602,7,140,20,20,30,198,95,10,136,10186
20200602,8,120,20,20,30,217,103,10,188,10184
20200602,9,140,20,20,40,229,101,10,231,10179
20200602,10,170,20,30,60,247,97,10,281,10173
20200602,11,190,30,20,60,260,92,9,291,10168
20200602,12,250,20,20,60,261,90,4,237,10163
20200602,13,220,30,40,60,270,86,8,279,10155
20200602,14,170,30,30,60,268,92,10,259,10149
20200602,15,260,20,20,70,272,105,9,221,10140
20200602,16,310,40,40,80,257,112,8,172,10136
20200602,17,290,40,30,80,247,98,10,133,10133
20200602,18,280,40,30,70,225,85,5,67,10131
20200602,19,290,30,20,60,211,95,8,28,10128
20200602,20,300,20,20,40,191,109,2,5,10126
20200602,21,280,20,20,40,177,119,0,0,10122
20200602,22,280,20,20,40,164,107,0,0,10116
20200602,23,270,20,20,30,152,111,0,0,10108
20200602,24,270,20,20,40,146,115,0,0,10100
20200603,1,250,20,20,40,137,116,0,0,10093
20200603,2,260,20,20,40,135,120,0,0,10085
20200603,3,260,20,20,40,134,120,0,0,10079
20200603,4,260,20,20,40,133,116,0,3,10075
20200603,5,270,20,20,40,143,119,0,22,10073
20200603,6,280,30,20,50,160,122,8,76,10068
20200603,7,270,30,30,60,172,129,9,118,10066
20200603,8,280,30,30,60,186,128,10,172,10063
20200603,9,260,30,40,70,199,121,9,223,10060
20200603,10,280,40,40,60,212,101,10,275,10056
20200603,11,270,40,40,70,220,97,8,285,10052
20200603,12,270,40,30,70,221,102,6,270,10046
20200603,13,300,40,40,70,225,90,6,252,10041
20200603,14,300,40,40,90,213,99,3,196,10038
20200603,15,300,40,50,80,204,112,2,152,10035
20200603,16,310,40,50,80,199,107,7,136,10030
20200603,17,310,40,40,80,188,115,9,107,10026
20200603,18,300,30,30,70,181,119,8,59,10025
20200603,19,330,30,30,60,175,130,7,26,10023
20200603,20,330,30,30,70,167,126,2,5,10024
20200603,21,330,40,40,70,154,124,0,0,10022
20200603,22,330,30,30,60,145,118,0,0,10017
20200603,23,320,30,30,60,143,119,0,0,10010
20200603,24,320,30,30,60,144,119,0,0,10004
20200604,1,320,30,30,60,143,116,0,0,10001
20200604,2,330,30,30,60,140,113,0,0,9993
20200604,3,330,30,40,70,138,111,0,0,9990
20200604,4,330,40,30,70,138,109,0,0,9985
20200604,5,320,40,40,80,138,106,0,3,9984
20200604,6,330,40,40,80,138,99,0,9,9982
20200604,7,330,40,40,90,139,96,0,21,9981
20200604,8,330,40,40,90,142,94,0,53,9981
20200604,9,340,40,40,80,144,96,0,73,9978
20200604,10,320,40,40,70,156,93,1,83,9975
20200604,11,330,40,40,70,164,96,3,157,9972
20200604,12,310,40,40,90,154,98,1,125,9970
20200604,13,310,40,40,90,145,108,0,82,9970
20200604,14,300,50,60,110,132,100,0,92,9971
20200604,15,300,50,40,110,122,105,0,64,9972
20200604,16,310,40,40,80,125,106,1,86,9969
20200604,17,310,40,40,90,119,99,0,46,9972
20200604,18,310,40,40,100,108,93,0,18,9978
20200604,19,310,40,30,80,110,88,3,19,9978
20200604,20,280,30,20,70,104,84,0,2,9980
20200604,21,280,30,30,60,103,73,0,0,9980
20200604,22,270,30,30,70,96,62,0,0,9980
20200604,23,260,20,20,60,94,61,0,0,9978
20200604,24,230,20,20,50,83,62,0,0,9977
20200605,1,230,20,20,40,79,57,0,0,9972
20200605,2,230,30,30,50,83,56,0,0,9970
20200605,3,230,20,20,40,80,54,0,0,9964
20200605,4,190,30,30,50,89,58,0,2,9958
20200605,5,190,30,30,50,93,66,0,8,9953
20200605,6,170,20,30,50,95,79,0,16,9943
20200605,7,170,30,40,70,98,85,0,35,9933
20200605,8,170,40,30,70,101,92,0,23,9924
20200605,9,150,30,30,100,102,95,0,13,9911
20200605,10,220,50,60,130,102,89,0,57,9909
20200605,11,210,50,50,90,109,91,0,64,9902
20200605,12,240,60,60,140,128,75,3,155,9898
20200605,13,270,60,60,130,117,89,4,170,9901
20200605,14,310,60,50,120,110,74,2,98,9917
20200605,15,300,50,60,110,112,73,1,113,9926
20200605,16,280,50,50,160,106,65,3,93,9937
20200605,17,280,40,50,100,108,64,8,117,9944
20200605,18,280,50,50,100,112,53,3,58,9950
20200605,19,260,40,40,100,103,54,2,19,9955
20200605,20,240,30,40,70,100,55,2,12,9958
20200605,21,230,30,30,70,91,53,0,0,9961
20200605,22,220,30,30,50,85,55,0,0,9962
20200605,23,210,30,30,60,86,58,0,0,9964
20200605,24,210,40,40,70,87,62,0,0,9963
20200606,1,200,40,50,80,89,63,0,0,9964
20200606,2,220,50,50,90,91,48,0,0,9963
20200606,3,220,50,50,80,88,47,0,0,9963
20200606,4,200,40,40,80,83,55,0,3,9965
20200606,5,200,40,40,70,89,63,10,32,9966
20200606,6,200,40,50,70,101,70,10,78,9969
20200606,7,230,50,60,110,85,62,5,77,9975
20200606,8,210,50,60,100,113,77,8,154,9973
20200606,9,220,60,70,120,119,65,9,207,9974
20200606,10,210,70,60,130,119,72,7,216,9978
20200606,11,240,80,90,140,140,21,9,250,9983
20200606,12,230,80,80,160,147,19,9,282,9986
20200606,13,230,80,80,160,150,26,8,264,9987
20200606,14,230,80,60,140,148,35,5,145,9988
20200606,15,240,70,70,140,143,44,1,68,9991
20200606,16,230,70,70,140,146,47,1,91,9992
20200606,17,240,70,50,150,135,58,0,76,9996
20200606,18,230,50,40,110,125,63,0,36,9997
20200606,19,210,70,80,130,120,64,0,15,9997
20200606,20,200,70,70,130,116,66,0,3,10000
20200606,21,190,60,50,130,116,69,0,0,10000
20200606,22,200,50,60,120,111,77,0,0,9999
20200606,23,210,50,60,120,107,81,0,0,10001
20200606,24,200,50,50,110,103,87,0,0,9998
20200607,1,210,50,50,90,103,93,0,0,10001
20200607,2,210,40,40,80,103,91,0,0,10002
20200607,3,210,40,40,80,103,90,0,0,10006
20200607,4,220,40,30,70,101,89,0,2,10011
20200607,5,210,40,30,80,106,88,2,16,10018
20200607,6,240,40,40,80,104,87,0,27,10028
20200607,7,240,40,40,80,127,98,5,87,10035
20200607,8,270,40,50,100,125,85,4,94,10044
20200607,9,260,50,40,100,142,87,5,175,10051
20200607,10,270,50,40,90,153,75,8,190,10059
20200607,11,280,40,40,90,157,81,5,182,10067
20200607,12,260,50,50,110,140,61,1,116,10077
20200607,13,260,40,50,90,140,83,0,98,10083
20200607,14,250,40,30,80,149,77,0,95,10084
20200607,15,240,40,40,80,137,90,0,43,10089
20200607,16,260,40,30,70,138,98,0,44,10092
20200607,17,270,30,40,60,143,82,0,61,10096
20200607,18,270,40,40,80,138,86,0,32,10103
20200607,19,260,30,40,90,133,87,2,17,10106
20200607,20,260,40,40,70,128,92,3,7,10111
20200607,21,260,30,30,60,123,94,0,0,10115
20200607,22,240,30,20,60,117,98,0,0,10117
20200607,23,240,20,30,40,118,101,0,0,10118
20200607,24,240,30,30,60,118,102,0,0,10117
20200608,1,240,30,30,70,117,105,0,0,10116
20200608,2,230,30,30,40,118,107,0,0,10116
20200608,3,230,20,20,30,117,110,0,0,10116
20200608,4,260,20,20,40,117,107,0,2,10120
20200608,5,270,20,20,30,123,110,5,31,10123
20200608,6,290,20,20,40,128,104,9,79,10129
20200608,7,300,20,20,50,134,107,5,84,10134
20200608,8,320,20,20,40,141,102,0,74,10138
20200608,9,350,20,30,50,147,93,2,98,10141
20200608,10,330,30,40,70,155,93,5,200,10143
20200608,11,330,30,40,60,170,75,5,239,10143
20200608,12,330,40,40,80,178,79,5,240,10144
20200608,13,330,40,40,90,183,82,10,320,10146
20200608,14,300,50,50,80,181,95,10,304,10148
20200608,15,300,50,40,80,180,100,10,274,10151
20200608,16,330,50,50,80,177,102,10,220,10152
20200608,17,350,50,50,90,173,94,10,159,10154
20200608,18,350,50,50,90,164,90,10,110,10158
20200608,19,360,50,50,90,148,93,10,45,10165
20200608,20,350,50,60,90,139,99,3,8,10170
20200608,21,360,50,50,90,134,92,0,0,10176
20200608,22,30,40,40,90,129,90,0,0,10182
20200608,23,10,40,40,80,125,88,0,0,10185
20200608,24,30,50,40,90,118,76,0,0,10185
20200609,1,20,40,40,70,117,73,0,0,10185
20200609,2,30,30,30,70,115,72,0,0,10183
20200609,3,10,30,30,60,114,69,0,0,10184
20200609,4,20,30,20,50,112,70,0,1,10189
20200609,5,30,30,30,50,112,70,0,5,10192
20200609,6,40,20,20,50,116,74,0,27,10193
20200609,7,50,30,30,60,124,75,0,57,10196
20200609,8,40,30,30,50,126,70,0,64,10200
20200609,9,30,30,30,50,139,72,1,126,10200
20200609,10,30,30,30,60,149,72,6,248,10198
20200609,11,20,30,30,60,143,73,0,105,10201
20200609,12,350,20,30,50,144,71,0,54,10200
20200609,13,10,30,30,50,156,78,2,154,10194
20200609,14,360,30,30,60,156,79,3,203,10193
20200609,15,40,30,30,60,165,81,3,151,10189
20200609,16,360,20,30,50,160,68,0,102,10187
20200609,17,350,20,30,50,156,70,2,91,10187
20200609,18,30,30,20,50,153,74,0,28,10188
20200609,19,30,20,20,40,151,71,5,27,10189
20200609,20,360,30,30,50,138,68,3,11,10193
20200609,21,20,20,10,40,116,73,0,0,10196
20200609,22,360,20,20,40,124,71,0,0,10194
20200609,23,340,20,10,40,104,75,0,0,10192
20200609,24,20,10,10,30,94,74,0,0,10188
20200610,1,30,20,10,40,86,70,0,0,10182
20200610,2,340,10,10,20,74,64,0,0,10179
20200610,3,60,10,10,20,64,59,0,0,10177
20200610,4,20,10,10,20,68,63,0,2,10176
20200610,5,340,10,10,20,89,76,0,14,10177
20200610,6,40,10,20,20,102,74,0,24,10177
20200610,7,80,10,10,30,138,90,7,128,10175
20200610,8,80,10,20,30,153,86,2,126,10172
20200610,9,90,20,20,40,170,94,8,229,10168
20200610,10,80,30,20,50,159,89,2,166,10167
20200610,11,70,30,40,60,162,98,0,147,10164
20200610,12,60,40,40,70,167,97,2,193,10161
20200610,13,100,30,30,60,165,98,0,97,10159
20200610,14,50,30,30,60,164,92,0,61,10155
20200610,15,50,20,20,50,166,108,0,42,10151
20200610,16,30,20,20,50,171,106,0,90,10147
20200610,17,40,30,30,50,174,113,6,96,10144
20200610,18,60,30,30,50,169,117,0,33,10144
20200610,19,30,20,20,40,166,119,0,14,10144
20200610,20,30,20,20,40,153,127,0,2,10145
20200610,21,50,20,30,40,146,122,0,0,10146
20200610,22,50,30,20,40,144,119,0,0,10145
20200610,23,60,20,30,40,144,115,0,0,10142
20200610,24,30,20,20,30,139,117,0,0,10139
20200611,1,30,20,20,30,136,120,0,0,10135
20200611,2,40,20,20,50,137,115,0,0,10131
20200611,3,50,30,20,50,134,111,0,0,10128
20200611,4,50,30,40,60,132,108,0,1,10128
20200611,5,40,30,30,60,136,110,0,24,10127
20200611,6,50,40,40,80,145,115,0,37,10127
20200611,7,40,40,40,90,151,117,0,71,10127
20200611,8,40,40,30,80,144,127,0,53,10126
20200611,9,10,30,30,50,141,129,0,33,10120
20200611,10,30,20,20,50,144,135,0,48,10118
20200611,11,50,20,20,40,147,133,0,62,10116
20200611,12,80,20,20,40,147,135,0,37,10112
20200611,13,90,20,10,30,163,139,1,100,10108
20200611,14,80,20,20,40,174,140,3,143,10105
20200611,15,100,30,30,50,187,122,2,163,10099
20200611,16,80,30,20,50,198,123,10,214,10098
20200611,17,90,30,30,60,192,117,5,105,10098
20200611,18,60,30,20,70,192,120,3,46,10098
20200611,19,70,30,30,50,183,118,10,43,10098
20200611,20,50,20,20,40,168,119,3,9,10103
20200611,21,50,30,30,40,157,124,0,0,10106
20200611,22,50,30,30,40,151,128,0,0,10107
20200611,23,40,30,30,50,149,129,0,0,10107
20200611,24,40,30,30,50,151,133,0,0,10102
20200612,1,60,30,30,50,145,132,0,0,10098
20200612,2,50,30,20,50,147,136,0,0,10096
20200612,3,50,20,20,40,148,137,0,0,10091
20200612,4,50,30,30,50,149,139,0,1,10087
20200612,5,60,30,30,50,156,142,5,27,10084
20200612,6,90,40,40,60,168,144,8,75,10086
20200612,7,100,40,40,70,184,145,10,132,10084
20200612,8,90,40,40,80,203,152,10,189,10079
20200612,9,100,50,50,80,211,136,8,191,10073
20200612,10,120,50,50,90,221,137,8,225,10071
20200612,11,130,60,60,100,234,128,10,300,10068
20200612,12,140,50,50,100,239,132,9,310,10066
20200612,13,120,50,50,100,253,141,9,315,10063
20200612,14,160,50,60,80,255,125,10,294,10061
20200612,15,150,40,40,90,259,126,9,242,10059
20200612,16,140,30,10,70,251,135,0,70,10058
20200612,17,240,30,50,90,223,138,0,32,10066
20200612,18,280,30,20,90,200,155,0,15,10065
20200612,19,350,30,30,50,197,156,7,27,10065
20200612,20,340,20,20,40,189,162,3,11,10066
20200612,21,360,30,30,60,186,160,0,0,10067
20200612,22,230,70,40,200,160,151,0,0,10093
20200612,23,330,20,20,70,158,150,0,0,10084
20200612,24,60,20,20,40,155,151,0,0,10087
20200613,1,110,20,20,50,155,152,0,0,10097
20200613,2,140,20,20,40,155,149,0,0,10098
20200613,3,80,20,20,50,153,149,0,0,10091
20200613,4,140,20,20,40,155,148,0,3,10097
20200613,5,70,10,10,40,160,153,2,22,10093
20200613,6,180,20,30,40,168,155,4,56,10101
20200613,7,150,20,30,50,178,162,6,101,10108
20200613,8,150,30,20,60,194,160,10,181,10108
20200613,9,150,30,40,70,203,156,10,233,10111
20200613,10,140,40,40,70,214,151,9,263,10113
20200613,11,180,30,30,60,225,155,10,302,10112
20200613,12,180,30,20,60,237,154,10,316,10113
20200613,13,120,30,30,60,242,152,9,301,10112
20200613,14,160,20,20,60,253,155,10,284,10108
20200613,15,110,30,30,50,250,145,10,229,10106
20200613,16,150,20,30,40,251,147,9,202,10103
20200613,17,990,20,10,40,260,139,10,148,10101
20200613,18,40,30,40,70,232,166,8,89,10108
20200613,19,30,50,50,90,216,158,5,35,10121
20200613,20,30,30,20,70,208,166,2,7,10121
20200613,21,360,30,20,50,200,164,0,0,10124
20200613,22,350,20,10,50,187,165,0,0,10127
20200613,23,350,10,20,30,175,165,0,0,10120
20200613,24,10,10,10,30,168,161,0,0,10124
20200614,1,350,10,10,20,166,160,0,0,10121
20200614,2,190,10,20,20,159,156,0,0,10122
20200614,3,250,10,10,20,158,155,0,0,10121
20200614,4,330,10,20,30,171,168,0,3,10125
20200614,5,20,20,20,50,176,175,0,17,10127
20200614,6,30,10,10,20,178,176,0,27,10130
20200614,7,260,10,20,30,193,176,2,80,10131
20200614,8,990,10,10,20,210,183,2,122,10135
20200614,9,240,20,20,40,226,185,4,170,10137
20200614,10,280,30,40,50,223,176,2,167,10139
20200614,11,260,30,50,80,215,170,0,100,10142
20200614,12,270,40,30,80,212,168,0,85,10144
20200614,13,280,40,40,80,194,154,0,77,10144
20200614,14,270,30,30,80,198,142,0,91,10146
20200614,15,280,40,50,90,193,136,0,102,10146
20200614,16,310,40,30,80,188,138,0,68,10155
20200614,17,320,30,30,80,179,134,0,41,10157
20200614,18,300,20,20,60,177,137,0,23,10157
20200614,19,300,20,20,40,170,131,0,11,10157
20200614,20,290,20,20,40,167,130,0,3,10159
20200614,21,300,20,20,40,164,129,0,0,10160
20200614,22,280,10,20,30,156,134,0,0,10160
20200614,23,230,20,20,40,156,133,0,0,10160
20200614,24,260,10,10,30,156,135,0,0,10160
20200615,1,230,10,10,20,152,136,0,0,10162
20200615,2,240,10,20,30,157,132,0,0,10160
20200615,3,260,10,10,30,157,130,0,0,10158
20200615,4,280,10,20,30,158,129,0,2,10158
20200615,5,250,10,10,30,165,124,0,15,10160
20200615,6,270,10,10,30,175,127,2,52,10163
20200615,7,280,20,20,30,185,124,0,80,10166
20200615,8,280,20,20,50,193,126,3,118,10166
20200615,9,240,20,20,40,198,132,0,99,10168
20200615,10,280,20,20,40,200,131,0,94,10170
20200615,11,270,20,30,40,209,129,0,143,10170
20200615,12,270,30,30,50,226,128,8,309,10167
20200615,13,260,20,30,50,228,137,5,216,10164
20200615,14,290,20,20,50,231,137,3,173,10162
20200615,15,340,30,30,80,226,130,5,192,10161
20200615,16,350,30,30,60,225,125,5,129,10162
20200615,17,330,30,30,50,219,123,8,101,10162
20200615,18,330,20,20,40,212,127,0,42,10162
20200615,19,20,20,20,40,202,123,2,23,10163
20200615,20,20,20,10,40,195,128,0,5,10167
20200615,21,30,10,10,20,171,144,0,0,10168
20200615,22,30,10,10,10,171,141,0,0,10167
20200615,23,20,10,10,10,168,143,0,0,10165
20200615,24,990,10,10,20,165,148,0,0,10162
20200616,1,0,10,0,20,163,149,0,0,10160
20200616,2,0,0,0,10,159,152,0,0,10158
20200616,3,10,10,10,10,158,150,0,0,10156
20200616,4,0,0,0,10,157,152,0,1,10157
20200616,5,360,10,10,10,162,157,0,9,10157
20200616,6,40,0,10,10,170,162,0,16,10160
20200616,7,10,10,10,20,184,165,0,42,10161
20200616,8,60,20,20,30,190,153,0,86,10159
20200616,9,80,10,10,20,199,159,0,100,10159
20200616,10,140,10,10,30,201,156,0,125,10159
20200616,11,160,10,10,20,197,158,0,87,10156
20200616,12,80,20,20,30,192,166,0,56,10155
20200616,13,70,30,30,50,200,169,0,134,10150
20200616,14,100,30,20,50,205,159,0,140,10151
20200616,15,110,30,20,40,207,152,0,96,10149
20200616,16,140,20,20,40,201,152,0,60,10147
20200616,17,990,10,10,20,195,166,0,39,10143
20200616,18,290,20,20,50,178,155,0,15,10141
20200616,19,270,10,10,30,175,159,0,6,10142
20200616,20,20,0,10,10,174,164,0,2,10141
20200616,21,240,10,20,30,165,156,0,0,10140
20200616,22,0,10,0,20,159,154,0,0,10141
20200616,23,30,10,10,20,154,151,0,0,10142
20200616,24,50,10,10,20,144,140,0,0,10141
20200617,1,40,10,10,20,137,134,0,0,10138
20200617,2,80,10,10,20,134,132,0,0,10134
20200617,3,60,20,10,30,135,135,0,0,10130
20200617,4,70,10,10,20,126,125,0,3,10130
20200617,5,50,10,10,20,150,147,3,25,10131
20200617,6,60,20,20,40,170,149,7,64,10132
20200617,7,70,20,20,30,194,153,8,119,10134
20200617,8,70,20,30,40,205,147,5,151,10134
20200617,9,80,30,30,60,215,152,8,221,10131
20200617,10,30,30,40,70,221,141,7,220,10131
20200617,11,30,40,40,70,227,133,5,242,10127
20200617,12,60,40,40,70,232,128,8,295,10120
20200617,13,30,50,50,90,231,122,7,243,10113
20200617,14,50,50,60,90,239,120,9,274,10112
20200617,15,50,50,40,80,227,130,1,136,10108
20200617,16,40,40,40,80,235,133,7,164,10102
20200617,17,30,40,40,70,229,142,3,94,10099
20200617,18,360,40,30,70,210,162,0,31,10097
20200617,19,350,30,30,80,189,169,0,7,10094
20200617,20,140,40,30,90,181,159,0,3,10104
20200617,21,40,20,30,60,176,164,0,0,10104
20200617,22,110,20,10,50,171,164,0,0,10106
20200617,23,50,20,30,40,168,158,0,0,10101
20200617,24,60,20,20,40,168,160,0,0,10101
20200618,1,50,20,20,40,165,160,0,0,10094
20200618,2,80,20,20,40,165,159,0,0,10091
20200618,3,110,10,10,30,161,157,0,0,10087
20200618,4,90,20,20,30,163,158,0,1,10087
20200618,5,200,30,40,70,155,146,0,2,10091
20200618,6,210,40,40,70,156,143,0,12,10094
20200618,7,200,40,30,70,161,141,0,43,10097
20200618,8,200,30,40,60,168,140,1,81,10104
20200618,9,200,40,40,60,176,141,0,84,10110
20200618,10,200,40,40,70,185,135,0,134,10112
20200618,11,220,40,40,80,202,136,3,187,10113
20200618,12,210,40,40,70,214,132,8,308,10113
20200618,13,210,40,30,80,217,132,6,249,10112
20200618,14,190,20,20,50,213,122,1,135,10113
20200618,15,190,10,10,40,216,126,1,115,10112
20200618,16,130,20,20,40,212,141,0,87,10113
20200618,17,140,20,20,40,211,140,2,68,10111
20200618,18,140,10,20,30,209,147,3,55,10114
20200618,19,290,30,30,90,171,131,0,9,10125
20200618,20,30,20,40,60,153,140,0,0,10127
20200618,21,330,20,20,40,150,142,0,0,10134
20200618,22,0,10,0,30,145,139,0,0,10136
20200618,23,990,10,10,20,136,134,0,0,10137
20200618,24,120,10,10,20,131,128,0,0,10138
20200619,1,150,10,10,10,122,122,0,0,10136
20200619,2,160,10,10,10,115,113,0,0,10137
20200619,3,0,10,0,10,110,109,0,0,10137
20200619,4,240,10,10,10,113,112,0,3,10140
20200619,5,110,10,10,10,140,138,8,33,10140
20200619,6,990,10,10,10,165,149,10,80,10143
20200619,7,210,10,10,30,185,146,9,128,10144
20200619,8,180,10,20,40,201,153,10,186,10145
20200619,9,190,30,30,50,203,147,9,221,10148
20200619,10,200,40,40,80,210,138,8,240,10150
20200619,11,210,50,50,90,217,128,9,270,10153
20200619,12,240,40,40,80,213,126,7,231,10155
20200619,13,250,50,40,80,214,127,5,233,10158
20200619,14,270,30,30,70,204,133,1,127,10162
20200619,15,250,40,40,90,219,129,5,184,10164
20200619,16,270,30,20,70,213,120,7,165,10165
20200619,17,300,30,20,80,207,122,5,112,10166
20200619,18,260,40,50,100,188,127,0,30,10173
20200619,19,260,40,40,90,182,113,0,12,10177
20200619,20,260,30,20,60,175,105,2,8,10180
20200619,21,230,20,20,40,162,110,0,0,10186
20200619,22,230,20,10,30,131,119,0,0,10190
20200619,23,240,10,10,20,120,114,0,0,10192
20200619,24,220,10,20,30,115,109,0,0,10196
20200620,1,220,20,20,40,129,109,0,0,10196
20200620,2,230,20,30,50,137,108,0,0,10195
20200620,3,240,20,20,50,134,107,0,0,10197
20200620,4,240,20,30,40,134,109,0,3,10201
20200620,5,230,20,10,50,145,117,10,32,10202
20200620,6,230,20,30,50,157,123,10,80,10205
20200620,7,270,30,30,60,160,124,8,111,10210
20200620,8,260,20,20,50,175,122,7,140,10211
20200620,9,230,20,10,50,180,116,4,148,10212
20200620,10,210,20,10,40,187,120,3,129,10215
20200620,11,230,20,20,40,194,123,2,132,10215
20200620,12,240,20,30,50,182,127,0,63,10217
20200620,13,270,20,20,50,198,119,1,158,10215
20200620,14,250,10,20,40,214,109,7,257,10213
20200620,15,310,20,20,50,209,116,4,155,10212
20200620,16,330,20,30,50,215,126,3,93,10209
20200620,17,290,30,30,60,208,121,7,127,10209
20200620,18,320,30,30,50,203,116,10,114,10209
20200620,19,330,20,20,40,194,106,10,54,10210
20200620,20,30,20,20,40,163,116,3,11,10211
20200620,21,0,0,0,20,136,118,0,0,10212
20200620,22,0,10,0,20,126,116,0,0,10212
20200620,23,60,10,10,10,116,112,0,0,10210
20200620,24,70,10,10,20,113,109,0,0,10207
20200621,1,120,20,20,30,109,105,0,0,10202
20200621,2,120,20,20,30,112,109,0,0,10198
20200621,3,140,10,20,20,109,105,0,0,10195
20200621,4,140,20,20,30,115,110,0,4,10194
20200621,5,140,30,20,50,146,120,10,31,10193
20200621,6,150,30,30,50,170,127,10,80,10190
20200621,7,160,40,40,70,196,135,10,149,10189
20200621,8,160,40,40,70,203,132,3,136,10186
20200621,9,180,40,40,80,219,134,5,170,10184
20200621,10,180,50,50,90,217,136,6,247,10183
20200621,11,210,50,60,100,235,123,10,312,10182
20200621,12,190,50,50,100,238,123,7,237,10179
20200621,13,200,50,40,90,232,125,3,187,10179
20200621,14,210,50,50,90,236,132,2,151,10178
20200621,15,250,50,50,100,220,133,0,69,10180
20200621,16,280,40,30,90,198,132,0,51,10185
20200621,17,240,30,20,70,211,140,2,63,10186
20200621,18,250,30,30,50,212,138,10,93,10185
20200621,19,250,30,40,70,206,141,8,42,10189
20200621,20,240,30,30,60,196,142,3,8,10192
20200621,21,270,30,40,80,183,129,0,0,10202
20200621,22,260,40,40,80,174,92,0,0,10207
20200621,23,270,30,40,80,164,109,0,0,10210
20200621,24,240,30,20,70,157,118,0,0,10213
20200622,1,220,20,10,50,141,119,0,0,10216
20200622,2,230,20,20,30,133,117,0,0,10218
20200622,3,230,20,20,30,135,128,0,0,10222
20200622,4,240,20,20,40,139,132,0,4,10228
20200622,5,250,20,10,30,154,133,10,33,10231
20200622,6,290,20,20,40,172,127,10,79,10237
20200622,7,300,20,30,40,182,123,10,136,10244
20200622,8,270,30,20,50,192,116,10,182,10249
20200622,9,290,30,20,50,209,109,10,238,10253
20200622,10,290,30,40,70,208,94,10,284,10255
20200622,11,260,30,30,80,212,104,7,237,10259
20200622,12,300,30,30,70,221,87,6,219,10262
20200622,13,300,30,30,90,213,98,3,167,10262
20200622,14,280,30,20,70,218,95,6,211,10261
20200622,15,270,30,30,70,224,99,10,248,10258
20200622,16,350,30,30,60,216,99,10,209,10255
20200622,17,260,30,30,60,218,90,10,157,10254
20200622,18,310,20,20,50,212,96,10,101,10254
20200622,19,320,30,30,50,196,102,10,49,10256
20200622,20,330,20,20,40,173,110,3,11,10255
20200622,21,60,10,10,30,141,117,0,0,10256
20200622,22,50,10,10,20,126,114,0,0,10258
20200622,23,50,10,10,10,115,108,0,0,10259
20200622,24,50,0,10,10,112,107,0,0,10259
20200623,1,50,0,10,10,105,102,0,0,10257
20200623,2,0,10,0,10,99,96,0,0,10256
20200623,3,60,10,10,10,100,95,0,0,10256
20200623,4,0,10,0,10,101,95,0,3,10257
20200623,5,60,10,10,10,129,105,10,30,10257
20200623,6,140,10,10,20,170,115,10,78,10258
20200623,7,160,20,20,30,191,121,10,135,10259
20200623,8,210,20,30,40,207,120,10,189,10260
20200623,9,220,20,30,60,218,115,10,238,10260
20200623,10,230,20,20,40,230,113,10,272,10260
20200623,11,990,20,10,50,238,122,10,303,10259
20200623,12,150,20,20,40,239,119,10,313,10258
20200623,13,990,20,10,40,250,116,10,306,10255
20200623,14,280,10,20,40,258,128,10,282,10250
20200623,15,290,20,20,50,265,131,10,250,10246
20200623,16,990,20,10,50,262,123,10,205,10242
20200623,17,330,30,30,60,259,136,10,154,10240
20200623,18,40,40,40,60,240,134,10,98,10239
20200623,19,30,40,30,60,231,134,10,48,10239
20200623,20,30,30,30,50,218,137,3,10,10242
20200623,21,20,20,20,40,204,135,0,0,10245
20200623,22,40,20,20,40,176,137,0,0,10243
20200623,23,50,20,20,30,167,135,0,0,10241
20200623,24,50,20,10,40,162,138,0,0,10241
20200624,1,70,10,10,20,150,136,0,0,10240
20200624,2,60,10,20,20,151,137,0,0,10237
20200624,3,70,20,20,40,155,135,0,0,10238
20200624,4,70,20,30,40,162,133,0,4,10239
20200624,5,90,20,20,40,185,134,10,32,10240
20200624,6,90,30,30,50,208,130,10,78,10238
20200624,7,100,30,40,60,226,130,10,134,10238
20200624,8,120,30,40,60,241,125,10,188,10237
20200624,9,90,40,40,70,256,125,10,239,10232
20200624,10,110,40,50,80,266,112,10,280,10229
20200624,11,110,40,50,70,277,119,10,308,10227
20200624,12,110,40,30,70,285,109,10,328,10221
20200624,13,70,40,40,70,288,115,10,323,10219
20200624,14,60,40,40,70,292,131,9,279,10214
20200624,15,100,40,40,90,286,130,10,245,10213
20200624,16,100,40,40,80,285,129,6,155,10209
20200624,17,100,40,50,80,281,124,10,130,10207
20200624,18,80,50,40,90,273,132,10,115,10206
20200624,19,80,50,40,80,257,124,10,50,10207
20200624,20,80,40,40,70,238,120,3,12,10210
20200624,21,70,40,30,60,219,108,0,0,10215
20200624,22,70,30,40,50,204,92,0,0,10215
20200624,23,70,40,40,60,207,91,0,0,10212
20200624,24,70,40,40,80,198,104,0,0,10210
20200625,1,90,40,40,70,187,112,0,0,10207
20200625,2,90,30,30,60,177,117,0,0,10205
20200625,3,90,30,30,50,172,119,0,0,10204
20200625,4,100,30,30,60,176,122,0,4,10204
20200625,5,100,30,30,50,189,129,10,35,10202
20200625,6,100,30,40,60,205,132,10,80,10202
20200625,7,110,40,40,70,226,138,10,135,10201
20200625,8,140,50,50,80,234,137,10,190,10201
20200625,9,160,40,40,70,248,145,10,241,10197
20200625,10,110,40,50,100,264,134,10,280,10194
20200625,11,130,50,50,90,272,132,10,308,10189
20200625,12,120,50,60,100,280,141,10,320,10184
20200625,13,110,60,50,130,284,136,10,292,10178
20200625,14,100,50,40,90,288,144,10,266,10171
20200625,15,120,50,50,90,291,141,10,257,10165
20200625,16,120,50,40,100,291,153,10,182,10159
20200625,17,90,50,40,90,285,151,10,133,10154
20200625,18,100,50,50,80,276,149,8,94,10150
20200625,19,100,40,40,80,267,155,10,46,10151
20200625,20,90,30,30,60,248,154,3,10,10153
20200625,21,90,30,40,50,240,158,0,0,10154
20200625,22,90,40,30,60,232,163,0,0,10149
20200625,23,100,30,30,50,223,165,0,0,10144
20200625,24,100,30,30,40,213,164,0,0,10141
20200626,1,110,30,30,40,204,163,0,0,10139
20200626,2,110,20,20,30,192,160,0,0,10136
20200626,3,110,20,30,40,192,152,0,0,10131
20200626,4,100,20,30,40,204,148,0,3,10131
20200626,5,110,30,30,50,210,148,7,28,10126
20200626,6,130,30,30,60,223,149,10,75,10127
20200626,7,140,40,40,80,231,153,10,130,10127
20200626,8,140,40,50,80,246,150,10,186,10123
20200626,9,130,50,50,80,261,148,10,239,10118
20200626,10,120,50,60,80,270,134,10,282,10116
20200626,11,160,50,50,100,277,128,10,307,10109
20200626,12,120,50,50,100,284,141,10,315,10111
20200626,13,160,40,40,90,293,133,10,305,10106
20200626,14,160,40,40,90,293,133,10,282,10102
20200626,15,120,30,20,60,294,137,10,249,10094
20200626,16,180,20,30,50,299,128,10,207,10088
20200626,17,160,30,30,50,291,136,9,150,10088
20200626,18,120,20,20,50,276,147,2,48,10086
20200626,19,210,30,40,100,240,182,0,9,10093
20200626,20,250,40,30,70,224,174,0,2,10097
20200626,21,230,20,20,50,211,186,0,0,10101
20200626,22,190,30,30,70,199,186,0,0,10103
20200626,23,330,10,20,40,196,187,0,0,10098
20200626,24,250,10,10,30,193,190,0,0,10092
20200627,1,990,10,10,20,189,185,0,0,10089
20200627,2,170,10,20,40,185,183,0,0,10089
20200627,3,130,20,20,50,182,179,0,0,10082
20200627,4,150,10,10,40,188,185,0,6,10085
20200627,5,160,20,10,30,191,187,2,17,10085
20200627,6,200,20,30,50,197,186,0,30,10091
20200627,7,200,20,20,60,201,190,1,41,10088
20200627,8,200,30,40,60,216,178,8,153,10085
20200627,9,220,40,50,90,226,180,7,201,10081
20200627,10,230,50,50,100,220,176,2,110,10084
20200627,11,210,50,50,100,236,178,4,148,10085
20200627,12,230,50,40,90,237,163,4,187,10080
20200627,13,240,40,50,110,244,163,2,166,10080
20200627,14,240,50,40,100,222,175,3,117,10084
20200627,15,230,60,60,120,210,163,3,143,10087
20200627,16,210,60,60,120,215,157,7,154,10083
20200627,17,210,50,50,110,225,159,7,106,10077
20200627,18,200,50,50,110,225,149,6,58,10077
20200627,19,210,60,80,150,215,153,2,23,10083
20200627,20,230,40,40,80,184,158,0,3,10090
20200627,21,210,20,20,70,178,157,0,0,10091
20200627,22,210,30,30,80,182,151,0,0,10093
20200627,23,220,30,30,70,184,129,0,0,10094
20200627,24,220,40,30,70,182,123,0,0,10092
20200628,1,200,40,40,80,177,126,0,0,10090
20200628,2,220,40,40,90,176,118,0,0,10090
20200628,3,220,40,60,90,167,119,0,0,10093
20200628,4,220,50,40,100,162,110,0,0,10095
20200628,5,210,50,50,90,161,104,0,11,10097
20200628,6,220,50,50,90,161,107,0,32,10102
20200628,7,210,50,50,100,164,113,1,42,10108
20200628,8,220,60,80,130,170,107,3,92,10114
20200628,9,230,70,60,130,180,103,8,188,10118
20200628,10,230,70,70,140,188,90,7,208,10121
20200628,11,240,70,60,130,180,95,6,217,10123
20200628,12,230,60,70,120,194,91,7,255,10124
20200628,13,230,70,80,130,204,87,9,271,10123
20200628,14,230,60,70,130,203,94,4,144,10125
20200628,15,230,60,50,130,209,91,8,209,10124
20200628,16,240,60,60,120,207,89,9,160,10123
20200628,17,240,60,60,120,204,83,9,138,10122
20200628,18,250,60,60,120,199,90,10,104,10123
20200628,19,240,50,40,110,184,91,10,50,10122
20200628,20,240,40,40,80,173,96,3,11,10122
20200628,21,230,30,30,70,163,97,0,0,10122
20200628,22,200,30,30,60,154,99,0,0,10118
20200628,23,210,40,40,80,157,76,0,0,10117
20200628,24,220,40,50,90,155,78,0,0,10114
20200629,1,220,50,40,110,148,75,0,0,10112
20200629,2,210,40,40,90,139,81,0,0,10111
20200629,3,200,40,40,80,136,85,0,0,10109
20200629,4,200,40,40,70,135,88,0,5,10107
20200629,5,200,40,40,70,141,101,2,23,10106
20200629,6,210,50,50,100,147,103,4,55,10106
20200629,7,210,60,60,110,158,104,7,116,10105
20200629,8,220,60,60,110,162,99,2,99,10107
20200629,9,220,60,60,130,166,90,6,191,10109
20200629,10,220,60,60,120,173,90,2,131,10108
20200629,11,230,70,60,140,164,83,1,96,10113
20200629,12,240,60,70,130,160,90,2,109,10112
20200629,13,220,60,70,120,169,85,0,82,10108
20200629,14,250,60,60,120,177,88,0,74,10106
20200629,15,230,60,60,130,177,88,0,111,10103
20200629,16,240,60,60,120,175,87,1,78,10101
20200629,17,250,60,70,140,188,77,9,138,10100
20200629,18,240,70,60,140,173,73,5,74,10098
20200629,19,230,70,60,140,169,78,0,18,10096
20200629,20,230,70,60,150,162,79,3,8,10096
20200629,21,230,60,70,120,159,79,0,0,10095
20200629,22,230,60,60,130,158,75,0,0,10092
20200629,23,220,60,60,120,154,90,0,0,10091
20200629,24,220,60,60,100,152,96,0,0,10087
20200630,1,220,60,60,110,151,101,0,0,10082
20200630,2,220,60,70,130,147,104,0,0,10080
20200630,3,220,60,60,110,147,107,0,0,10077
20200630,4,210,60,60,110,143,106,0,0,10079
20200630,5,220,60,60,110,143,108,0,12,10078
20200630,6,220,50,50,110,144,111,0,11,10079
20200630,7,210,50,50,110,148,112,0,17,10080
20200630,8,220,50,50,100,155,113,0,44,10083
20200630,9,230,60,70,140,172,111,4,149,10080
20200630,10,230,70,90,150,151,127,3,106,10086
20200630,11,220,60,70,140,176,126,1,129,10083
20200630,12,230,70,80,140,183,117,1,126,10084
20200630,13,240,70,60,140,190,115,3,136,10083
20200630,14,230,50,50,120,181,130,0,82,10083
20200630,15,210,50,50,90,166,142,0,50,10082
20200630,16,200,50,50,90,164,153,0,40,10076
20200630,17,200,40,40,90,163,151,0,20,10070
20200630,18,220,50,50,90,164,157,0,12,10066
20200630,19,240,50,60,120,161,154,0,7,10067
20200630,20,240,50,40,100,161,151,0,2,10068
20200630,21,250,30,20,70,160,154,0,0,10069
20200630,22,260,30,30,70,158,152,0,0,10068
20200630,23,260,20,20,50,158,153,0,0,10067
20200630,24,220,20,20,40,160,156,0,0,10063
20200701,1,230,20,20,50,164,158,0,0,10059
20200701,2,230,30,30,50,165,155,0,0,10055
20200701,3,220,20,20,50,165,157,0,0,10053
20200701,4,230,20,30,50,167,158,0,0,10051
20200701,5,230,30,40,70,170,161,0,4,10050
20200701,6,230,30,30,60,169,162,0,10,10050
20200701,7,220,30,40,70,175,161,3,50,10050
20200701,8,220,40,40,80,176,160,1,55,10052
20200701,9,230,40,40,90,183,159,0,95,10051
20200701,10,230,40,50,90,189,149,2,163,10051
20200701,11,220,50,50,90,188,147,1,148,10052
20200701,12,220,50,50,90,196,150,2,154,10054
20200701,13,250,70,60,130,197,127,8,292,10058
20200701,14,260,50,60,110,194,123,3,146,10061
20200701,15,240,60,60,110,195,123,2,135,10064
20200701,16,250,50,50,100,197,118,4,129,10065
20200701,17,250,50,50,100,200,117,9,148,10068
20200701,18,260,50,50,110,196,117,10,101,10070
20200701,19,250,40,40,90,186,114,10,49,10071
20200701,20,250,30,40,80,178,118,3,13,10073
20200701,21,240,30,30,70,166,120,0,0,10077
20200701,22,240,30,40,70,164,119,0,0,10080
20200701,23,220,40,40,70,159,124,0,0,10080
20200701,24,230,40,40,70,161,127,0,0,10080
20200702,1,220,40,40,80,155,127,0,0,10082
20200702,2,210,30,30,60,156,127,0,0,10081
20200702,3,210,30,30,60,154,129,0,0,10082
20200702,4,210,30,30,60,153,132,0,1,10083
20200702,5,200,30,30,50,153,134,0,7,10085
20200702,6,210,40,30,60,156,137,0,17,10088
20200702,7,210,40,50,70,164,139,0,39,10091
20200702,8,210,40,50,100,183,141,5,115,10092
20200702,9,240,50,50,90,182,136,4,137,10096
20200702,10,250,50,40,100,183,115,0,125,10100
20200702,11,230,50,50,90,186,123,2,139,10103
20200702,12,250,50,60,130,196,96,7,274,10107
20200702,13,250,60,50,120,203,103,4,198,10109
20200702,14,250,60,50,100,200,98,9,274,10111
20200702,15,250,50,50,100,201,91,7,202,10112
20200702,16,270,40,40,100,192,102,4,106,10115
20200702,17,290,40,50,90,185,106,3,81,10119
20200702,18,270,40,40,100,181,109,7,66,10123
20200702,19,240,30,30,80,152,128,2,15,10127
20200702,20,230,20,30,50,156,133,3,13,10131
20200702,21,250,20,20,40,151,134,0,0,10137
20200702,22,230,20,20,40,148,135,0,0,10138
20200702,23,230,20,20,30,153,140,0,0,10141
20200702,24,220,20,20,40,153,142,0,0,10141
20200703,1,230,20,30,50,156,145,0,0,10143
20200703,2,230,30,30,60,149,140,0,0,10142
20200703,3,240,30,30,50,145,136,0,0,10146
20200703,4,240,30,30,60,145,130,0,1,10152
20200703,5,230,20,30,50,148,129,3,22,10156
20200703,6,240,20,20,50,156,130,0,39,10158
20200703,7,240,30,20,60,167,135,3,73,10161
20200703,8,250,40,40,70,174,132,4,126,10160
20200703,9,220,40,60,80,185,133,3,129,10160
20200703,10,220,50,60,90,191,135,3,140,10161
20200703,11,220,60,60,100,191,136,1,158,10164
20200703,12,230,60,60,110,194,129,2,138,10163
20200703,13,240,60,70,120,212,114,8,249,10161
20200703,14,250,70,70,140,207,97,10,286,10163
20200703,15,250,70,70,120,207,103,8,233,10158
20200703,16,240,70,60,140,208,120,9,189,10157
20200703,17,240,60,60,110,194,116,4,111,10157
20200703,18,240,60,60,120,192,115,9,96,10158
20200703,19,240,60,60,110,179,111,5,27,10159
20200703,20,230,50,60,100,173,110,2,7,10157
20200703,21,220,60,70,110,171,102,0,0,10157
20200703,22,220,60,60,120,167,103,0,0,10154
20200703,23,220,60,50,110,165,110,0,0,10152
20200703,24,230,60,60,120,165,112,0,0,10148
20200704,1,220,60,60,130,158,118,0,0,10146
20200704,2,220,60,60,120,150,118,0,0,10146
20200704,3,220,60,70,120,139,125,0,0,10142
20200704,4,210,60,50,120,139,127,0,0,10137
20200704,5,210,60,60,110,149,129,0,4,10132
20200704,6,210,60,70,170,157,127,0,22,10130
20200704,7,220,70,60,130,160,135,1,31,10128
20200704,8,220,60,60,140,162,141,0,56,10126
20200704,9,220,60,60,110,156,148,0,42,10127
20200704,10,220,70,70,130,160,145,0,49,10125
20200704,11,220,70,60,120,163,144,0,37,10128
20200704,12,210,60,70,110,170,152,0,57,10125
20200704,13,210,70,70,130,170,153,0,54,10126
20200704,14,210,60,50,130,169,158,0,46,10125
20200704,15,210,50,50,120,171,162,0,37,10125
20200704,16,210,60,50,120,173,166,0,32,10121
20200704,17,210,50,50,100,176,169,0,20,10117
20200704,18,210,50,50,90,180,169,0,10,10112
20200704,19,210,50,60,100,179,172,0,4,10109
20200704,20,230,60,70,120,180,172,0,2,10109
20200704,21,220,50,50,110,178,173,0,0,10107
20200704,22,240,50,60,110,179,174,0,0,10104
20200704,23,240,60,60,120,175,168,0,0,10105
20200704,24,240,70,70,130,173,159,0,0,10105
20200705,1,230,60,50,110,174,158,0,0,10099
20200705,2,220,60,70,130,175,154,0,0,10094
20200705,3,230,70,70,130,173,148,0,0,10091
20200705,4,230,70,70,150,172,146,0,0,10089
20200705,5,220,80,80,150,170,145,0,4,10089
20200705,6,220,80,70,150,171,150,0,10,10088
20200705,7,230,70,80,150,171,153,0,14,10091
20200705,8,230,70,60,130,171,159,0,23,10094
20200705,9,230,60,70,130,171,161,0,31,10097
20200705,10,230,60,60,120,179,158,0,60,10097
20200705,11,240,70,60,130,187,154,0,66,10099
20200705,12,240,80,80,170,198,148,3,166,10099
20200705,13,240,80,60,160,200,148,1,143,10100
20200705,14,230,80,80,150,207,139,6,217,10100
20200705,15,240,70,70,140,200,137,3,122,10103
20200705,16,250,60,70,140,201,127,5,133,10101
20200705,17,240,70,60,140,198,112,7,104,10099
20200705,18,230,70,60,130,189,127,10,100,10099
20200705,19,230,70,60,150,177,117,5,27,10099
20200705,20,230,70,80,130,171,116,0,4,10102
20200705,21,230,70,60,130,166,117,0,0,10103
20200705,22,230,60,60,110,161,116,0,0,10105
20200705,23,230,60,60,100,157,119,0,0,10105
20200705,24,240,50,40,100,155,97,0,0,10107
20200706,1,250,50,50,100,155,83,0,0,10108
20200706,2,250,50,40,100,147,85,0,0,10107
20200706,3,250,40,40,90,146,91,0,0,10108
20200706,4,260,40,50,100,146,85,0,1,10112
20200706,5,260,50,50,110,147,89,0,17,10116
20200706,6,260,50,60,110,152,87,4,41,10122
20200706,7,260,60,60,120,145,92,0,58,10129
20200706,8,270,50,40,130,143,111,4,78,10134
20200706,9,270,50,60,120,148,112,2,111,10140
20200706,10,270,60,50,130,162,99,3,145,10148
20200706,11,260,60,50,130,172,100,7,255,10154
20200706,12,270,60,60,120,182,97,10,333,10160
20200706,13,280,50,50,130,163,110,4,151,10168
20200706,14,280,60,70,120,163,96,7,199,10177
20200706,15,280,60,60,130,156,104,5,189,10184
20200706,16,280,50,60,120,161,104,3,110,10190
20200706,17,290,50,50,100,162,94,5,83,10194
20200706,18,310,50,40,90,156,93,4,68,10198
20200706,19,300,40,40,80,154,92,8,50,10204
20200706,20,280,30,20,80,140,95,3,9,10209
20200706,21,270,20,20,50,129,97,0,0,10213
20200706,22,270,20,20,40,126,96,0,0,10218
20200706,23,260,20,10,40,112,93,0,0,10218
20200706,24,250,20,20,30,101,89,0,0,10217
20200707,1,240,10,10,20,85,82,0,0,10216
20200707,2,210,10,10,20,83,83,0,0,10212
20200707,3,200,10,10,20,88,84,0,0,10208
20200707,4,170,10,10,20,98,93,0,1,10204
20200707,5,150,10,10,20,110,103,0,8,10203
20200707,6,150,10,20,30,122,111,0,19,10200
20200707,7,180,30,40,50,142,113,3,82,10198
20200707,8,210,30,40,60,161,120,7,146,10195
20200707,9,280,40,50,100,172,105,3,128,10195
20200707,10,270,50,50,90,175,91,4,193,10197
20200707,11,270,50,60,90,178,90,6,227,10196
20200707,12,290,40,40,100,190,94,5,205,10195
20200707,13,260,50,50,100,187,87,6,254,10194
20200707,14,280,50,40,100,184,85,6,236,10192
20200707,15,290,40,40,90,185,90,6,202,10190
20200707,16,300,40,30,80,178,100,2,118,10186
20200707,17,300,30,30,60,171,99,0,41,10182
20200707,18,310,20,20,60,156,109,0,24,10180
20200707,19,300,20,20,50,150,106,0,11,10179
20200707,20,290,20,10,40,142,120,0,2,10175
20200707,21,300,10,10,20,138,125,0,0,10175
20200707,22,990,10,10,20,138,122,0,0,10172
20200707,23,110,10,10,20,132,121,0,0,10166
20200707,24,0,10,0,10,132,124,0,0,10164
20200708,1,150,10,10,20,129,123,0,0,10159
20200708,2,200,10,10,20,130,124,0,0,10154
20200708,3,220,20,20,40,132,123,0,0,10148
20200708,4,230,20,20,40,133,124,0,0,10148
20200708,5,210,20,20,50,136,130,0,8,10143
20200708,6,230,20,20,40,138,130,0,9,10145
20200708,7,220,20,30,40,137,127,0,11,10147
20200708,8,210,20,20,30,141,133,0,22,10148
20200708,9,210,30,30,60,147,136,0,39,10149
20200708,10,190,30,20,50,147,135,0,47,10151
20200708,11,200,20,20,40,154,139,0,54,10151
20200708,12,170,20,30,40,152,142,0,56,10152
20200708,13,180,20,20,40,160,147,0,56,10153
20200708,14,210,20,20,40,167,152,0,73,10154
20200708,15,20,20,20,40,157,145,0,48,10154
20200708,16,40,20,20,40,157,149,0,38,10151
20200708,17,350,20,20,40,154,144,0,42,10153
20200708,18,20,20,20,40,153,145,0,31,10153
20200708,19,40,20,20,30,149,140,0,20,10151
20200708,20,70,20,10,30,145,139,0,3,10152
20200708,21,50,10,10,20,146,141,0,0,10156
20200708,22,90,10,10,10,146,141,0,0,10152
20200708,23,110,10,10,20,145,141,0,0,10146
20200708,24,120,10,10,20,147,142,0,0,10142
20200709,1,140,10,20,30,149,146,0,0,10136
20200709,2,180,20,20,40,155,151,0,0,10128
20200709,3,190,20,20,40,159,156,0,0,10124
20200709,4,220,40,50,90,165,157,0,0,10121
20200709,5,230,50,50,90,165,158,0,3,10118
20200709,6,230,50,50,100,165,158,0,8,10120
20200709,7,230,50,50,100,166,158,0,11,10119
20200709,8,230,50,40,100,168,161,0,22,10120
20200709,9,240,50,60,100,168,158,0,42,10118
20200709,10,230,50,60,120,175,166,1,65,10118
20200709,11,240,50,60,100,170,158,0,77,10119
20200709,12,240,50,50,100,170,154,0,39,10122
20200709,13,240,40,50,90,169,155,0,29,10123
20200709,14,240,40,40,90,170,157,0,23,10121
20200709,15,240,40,50,80,176,155,0,29,10120
20200709,16,240,40,40,100,172,158,0,30,10118
20200709,17,250,40,40,100,173,158,0,38,10114
20200709,18,230,30,40,80,170,162,0,15,10113
20200709,19,240,40,40,80,169,161,0,7,10108
20200709,20,220,30,20,70,168,162,0,3,10104
20200709,21,200,30,30,60,167,158,0,0,10101
20200709,22,230,30,40,60,169,154,0,0,10096
20200709,23,230,30,30,60,166,154,0,0,10092
20200709,24,220,30,30,50,167,153,0,0,10088
20200710,1,220,30,40,70,167,152,0,0,10083
20200710,2,220,30,30,70,166,153,0,0,10077
20200710,3,220,40,40,70,160,153,0,0,10072
20200710,4,220,40,40,80,160,155,0,0,10069
20200710,5,330,40,30,70,145,142,0,3,10076
20200710,6,340,40,40,80,141,131,0,13,10085
20200710,7,350,40,40,80,142,127,0,22,10093
20200710,8,350,40,50,70,151,125,1,78,10105
20200710,9,340,40,40,100,136,123,0,41,10121
20200710,10,340,40,30,90,145,116,0,65,10132
20200710,11,340,50,50,90,161,106,3,209,10141
20200710,12,330,40,30,80,162,111,2,156,10149
20200710,13,340,30,30,70,150,108,1,51,10157
20200710,14,350,30,30,70,159,107,4,155,10165
20200710,15,360,30,30,60,165,100,3,126,10170
20200710,16,300,30,30,70,173,99,8,178,10175
20200710,17,320,40,40,80,173,80,10,187,10179
20200710,18,320,40,30,70,169,90,10,116,10184
20200710,19,300,30,30,60,156,88,10,58,10188
20200710,20,310,20,20,50,144,90,3,11,10194
20200710,21,300,10,10,30,115,97,0,0,10200
20200710,22,300,10,10,20,100,92,0,0,10206
20200710,23,280,10,10,20,89,86,0,0,10210
20200710,24,0,0,0,10,83,79,0,0,10215
20200711,1,0,10,0,10,77,76,0,0,10217
20200711,2,0,0,0,10,71,70,0,0,10218
20200711,3,0,0,0,0,68,67,0,0,10220
20200711,4,0,0,0,10,69,69,0,2,10224
20200711,5,150,10,10,10,97,94,8,29,10228
20200711,6,160,10,10,20,135,115,10,75,10230
20200711,7,200,10,20,30,153,105,10,127,10235
20200711,8,230,20,30,50,169,109,10,163,10237
20200711,9,230,20,20,50,172,97,6,162,10239
20200711,10,260,30,40,80,168,101,3,132,10243
20200711,11,330,20,20,60,175,105,4,150,10244
20200711,12,310,30,30,60,192,105,7,205,10245
20200711,13,300,40,40,70,185,79,8,228,10249
20200711,14,330,40,40,80,193,97,9,254,10250
20200711,15,320,40,40,80,186,88,8,173,10254
20200711,16,300,40,40,80,182,91,10,174,10256
20200711,17,310,40,40,70,185,102,10,153,10259
20200711,18,320,40,30,70,176,97,10,107,10261
20200711,19,320,30,30,60,164,99,10,50,10264
20200711,20,330,20,20,50,149,105,3,9,10267
20200711,21,310,10,10,30,119,105,0,0,10273
20200711,22,320,10,10,30,108,100,0,0,10275
20200711,23,320,10,10,20,94,91,0,0,10275
20200711,24,290,10,10,10,85,81,0,0,10276
20200712,1,290,10,10,20,79,76,0,0,10277
20200712,2,0,0,0,10,77,74,0,0,10275
20200712,3,330,10,10,20,72,69,0,0,10276
20200712,4,360,10,10,20,71,68,0,2,10278
20200712,5,330,10,10,20,103,98,8,30,10281
20200712,6,350,10,10,30,143,100,10,73,10285
20200712,7,330,20,20,40,157,100,10,125,10290
20200712,8,290,20,20,50,157,94,8,170,10292
20200712,9,330,20,20,40,182,107,8,215,10290
20200712,10,320,10,20,40,179,86,1,100,10293
20200712,11,990,20,10,50,188,87,3,194,10293
20200712,12,20,20,30,50,188,84,5,217,10291
20200712,13,350,20,30,50,187,68,5,200,10287
20200712,14,990,20,10,50,200,62,6,212,10283
20200712,15,30,20,30,60,204,84,8,243,10280
20200712,16,30,30,30,50,201,91,6,145,10278
20200712,17,30,30,30,60,189,87,8,146,10276
20200712,18,40,30,40,60,186,92,8,87,10273
20200712,19,30,40,30,60,173,92,10,54,10273
20200712,20,20,30,20,50,161,98,3,10,10276
20200712,21,20,20,20,40,147,98,0,0,10276
20200712,22,30,20,10,30,124,99,0,0,10272
20200712,23,10,10,10,20,103,93,0,0,10272
20200712,24,30,10,10,20,95,90,0,0,10269
20200713,1,20,10,10,20,87,83,0,0,10267
20200713,2,0,0,0,10,83,80,0,0,10263
20200713,3,40,10,10,10,79,78,0,0,10258
20200713,4,40,10,10,10,81,78,0,2,10256
20200713,5,40,10,10,10,107,95,8,25,10254
20200713,6,110,10,10,10,153,95,10,69,10253
20200713,7,160,10,10,20,170,95,10,123,10252
20200713,8,990,10,10,20,194,94,10,183,10249
20200713,9,200,10,20,30,198,84,10,238,10245
20200713,10,250,20,20,40,206,96,10,262,10242
20200713,11,190,20,20,50,212,87,10,307,10236
20200713,12,210,20,30,50,221,96,10,317,10230
20200713,13,210,30,20,60,223,67,10,317,10223
20200713,14,230,20,30,60,230,83,10,294,10217
20200713,15,240,30,30,50,233,94,10,255,10211
20200713,16,230,30,30,60,229,93,10,206,10205
20200713,17,320,20,30,50,230,104,9,135,10200
20200713,18,330,30,30,60,214,93,10,100,10198
20200713,19,310,20,20,50,200,100,7,35,10196
20200713,20,320,20,10,30,163,118,0,3,10195
20200713,21,330,10,10,20,153,122,0,0,10192
20200713,22,160,10,10,20,156,125,0,0,10187
20200713,23,160,10,10,20,158,131,0,0,10184
20200713,24,150,10,20,20,156,127,0,0,10179
20200714,1,180,20,20,30,161,122,0,0,10174
20200714,2,220,10,20,30,166,119,0,0,10168
20200714,3,200,20,10,30,166,126,0,0,10162
20200714,4,210,10,20,30,157,131,0,0,10157
20200714,5,210,20,20,40,166,132,0,8,10157
20200714,6,240,20,30,40,168,131,0,19,10157
20200714,7,200,20,10,50,166,143,0,27,10152
20200714,8,200,20,20,30,172,146,0,52,10151
20200714,9,220,20,30,40,172,150,0,53,10152
20200714,10,180,20,30,40,167,130,0,43,10149
20200714,11,200,30,30,60,174,133,0,58,10147
20200714,12,230,30,40,70,162,131,0,42,10147
20200714,13,220,20,10,50,157,145,0,45,10145
20200714,14,300,10,10,30,158,150,0,19,10144
20200714,15,10,30,30,70,154,138,0,51,10142
20200714,16,30,20,20,40,157,139,0,43,10141
20200714,17,80,10,10,30,160,145,0,46,10140
20200714,18,350,10,10,20,163,147,0,34,10140
20200714,19,300,20,20,40,155,127,5,21,10142
20200714,20,310,20,20,40,149,116,0,6,10144
20200714,21,290,20,10,40,137,114,0,0,10144
20200714,22,310,20,20,30,137,110,0,0,10143
20200714,23,300,10,10,40,128,107,0,0,10143
20200714,24,300,10,10,30,116,107,0,0,10142
20200715,1,290,10,20,20,102,99,0,0,10141
20200715,2,260,10,20,30,91,89,0,0,10140
20200715,3,280,10,20,30,89,86,0,0,10139
20200715,4,280,20,10,20,88,88,0,1,10140
20200715,5,260,10,10,20,113,108,8,22,10142
20200715,6,310,10,20,30,150,113,10,73,10143
20200715,7,310,20,20,50,162,113,10,104,10144
20200715,8,290,20,20,50,166,112,7,155,10146
20200715,9,300,30,20,60,168,103,4,148,10149
20200715,10,310,20,20,50,176,102,4,193,10150
20200715,11,300,30,30,70,185,103,5,218,10150
20200715,12,310,20,20,50,180,107,3,138,10151
20200715,13,330,20,30,50,189,103,5,198,10151
20200715,14,340,30,30,60,194,93,3,148,10149
20200715,15,360,30,30,60,196,94,5,173,10148
20200715,16,350,30,30,50,193,100,0,80,10147
20200715,17,290,30,20,60,196,108,6,112,10148
20200715,18,250,20,10,40,190,115,1,53,10148
20200715,19,310,20,30,60,179,116,2,12,10152
20200715,20,300,30,30,60,171,120,0,3,10156
20200715,21,300,20,20,50,166,124,0,0,10159
20200715,22,280,20,20,40,161,122,0,0,10160
20200715,23,280,20,20,40,159,118,0,0,10160
20200715,24,240,10,10,20,156,121,0,0,10159
20200716,1,200,10,20,30,153,123,0,0,10158
20200716,2,210,20,20,60,143,130,0,0,10155
20200716,3,190,20,10,40,142,138,0,0,10152
20200716,4,220,10,20,40,145,138,0,0,10151
20200716,5,230,10,10,30,147,142,0,2,10152
20200716,6,230,20,20,40,153,143,0,20,10154
20200716,7,250,20,20,40,154,146,0,33,10157
20200716,8,280,20,20,30,164,146,0,64,10158
20200716,9,310,20,20,50,162,144,0,57,10162
20200716,10,280,20,30,50,165,146,1,111,10166
20200716,11,350,20,20,50,171,146,0,87,10168
20200716,12,340,20,30,50,176,143,0,97,10169
20200716,13,340,20,20,50,169,145,0,23,10174
20200716,14,340,20,20,40,177,145,0,36,10176
20200716,15,300,30,30,60,182,136,1,107,10177
20200716,16,80,20,20,50,165,150,0,6,10180
20200716,17,310,30,50,80,189,135,6,100,10184
20200716,18,310,40,30,90,178,136,1,42,10186
20200716,19,310,30,20,60,172,136,0,21,10190
20200716,20,300,20,20,50,167,137,0,4,10196
20200716,21,290,20,20,50,162,136,0,0,10200
20200716,22,290,20,20,40,156,134,0,0,10202
20200716,23,290,10,10,30,154,137,0,0,10202
20200716,24,270,10,10,20,154,139,0,0,10203
20200717,1,290,10,10,20,152,143,0,0,10200
20200717,2,260,10,10,20,151,142,0,0,10198
20200717,3,280,10,10,20,149,143,0,0,10199
20200717,4,260,10,10,20,150,144,0,1,10201
20200717,5,260,10,10,20,161,144,0,8,10204
20200717,6,290,10,10,20,167,144,0,24,10208
20200717,7,990,10,10,20,176,136,1,70,10209
20200717,8,250,10,20,30,180,139,0,87,10210
20200717,9,990,10,10,30,190,131,0,125,10211
20200717,10,230,10,20,40,192,138,0,120,10211
20200717,11,200,10,10,30,200,139,1,161,10211
20200717,12,210,10,20,30,201,145,0,95,10213
20200717,13,990,20,10,30,206,147,0,86,10212
20200717,14,250,30,30,50,205,156,0,127,10212
20200717,15,250,20,20,40,210,156,1,135,10211
20200717,16,990,20,10,30,219,155,10,176,10205
20200717,17,990,10,10,30,222,149,9,130,10202
20200717,18,140,10,20,20,212,161,1,48,10201
20200717,19,160,10,10,30,208,165,5,23,10202
20200717,20,340,10,10,10,187,165,0,3,10205
20200717,21,350,10,10,10,182,167,0,0,10206
20200717,22,120,0,10,10,170,160,0,0,10206
20200717,23,0,10,0,20,154,147,0,0,10207
20200717,24,330,0,10,10,140,137,0,0,10203
20200718,1,260,10,10,10,131,129,0,0,10202
20200718,2,260,0,10,10,125,125,0,0,10199
20200718,3,120,10,20,20,123,120,0,0,10196
20200718,4,150,10,20,30,128,125,0,1,10193
20200718,5,150,10,10,20,146,143,2,15,10194
20200718,6,140,20,20,30,168,158,10,64,10193
20200718,7,150,20,20,40,193,163,9,105,10193
20200718,8,160,20,20,40,214,160,10,169,10192
20200718,9,190,30,40,60,225,158,10,219,10190
20200718,10,200,30,30,60,235,154,10,254,10187
20200718,11,210,40,40,70,246,147,10,296,10185
20200718,12,190,40,40,70,247,145,8,287,10183
20200718,13,160,40,40,60,254,152,10,334,10179
20200718,14,190,30,30,60,240,151,4,153,10176
20200718,15,260,20,10,50,239,154,0,29,10174
20200718,16,310,20,20,40,236,180,3,95,10169
20200718,17,320,30,40,50,224,178,6,109,10168
20200718,18,310,40,30,70,206,163,1,34,10170
20200718,19,310,30,30,60,200,152,0,14,10172
20200718,20,10,10,10,50,189,155,0,4,10173
20200718,21,360,10,10,10,181,162,0,0,10176
20200718,22,310,10,10,20,174,159,0,0,10175
20200718,23,310,10,10,10,156,149,0,0,10173
20200718,24,310,10,20,40,165,151,0,0,10173
20200719,1,0,10,0,40,147,141,0,0,10168
20200719,2,0,0,0,10,135,133,0,0,10164
20200719,3,270,10,10,20,127,123,0,0,10160
20200719,4,270,0,10,10,126,125,0,1,10157
20200719,5,0,0,0,10,142,139,2,17,10157
20200719,6,230,10,20,30,162,145,0,42,10157
20200719,7,230,20,20,30,186,144,7,96,10158
20200719,8,230,20,20,40,192,141,4,124,10159
20200719,9,220,20,30,50,209,151,4,168,10159
20200719,10,210,30,40,70,213,143,3,173,10158
20200719,11,210,30,40,70,222,143,9,292,10158
20200719,12,220,30,20,60,235,132,9,303,10157
20200719,13,230,30,40,80,238,126,9,305,10157
20200719,14,250,30,30,70,230,146,5,197,10155
20200719,15,310,30,40,80,218,162,1,87,10158
20200719,16,300,40,30,80,209,158,0,85,10160
20200719,17,310,30,30,70,193,160,0,36,10161
20200719,18,300,30,20,70,184,160,0,35,10166
20200719,19,360,30,30,50,173,150,0,7,10168
20200719,20,340,30,30,70,163,143,0,1,10175
20200719,21,320,30,20,80,151,139,0,0,10181
20200719,22,330,30,30,60,146,135,0,0,10183
20200719,23,350,20,10,60,145,134,0,0,10182
20200719,24,330,20,20,40,146,132,0,0,10184
20200720,1,340,20,10,40,140,129,0,0,10183
20200720,2,320,20,20,40,140,120,0,0,10187
20200720,3,320,30,20,50,137,109,0,0,10190
20200720,4,310,20,10,40,124,104,0,0,10193
20200720,5,320,20,20,30,133,105,5,17,10194
20200720,6,330,20,20,40,148,101,10,66,10197
20200720,7,350,30,40,70,161,103,10,122,10201
20200720,8,320,40,30,70,168,89,10,180,10204
20200720,9,330,30,30,60,177,94,10,225,10208
20200720,10,330,40,40,80,185,82,10,267,10213
20200720,11,350,30,40,70,190,97,10,309,10213
20200720,12,350,40,40,90,184,90,4,214,10217
20200720,13,360,40,30,70,198,99,7,253,10216
20200720,14,350,40,40,70,199,96,6,226,10216
20200720,15,340,40,40,80,196,89,9,239,10216
20200720,16,330,40,50,80,198,93,10,227,10216
20200720,17,320,40,30,70,189,95,10,153,10217
20200720,18,320,30,40,70,185,97,10,86,10220
20200720,19,320,30,30,70,170,98,10,36,10224
20200720,20,310,20,20,60,153,99,2,6,10228
20200720,21,310,10,10,30,130,104,0,0,10232
20200720,22,300,20,20,30,132,103,0,0,10234
20200720,23,290,10,10,30,110,97,0,0,10236
20200720,24,300,10,20,30,105,95,0,0,10239
20200721,1,280,10,10,20,89,84,0,0,10238
20200721,2,280,10,10,20,82,80,0,0,10238
20200721,3,280,10,10,30,78,74,0,0,10237
20200721,4,0,10,0,20,77,75,0,0,10236
20200721,5,220,10,10,10,105,90,7,18,10239
20200721,6,280,10,10,20,145,90,10,65,10242
20200721,7,310,20,20,30,160,90,10,121,10245
20200721,8,320,30,30,50,162,89,10,167,10248
20200721,9,300,30,30,60,176,90,10,230,10248
20200721,10,320,30,20,50,184,82,9,237,10249
20200721,11,330,30,30,60,179,88,4,148,10251
20200721,12,310,30,40,60,185,91,2,125,10249
20200721,13,290,30,30,80,189,87,6,210,10247
20200721,14,300,40,40,70,199,90,8,219,10247
20200721,15,330,40,40,80,200,109,9,224,10246
20200721,16,320,40,50,90,189,96,10,224,10246
20200721,17,320,40,30,90,185,88,10,156,10245
20200721,18,330,40,30,70,176,75,10,97,10245
20200721,19,320,30,20,60,164,67,10,43,10244
20200721,20,310,20,20,50,146,90,2,5,10249
20200721,21,330,20,10,40,132,96,0,0,10251
20200721,22,350,10,10,20,101,92,0,0,10252
20200721,23,320,10,10,20,92,86,0,0,10254
20200721,24,270,10,10,20,87,83,0,0,10256
20200722,1,260,10,10,20,80,75,0,0,10254
20200722,2,290,10,10,20,79,75,0,0,10251
20200722,3,260,10,10,20,75,71,0,0,10253
20200722,4,0,10,0,20,77,74,0,0,10252
20200722,5,0,0,0,10,98,93,5,16,10248
20200722,6,320,10,20,30,142,95,10,63,10247
20200722,7,330,20,30,50,160,95,10,120,10248
20200722,8,330,30,30,50,169,95,9,170,10250
20200722,9,340,30,30,50,167,87,4,123,10250
20200722,10,310,30,30,60,180,81,10,258,10247
20200722,11,310,30,20,60,188,50,10,299,10243
20200722,12,20,30,30,60,190,77,9,311,10240
20200722,13,320,30,30,60,192,74,6,248,10237
20200722,14,340,30,30,70,200,79,8,270,10231
20200722,15,320,30,30,60,195,82,3,178,10227
20200722,16,340,30,40,70,185,99,1,105,10223
20200722,17,340,30,30,60,189,95,10,148,10218
20200722,18,330,30,20,60,178,91,5,61,10216
20200722,19,40,20,20,50,169,100,7,32,10215
20200722,20,50,10,10,40,141,107,2,4,10218
20200722,21,50,10,10,20,120,105,0,0,10216
20200722,22,120,10,10,20,108,102,0,0,10212
20200722,23,130,10,10,20,103,98,0,0,10211
20200722,24,130,10,10,10,95,91,0,0,10210
20200723,1,130,10,10,10,102,98,0,0,10207
20200723,2,130,10,10,10,105,101,0,0,10203
20200723,3,160,20,20,30,125,103,0,0,10198
20200723,4,160,20,20,30,127,101,0,0,10193
20200723,5,170,20,20,40,136,99,0,7,10191
20200723,6,180,20,40,50,147,95,2,35,10185
20200723,7,200,40,30,70,166,100,7,103,10184
20200723,8,200,30,40,60,186,104,4,131,10181
20200723,9,210,40,50,70,195,102,1,139,10179
20200723,10,220,40,30,70,207,116,4,200,10176
20200723,11,250,40,40,80,220,107,3,209,10171
20200723,12,220,40,40,80,224,115,4,219,10165
20200723,13,240,40,50,90,240,117,7,267,10159
20200723,14,240,50,50,100,234,109,9,269,10153
20200723,15,250,40,30,80,237,97,4,180,10148
20200723,16,270,30,20,70,229,113,2,112,10143
20200723,17,270,20,20,40,229,98,0,75,10137
20200723,18,340,20,20,40,214,113,2,54,10133
20200723,19,330,10,10,30,201,136,5,21,10130
20200723,20,260,20,20,60,200,97,0,3,10130
20200723,21,210,20,10,50,180,115,0,0,10127
20200723,22,200,10,20,30,153,131,0,0,10124
20200723,23,230,20,30,70,180,108,0,0,10119
20200723,24,220,30,30,60,170,109,0,0,10115
20200724,1,230,30,40,60,175,106,0,0,10113
20200724,2,230,40,40,70,172,112,0,0,10110
20200724,3,230,30,30,60,165,118,0,0,10107
20200724,4,230,30,30,50,162,124,0,0,10107
20200724,5,240,30,30,50,165,130,0,6,10107
20200724,6,230,30,30,50,175,141,0,21,10109
20200724,7,230,30,20,50,175,152,0,24,10112
20200724,8,230,30,30,60,180,162,0,44,10115
20200724,9,230,30,40,60,185,160,0,62,10117
20200724,10,250,30,30,70,195,158,0,90,10116
20200724,11,270,30,30,60,198,169,0,86,10119
20200724,12,280,30,30,80,203,157,1,147,10122
20200724,13,290,40,40,90,214,142,5,224,10124
20200724,14,290,50,50,100,209,137,7,243,10125
20200724,15,300,40,40,80,213,141,5,170,10125
20200724,16,320,40,40,70,215,133,10,196,10121
20200724,17,270,30,30,60,210,131,10,122,10123
20200724,18,300,30,20,60,200,134,3,63,10127
20200724,19,320,20,10,40,192,139,0,5,10126
20200724,20,310,20,20,40,186,139,0,1,10131
20200724,21,280,10,10,30,179,142,0,0,10130
20200724,22,200,10,10,20,165,148,0,0,10127
20200724,23,190,10,20,30,153,144,0,0,10125
20200724,24,180,10,10,30,145,137,0,0,10124
20200725,1,180,10,20,40,158,147,0,0,10119
20200725,2,180,20,20,40,166,146,0,0,10117
20200725,3,210,20,20,50,161,143,0,0,10114
20200725,4,210,30,30,50,158,139,0,0,10112
20200725,5,200,30,20,50,160,139,0,5,10110
20200725,6,200,30,30,60,169,145,0,17,10110
20200725,7,210,40,40,70,180,149,1,62,10109
20200725,8,210,50,50,80,181,147,0,46,10110
20200725,9,210,50,40,90,184,148,0,44,10109
20200725,10,210,50,50,100,173,163,0,52,10110
20200725,11,210,50,50,90,177,165,0,36,10111
20200725,12,210,50,50,90,181,168,0,60,10109
20200725,13,200,40,50,80,197,173,0,109,10104
20200725,14,220,50,50,80,208,166,4,174,10100
20200725,15,200,50,50,90,217,163,5,164,10093
20200725,16,180,40,30,80,215,168,0,56,10088
20200725,17,190,40,40,70,218,162,0,58,10081
20200725,18,190,30,30,70,215,163,0,29,10076
20200725,19,270,20,20,50,199,172,0,4,10075
20200725,20,250,10,10,30,190,168,0,0,10072
20200725,21,230,20,20,40,180,170,0,0,10071
20200725,22,180,30,30,70,178,165,0,0,10065
20200725,23,180,30,30,60,177,166,0,0,10058
20200725,24,220,50,100,160,174,160,0,0,10054
20200726,1,220,40,40,120,171,162,0,0,10055
20200726,2,240,30,30,60,174,165,0,0,10054
20200726,3,220,30,30,80,171,160,0,0,10054
20200726,4,230,30,40,70,170,159,0,0,10057
20200726,5,240,30,30,60,170,157,2,9,10064
20200726,6,240,30,30,60,176,155,7,50,10069
20200726,7,250,30,30,80,181,150,6,74,10080
20200726,8,250,40,40,80,192,146,7,117,10088
20200726,9,260,40,50,90,194,132,7,171,10095
20200726,10,270,50,50,90,199,134,10,247,10102
20200726,11,250,50,50,110,211,122,10,282,10109
20200726,12,240,50,50,100,211,126,8,256,10113
20200726,13,260,50,50,100,213,122,7,246,10118
20200726,14,260,50,40,110,210,130,4,178,10122
20200726,15,230,50,50,100,213,129,8,187,10128
20200726,16,250,50,40,110,215,118,9,179,10133
20200726,17,260,50,60,100,208,94,10,153,10133
20200726,18,260,40,40,90,205,103,10,92,10138
20200726,19,230,30,30,70,193,116,10,34,10144
20200726,20,250,20,20,60,181,114,0,3,10150
20200726,21,220,20,30,50,172,118,0,0,10153
20200726,22,210,30,20,60,165,124,0,0,10150
20200726,23,190,20,20,40,155,128,0,0,10154
20200726,24,170,20,20,40,145,128,0,0,10154
20200727,1,170,20,20,30,138,126,0,0,10153
20200727,2,160,20,20,40,140,121,0,0,10151
20200727,3,180,20,20,40,146,117,0,0,10148
20200727,4,190,20,30,40,152,116,0,0,10148
20200727,5,180,30,30,60,153,119,0,4,10146
20200727,6,180,30,30,50,161,121,0,20,10146
20200727,7,180,30,30,60,167,120,0,26,10141
20200727,8,160,30,30,60,170,127,0,48,10140
20200727,9,170,30,40,60,180,127,0,64,10134
20200727,10,170,40,40,80,195,132,0,118,10124
20200727,11,160,50,50,80,191,134,0,107,10121
20200727,12,140,40,40,90,183,144,0,64,10114
20200727,13,150,40,40,80,207,152,3,112,10097
20200727,14,150,50,50,100,212,158,0,117,10088
20200727,15,140,50,40,80,214,161,2,115,10076
20200727,16,140,40,30,70,230,163,1,91,10070
20200727,17,150,40,40,70,238,170,7,118,10063
20200727,18,250,30,50,100,221,133,3,59,10068
20200727,19,300,30,30,80,200,123,0,14,10069
20200727,20,0,10,0,50,184,139,0,1,10066
20200727,21,210,10,20,30,179,136,0,0,10067
20200727,22,240,40,50,130,194,150,0,0,10067
20200727,23,230,60,60,120,187,147,0,0,10066
20200727,24,240,50,40,110,183,153,0,0,10066
20200728,1,240,40,40,90,182,155,0,0,10068
20200728,2,230,40,50,80,182,155,0,0,10069
20200728,3,230,50,50,80,182,158,0,0,10071
20200728,4,280,30,20,80,165,145,0,0,10080
20200728,5,260,20,20,50,166,142,0,7,10087
20200728,6,270,40,40,80,165,107,2,37,10095
20200728,7,250,30,30,70,178,112,8,98,10099
20200728,8,250,50,50,90,183,100,10,171,10105
20200728,9,260,50,50,100,193,106,6,149,10110
20200728,10,260,60,60,110,200,93,10,268,10113
20200728,11,250,60,60,120,187,116,0,93,10120
20200728,12,270,50,50,120,196,112,3,141,10126
20200728,13,280,50,50,100,196,108,9,291,10131
20200728,14,270,50,50,110,189,103,7,235,10136
20200728,15,280,50,50,100,180,104,4,118,10141
20200728,16,250,50,50,100,188,98,4,132,10144
20200728,17,270,40,40,100,184,98,0,49,10148
20200728,18,270,40,50,90,182,90,2,48,10150
20200728,19,250,40,40,90,177,95,8,29,10152
20200728,20,240,30,30,70,167,100,0,1,10156
20200728,21,240,30,30,50,171,105,0,0,10158
20200728,22,230,30,30,60,166,112,0,0,10160
20200728,23,230,20,20,40,160,119,0,0,10161
20200728,24,250,20,20,40,162,110,0,0,10164
20200729,1,270,30,30,70,159,89,0,0,10167
20200729,2,270,20,30,50,152,90,0,0,10169
20200729,3,260,30,20,50,142,95,0,0,10171
20200729,4,230,20,30,50,125,94,0,0,10175
20200729,5,240,20,20,40,138,98,0,10,10180
20200729,6,250,20,20,50,155,102,10,56,10185
20200729,7,260,30,40,60,167,99,10,113,10189
20200729,8,280,40,40,80,171,95,6,101,10195
20200729,9,240,40,40,90,179,88,5,144,10199
20200729,10,240,50,50,90,179,86,3,131,10201
20200729,11,270,40,40,100,186,92,4,175,10204
20200729,12,270,50,50,90,187,82,6,216,10205
20200729,13,280,40,40,90,194,85,6,186,10203
20200729,14,270,50,50,90,189,87,4,159,10204
20200729,15,280,40,40,90,195,101,6,179,10204
20200729,16,290,40,40,80,186,93,5,119,10206
20200729,17,280,30,30,80,183,93,7,97,10205
20200729,18,310,30,40,70,184,89,10,88,10205
20200729,19,320,30,20,60,170,98,10,36,10206
20200729,20,320,10,10,30,152,108,0,1,10209
20200729,21,990,10,10,20,140,117,0,0,10209
20200729,22,20,10,10,10,129,115,0,0,10211
20200729,23,50,10,10,10,118,110,0,0,10210
20200729,24,80,10,10,10,107,103,0,0,10211
20200730,1,110,10,10,20,98,94,0,0,10210
20200730,2,110,10,10,10,97,94,0,0,10210
20200730,3,140,10,10,20,94,89,0,0,10210
20200730,4,150,20,20,30,104,99,0,0,10210
20200730,5,150,20,20,30,134,111,5,16,10213
20200730,6,150,20,20,40,148,116,2,36,10216
20200730,7,150,30,30,50,170,116,10,108,10215
20200730,8,150,30,40,60,185,111,10,166,10214
20200730,9,180,30,30,60,202,116,10,216,10214
20200730,10,160,40,30,60,210,106,10,254,10215
20200730,11,150,30,30,60,219,102,10,282,10210
20200730,12,190,30,30,70,230,100,8,277,10210
20200730,13,140,20,20,40,237,95,10,294,10204
20200730,14,200,20,30,50,246,83,10,274,10202
20200730,15,160,20,20,50,249,88,9,219,10198
20200730,16,110,20,20,40,248,98,10,197,10192
20200730,17,110,20,10,40,249,104,10,138,10189
20200730,18,150,10,10,30,245,94,10,81,10186
20200730,19,30,10,20,30,223,127,8,24,10184
20200730,20,40,20,20,40,197,138,0,2,10187
20200730,21,60,20,10,30,178,137,0,0,10187
20200730,22,60,10,10,20,156,139,0,0,10188
20200730,23,80,10,10,20,145,133,0,0,10186
20200730,24,80,10,10,20,138,129,0,0,10185
20200731,1,70,10,10,20,134,129,0,0,10185
20200731,2,80,10,10,20,128,121,0,0,10184
20200731,3,120,10,10,20,122,117,0,0,10181
20200731,4,110,10,10,20,124,114,0,0,10179
20200731,5,80,10,20,20,150,120,5,12,10176
20200731,6,130,20,20,40,193,120,10,53,10177
20200731,7,110,20,20,40,219,124,10,108,10176
20200731,8,110,30,40,60,249,116,10,165,10173
20200731,9,130,50,40,90,266,117,10,216,10170
20200731,10,130,40,40,80,276,126,10,259,10165
20200731,11,150,40,40,80,285,127,10,288,10163
20200731,12,150,50,50,80,291,130,10,303,10158
20200731,13,150,40,40,80,307,145,10,299,10154
20200731,14,140,50,50,80,311,128,10,279,10146
20200731,15,140,50,50,90,317,125,10,240,10140
20200731,16,130,50,40,80,319,135,10,197,10136
20200731,17,140,40,50,70,315,138,10,141,10134
20200731,18,100,40,40,80,304,145,10,83,10128
20200731,19,90,40,40,80,285,146,8,31,10124
20200731,20,100,40,40,60,270,143,0,2,10126
20200731,21,100,40,40,70,261,143,0,0,10123
20200731,22,120,40,40,70,251,144,0,0,10122
20200731,23,110,40,40,70,252,141,0,0,10116
20200731,24,190,30,30,60,245,144,0,0,10117
20200801,1,190,30,20,70,228,156,0,0,10126
20200801,2,90,20,10,50,203,182,0,0,10108
20200801,3,220,30,20,90,220,180,0,0,10122
20200801,4,270,10,10,40,208,183,0,0,10125
20200801,5,240,20,20,40,204,173,0,4,10126
20200801,6,250,20,20,40,203,177,0,27,10129
20200801,7,260,30,40,70,208,177,0,55,10130
20200801,8,270,30,30,60,220,177,4,115,10135
20200801,9,260,40,40,70,242,181,10,221,10138
20200801,10,270,30,40,60,250,178,7,227,10146
20200801,11,240,30,40,60,239,176,2,170,10150
20200801,12,240,30,30,60,232,181,1,98,10150
20200801,13,240,40,30,70,227,185,0,62,10152
20200801,14,260,40,40,70,222,183,0,74,10152
20200801,15,250,30,30,70,231,182,1,89,10150
20200801,16,300,30,30,70,233,175,5,100,10149
20200801,17,300,40,40,70,227,150,9,122,10150
20200801,18,290,30,30,60,218,140,10,83,10152
20200801,19,290,20,20,60,200,145,8,31,10154
20200801,20,340,10,10,30,168,146,0,1,10156
20200801,21,0,0,0,10,152,141,0,0,10152
20200801,22,160,10,10,10,139,134,0,0,10153
20200801,23,180,10,10,10,134,131,0,0,10153
20200801,24,200,10,10,30,133,129,0,0,10150
20200802,1,210,10,10,30,132,129,0,0,10146
20200802,2,210,10,20,30,138,134,0,0,10143
20200802,3,190,10,20,30,130,128,0,0,10142
20200802,4,200,20,20,30,149,142,0,0,10140
20200802,5,220,20,20,40,155,143,0,7,10140
20200802,6,240,30,30,60,168,151,0,36,10139
20200802,7,270,30,30,70,181,157,4,66,10142
20200802,8,280,30,30,60,191,156,2,71,10145
20200802,9,300,40,40,80,198,139,2,130,10150
20200802,10,310,40,40,70,208,127,5,189,10153
20200802,11,310,40,30,70,198,119,3,143,10158
20200802,12,290,40,40,80,205,118,2,158,10159
20200802,13,300,40,30,90,202,114,3,170,10160
20200802,14,290,50,50,100,211,101,10,270,10157
20200802,15,290,40,40,90,209,94,10,243,10157
20200802,16,310,40,40,80,206,99,10,182,10157
20200802,17,340,40,40,70,198,98,10,137,10156
20200802,18,310,30,30,60,194,93,10,74,10157
20200802,19,310,20,20,50,179,100,8,25,10157
20200802,20,300,10,10,30,142,112,0,1,10160
20200802,21,310,10,10,20,122,111,0,0,10160
20200802,22,0,0,0,10,113,104,0,0,10158
20200802,23,300,10,10,20,106,100,0,0,10157
20200802,24,0,0,0,10,102,98,0,0,10155
20200803,1,150,10,10,20,97,94,0,0,10153
20200803,2,130,10,10,20,99,96,0,0,10150
20200803,3,150,10,20,20,96,92,0,0,10148
20200803,4,130,10,10,20,108,104,0,0,10146
20200803,5,150,20,20,30,123,112,0,8,10142
20200803,6,130,20,20,30,140,115,0,31,10141
20200803,7,120,10,10,20,161,115,2,62,10145
20200803,8,160,20,30,40,174,116,2,85,10145
20200803,9,170,30,40,60,186,121,4,164,10139
20200803,10,200,40,30,60,193,110,3,152,10138
20200803,11,240,20,20,50,199,110,0,89,10138
20200803,12,200,20,20,40,207,106,0,163,10136
20200803,13,300,30,50,100,181,121,1,123,10137
20200803,14,320,50,40,90,166,117,0,59,10141
20200803,15,340,30,20,80,156,119,0,58,10140
20200803,16,330,10,20,40,173,118,1,93,10137
20200803,17,300,20,20,40,174,122,0,59,10138
20200803,18,330,20,20,50,177,110,2,39,10138
20200803,19,350,20,20,40,173,117,7,24,10142
20200803,20,340,20,20,40,165,127,0,2,10147
20200803,21,330,20,20,40,151,122,0,0,10151
20200803,22,330,30,20,50,151,121,0,0,10155
20200803,23,360,20,10,40,133,116,0,0,10161
20200803,24,300,10,10,20,109,106,0,0,10163
20200804,1,280,20,20,30,102,100,0,0,10161
20200804,2,280,20,20,30,92,89,0,0,10160
20200804,3,280,20,20,20,93,90,0,0,10159
20200804,4,280,10,20,30,87,84,0,0,10163
20200804,5,290,10,10,30,97,95,3,9,10167
20200804,6,300,10,20,30,141,95,10,50,10172
20200804,7,320,20,20,40,161,95,10,105,10175
20200804,8,330,30,30,50,167,93,10,164,10177
20200804,9,330,30,30,60,179,91,10,218,10177
20200804,10,330,30,30,60,193,84,10,261,10178
20200804,11,310,30,30,50,194,79,10,277,10176
20200804,12,310,30,30,70,206,62,7,225,10176
20200804,13,320,30,30,50,199,66,7,244,10175
20200804,14,260,30,30,60,219,76,7,206,10173
20200804,15,260,30,30,70,218,74,8,216,10169
20200804,16,240,30,40,70,214,79,9,144,10165
20200804,17,280,30,30,70,215,77,8,117,10163
20200804,18,180,20,10,50,203,93,5,49,10161
20200804,19,150,20,20,40,187,87,8,20,10159
20200804,20,150,20,20,30,154,110,0,1,10160
20200804,21,150,20,20,30,164,96,0,0,10158
20200804,22,190,20,30,50,167,93,0,0,10157
20200804,23,160,20,20,50,141,98,0,0,10157
20200804,24,160,20,20,30,148,100,0,0,10156
20200805,1,170,20,20,40,143,104,0,0,10151
20200805,2,180,30,40,60,162,107,0,0,10146
20200805,3,190,40,40,70,159,105,0,0,10143
20200805,4,200,40,30,70,156,102,0,0,10145
20200805,5,160,20,20,60,147,107,2,6,10150
20200805,6,180,30,30,50,162,106,2,30,10153
20200805,7,200,40,40,70,184,104,10,104,10158
20200805,8,210,50,50,90,200,104,10,161,10159
20200805,9,230,50,50,90,219,100,10,213,10161
20200805,10,220,50,50,100,234,122,10,250,10161
20200805,11,200,50,50,100,240,114,10,282,10159
20200805,12,210,50,60,100,251,102,10,296,10156
20200805,13,200,50,40,100,265,103,10,293,10152
20200805,14,220,40,40,80,272,101,10,271,10148
20200805,15,220,40,40,90,275,94,10,234,10146
20200805,16,220,40,40,80,280,87,10,188,10144
20200805,17,220,30,30,70,279,94,10,134,10144
20200805,18,200,20,20,50,270,102,8,66,10145
20200805,19,190,20,10,30,228,152,8,23,10147
20200805,20,120,10,10,20,184,152,0,0,10154
20200805,21,330,20,10,50,184,133,0,0,10157
20200805,22,330,0,10,20,156,137,0,0,10155
20200805,23,340,10,10,10,146,135,0,0,10157
20200805,24,270,10,30,50,155,129,0,0,10161
20200806,1,990,10,10,20,135,125,0,0,10163
20200806,2,110,10,10,20,129,124,0,0,10164
20200806,3,120,10,10,10,125,120,0,0,10169
20200806,4,140,10,10,20,121,116,0,0,10172
20200806,5,160,10,10,20,132,127,3,7,10178
20200806,6,150,20,20,30,176,135,10,54,10182
20200806,7,220,10,10,30,204,141,9,103,10187
20200806,8,180,10,20,30,230,151,9,148,10190
20200806,9,190,20,20,40,246,146,10,207,10192
20200806,10,200,20,30,60,261,116,10,242,10193
20200806,11,220,20,20,50,277,113,10,268,10193
20200806,12,220,20,30,50,284,125,10,262,10193
20200806,13,230,20,20,50,290,124,9,286,10190
20200806,14,240,20,20,60,297,113,8,249,10188
20200806,15,150,20,20,60,301,106,10,231,10187
20200806,16,150,20,30,50,302,105,10,183,10186
20200806,17,120,20,20,40,299,90,10,129,10186
20200806,18,30,20,30,50,278,154,10,70,10188
20200806,19,40,30,30,60,259,157,7,26,10191
20200806,20,30,30,20,60,237,156,0,1,10195
20200806,21,50,20,20,40,207,158,0,0,10197
20200806,22,60,20,20,40,206,163,0,0,10197
20200806,23,50,10,10,30,192,162,0,0,10196
20200806,24,50,10,10,20,171,157,0,0,10196
20200807,1,70,20,20,20,159,149,0,0,10195
20200807,2,90,20,10,20,157,147,0,0,10193
20200807,3,100,20,20,20,158,143,0,0,10192
20200807,4,100,10,10,20,147,139,0,0,10193
20200807,5,110,10,10,20,159,149,2,6,10197
20200807,6,120,10,20,20,213,150,10,43,10200
20200807,7,140,10,20,20,240,145,10,97,10201
20200807,8,120,20,10,30,265,149,10,153,10202
20200807,9,170,20,20,30,283,145,10,205,10201
20200807,10,150,20,20,40,305,135,10,247,10200
20200807,11,170,30,30,50,318,140,10,278,10197
20200807,12,170,30,30,60,322,135,10,290,10195
20200807,13,190,30,20,70,328,118,10,286,10193
20200807,14,990,20,10,50,330,109,10,267,10190
20200807,15,200,20,30,60,330,105,10,232,10187
20200807,16,180,20,10,40,330,116,10,181,10185
20200807,17,350,20,30,50,321,133,10,126,10183
20200807,18,10,20,30,50,313,125,10,69,10182
20200807,19,20,20,20,50,281,151,7,21,10185
20200807,20,350,10,10,30,226,171,0,0,10190
20200807,21,350,10,10,20,201,171,0,0,10191
20200807,22,20,10,10,20,185,170,0,0,10190
20200807,23,50,10,10,20,182,162,0,0,10190
20200807,24,50,10,10,20,171,158,0,0,10190
20200808,1,80,10,10,20,163,155,0,0,10190
20200808,2,90,10,10,20,158,153,0,0,10189
20200808,3,0,0,0,10,154,148,0,0,10189
20200808,4,90,10,10,10,149,144,0,0,10191
20200808,5,90,10,10,10,158,153,2,6,10194
20200808,6,0,0,0,10,206,160,8,39,10196
20200808,7,130,10,10,10,257,160,8,88,10197
20200808,8,150,10,10,20,289,159,10,149,10198
20200808,9,160,10,10,20,314,123,10,198,10198
20200808,10,990,10,10,30,327,144,10,238,10195
20200808,11,70,20,20,40,334,116,10,266,10194
20200808,12,310,20,30,50,339,135,10,281,10192
20200808,13,310,30,40,60,337,138,8,266,10191
20200808,14,50,40,50,100,337,118,9,247,10187
20200808,15,30,40,40,80,326,136,5,177,10188
20200808,16,20,40,40,80,319,133,1,97,10187
20200808,17,30,40,40,70,313,128,3,77,10187
20200808,18,20,30,30,60,300,140,0,33,10187
20200808,19,10,30,30,70,286,151,3,10,10190
20200808,20,20,30,30,60,269,179,0,0,10192
20200808,21,30,30,30,50,264,187,0,0,10190
20200808,22,30,20,20,50,257,186,0,0,10190
20200808,23,50,30,30,50,248,181,0,0,10188
20200808,24,60,30,20,50,243,174,0,0,10185
20200809,1,10,10,10,40,225,180,0,0,10186
20200809,2,40,10,10,30,216,185,0,0,10185
20200809,3,40,30,30,50,236,164,0,0,10182
20200809,4,20,20,20,40,233,161,0,0,10182
20200809,5,330,20,20,50,228,169,0,1,10183
20200809,6,350,20,20,40,228,177,0,13,10184
20200809,7,10,20,20,40,240,180,0,44,10185
20200809,8,10,30,20,50,249,179,0,81,10184
20200809,9,30,30,30,50,258,178,2,126,10184
20200809,10,40,30,30,60,287,185,9,237,10179
20200809,11,40,40,50,70,299,182,10,263,10176
20200809,12,30,50,50,80,311,177,10,278,10172
20200809,13,40,40,40,90,318,175,10,274,10168
20200809,14,30,40,40,80,321,172,10,251,10164
20200809,15,40,40,50,80,323,167,10,215,10160
20200809,16,20,50,50,90,319,168,10,167,10155
20200809,17,30,50,60,90,307,167,10,116,10150
20200809,18,50,60,60,90,298,167,10,63,10155
20200809,19,50,50,50,90,282,171,7,19,10156
20200809,20,40,40,40,70,265,169,0,0,10160
20200809,21,40,40,40,60,256,160,0,0,10157
20200809,22,40,40,40,60,244,158,0,0,10157
20200809,23,60,30,30,50,226,160,0,0,10158
20200809,24,80,30,40,70,229,165,0,0,10157
20200810,1,90,30,20,60,218,165,0,0,10158
20200810,2,80,20,20,30,204,165,0,0,10160
20200810,3,60,20,20,30,191,164,0,0,10156
20200810,4,60,20,20,30,190,161,0,0,10154
20200810,5,40,20,10,40,204,161,5,9,10154
20200810,6,50,20,20,30,221,166,7,40,10153
20200810,7,80,20,20,40,248,172,5,76,10152
20200810,8,80,40,40,70,266,171,10,144,10152
20200810,9,70,40,40,70,283,165,10,195,10152
20200810,10,100,40,50,70,298,162,7,212,10151
20200810,11,130,50,50,80,307,167,6,224,10150
20200810,12,100,50,40,80,321,159,7,254,10148
20200810,13,80,40,50,90,322,160,6,227,10146
20200810,14,80,40,50,90,320,150,5,204,10143
20200810,15,90,30,40,70,315,156,1,121,10141
20200810,16,60,40,40,60,316,149,4,126,10137
20200810,17,90,40,30,70,310,164,2,63,10136
20200810,18,80,40,30,70,303,159,10,69,10139
20200810,19,70,30,30,60,283,158,5,15,10141
20200810,20,40,20,20,40,244,176,0,0,10147
20200810,21,40,20,20,30,222,179,0,0,10151
20200810,22,50,20,30,30,224,168,0,0,10150
20200810,23,70,20,30,40,218,169,0,0,10153
20200810,24,70,30,30,50,240,160,0,0,10153
20200811,1,60,30,30,50,235,160,0,0,10150
20200811,2,50,30,20,40,219,157,0,0,10147
20200811,3,70,30,40,60,225,158,0,0,10147
20200811,4,100,30,20,70,218,161,0,0,10148
20200811,5,70,30,30,50,219,164,2,6,10148
20200811,6,80,30,30,50,229,167,3,34,10151
20200811,7,80,40,30,60,245,173,8,83,10151
20200811,8,90,30,30,50,267,180,10,138,10150
20200811,9,80,30,30,50,286,181,10,194,10152
20200811,10,110,30,30,50,302,173,6,199,10150
20200811,11,120,30,40,60,322,173,10,262,10148
20200811,12,150,30,30,60,330,175,10,271,10147
20200811,13,160,30,40,70,334,171,8,239,10143
20200811,14,160,40,30,70,336,177,9,220,10140
20200811,15,270,30,20,50,336,163,8,205,10139
20200811,16,40,40,40,120,312,175,9,173,10133
20200811,17,90,70,80,150,268,169,10,137,10140
20200811,18,120,60,40,140,282,161,10,71,10135
20200811,19,40,20,10,60,272,197,5,19,10137
20200811,20,130,20,20,30,261,186,0,1,10146
20200811,21,210,10,10,20,247,194,0,0,10152
20200811,22,990,10,10,20,240,197,0,0,10151
20200811,23,110,30,20,80,255,185,0,0,10156
20200811,24,70,30,10,70,242,185,0,0,10154
20200812,1,130,20,10,40,227,202,0,0,10148
20200812,2,130,10,20,30,216,201,0,0,10143
20200812,3,130,30,40,50,230,182,0,0,10143
20200812,4,110,20,20,40,219,188,0,0,10145
20200812,5,90,20,20,50,221,186,0,2,10147
20200812,6,150,20,10,30,225,187,0,18,10148
20200812,7,120,20,20,30,237,191,0,53,10148
20200812,8,130,20,20,40,255,191,2,94,10146
20200812,9,130,30,30,40,278,192,8,180,10146
20200812,10,130,30,40,60,290,182,10,231,10146
20200812,11,150,40,40,70,300,180,10,260,10144
20200812,12,140,30,30,70,310,181,10,271,10140
20200812,13,120,30,20,60,313,177,8,254,10137
20200812,14,90,30,30,70,316,174,4,177,10133
20200812,15,60,20,30,60,315,187,4,150,10129
20200812,16,30,30,20,50,309,183,3,77,10127
20200812,17,40,30,30,50,308,186,5,72,10120
20200812,18,30,30,30,60,295,184,10,55,10117
20200812,19,30,30,20,50,280,194,5,13,10121
20200812,20,40,20,20,40,245,202,0,0,10124
20200812,21,110,20,20,40,252,182,0,0,10129
20200812,22,110,20,20,40,242,175,0,0,10125
20200812,23,80,20,20,30,225,174,0,0,10120
20200812,24,110,10,10,20,204,179,0,0,10119
20200813,1,70,20,20,30,205,175,0,0,10117
20200813,2,60,10,10,20,193,174,0,0,10117
20200813,3,70,20,10,30,194,167,0,0,10116
20200813,4,110,20,30,40,205,169,0,0,10113
20200813,5,140,20,20,40,205,172,0,3,10116
20200813,6,110,20,10,40,223,176,8,36,10116
20200813,7,0,10,0,30,240,182,6,75,10116
20200813,8,190,10,20,40,256,185,10,131,10115
20200813,9,140,20,20,40,261,191,5,154,10116
20200813,10,140,20,20,30,282,194,4,176,10115
20200813,11,130,20,20,40,290,198,3,184,10114
20200813,12,160,20,20,50,296,186,2,166,10113
20200813,13,150,30,30,50,307,166,7,251,10110
20200813,14,140,30,20,70,309,171,5,200,10109
20200813,15,230,20,10,50,307,171,8,184,10104
20200813,16,210,20,10,30,292,190,0,30,10102
20200813,17,320,20,10,40,284,201,0,31,10105
20200813,18,280,10,10,30,267,214,0,11,10105
20200813,19,150,20,30,60,252,219,0,2,10109
20200813,20,90,10,10,30,236,222,0,0,10110
20200813,21,190,20,30,50,239,217,0,0,10118
20200813,22,140,20,20,40,231,213,0,0,10121
20200813,23,210,20,20,50,224,209,0,0,10118
20200813,24,190,20,30,50,216,199,0,0,10119
20200814,1,150,10,10,30,204,194,0,0,10116
20200814,2,190,10,10,20,196,190,0,0,10112
20200814,3,60,10,20,40,196,188,0,0,10122
20200814,4,50,20,20,40,192,187,0,0,10118
20200814,5,180,10,20,30,188,183,0,2,10120
20200814,6,140,10,10,30,202,193,0,21,10120
20200814,7,160,10,20,30,223,199,5,75,10121
20200814,8,170,30,30,60,246,203,9,135,10119
20200814,9,170,40,30,60,258,189,9,191,10123
20200814,10,210,20,20,60,266,172,6,204,10125
20200814,11,190,30,30,50,276,169,10,271,10123
20200814,12,150,30,40,70,278,178,10,283,10122
20200814,13,200,40,30,70,281,179,9,264,10119
20200814,14,210,30,40,80,278,174,8,205,10117
20200814,15,210,30,30,70,275,175,3,102,10116
20200814,16,240,40,40,70,262,197,3,81,10120
20200814,17,270,40,20,70,240,200,6,88,10125
20200814,18,310,20,20,50,233,200,3,31,10131
20200814,19,310,20,20,30,223,198,0,6,10132
20200814,20,280,20,10,30,215,197,0,0,10134
20200814,21,280,10,20,20,217,198,0,0,10138
20200814,22,250,20,20,40,212,194,0,0,10141
20200814,23,270,20,10,40,210,190,0,0,10142
20200814,24,260,10,10,20,211,190,0,0,10141
20200815,1,250,20,10,30,203,190,0,0,10141
20200815,2,270,20,30,40,201,187,0,0,10140
20200815,3,250,20,20,40,198,186,0,0,10139
20200815,4,240,10,10,40,199,186,0,0,10141
20200815,5,210,10,20,30,200,185,0,1,10144
20200815,6,230,20,30,40,203,179,0,11,10146
20200815,7,220,20,20,50,208,182,0,54,10150
20200815,8,990,20,10,40,223,185,4,110,10150
20200815,9,220,20,20,50,234,186,8,187,10152
20200815,10,310,20,20,50,242,180,7,199,10151
20200815,11,50,20,20,40,246,175,6,226,10151
20200815,12,310,10,20,40,266,182,6,214,10150
20200815,13,300,20,10,40,261,178,4,161,10147
20200815,14,100,10,20,30,271,174,7,211,10142
20200815,15,270,20,20,40,282,174,9,217,10136
20200815,16,340,20,40,60,272,187,6,150,10135
20200815,17,10,30,20,110,234,192,2,54,10136
20200815,18,30,20,20,40,236,206,8,42,10137
20200815,19,120,30,20,50,233,196,5,27,10140
20200815,20,990,10,10,40,212,196,0,0,10141
20200815,21,40,10,20,20,205,192,0,0,10139
20200815,22,60,10,10,30,197,191,0,0,10140
20200815,23,60,10,20,20,190,185,0,0,10137
20200815,24,0,10,0,30,186,181,0,0,10133
20200816,1,110,10,10,20,187,182,0,0,10128
20200816,2,40,10,10,20,190,182,0,0,10125
20200816,3,30,10,10,20,188,183,0,0,10126
20200816,4,40,10,10,20,192,182,0,0,10122
20200816,5,50,10,10,20,187,182,0,3,10123
20200816,6,70,10,20,30,201,183,0,22,10120
20200816,7,70,20,20,40,215,191,0,48,10119
20200816,8,70,30,30,50,242,194,6,128,10116
20200816,9,80,30,30,50,261,190,9,187,10114
20200816,10,100,30,20,50,273,191,10,231,10111
20200816,11,80,20,30,50,284,188,6,200,10106
20200816,12,130,20,40,70,295,170,8,250,10104
20200816,13,150,30,20,60,299,175,10,294,10096
20200816,14,160,30,30,60,294,162,8,252,10088
20200816,15,140,30,30,50,281,177,0,78,10084
20200816,16,150,30,40,60,281,183,0,68,10083
20200816,17,140,30,20,60,272,189,0,33,10080
20200816,18,150,50,120,190,182,169,0,8,10114
20200816,19,330,40,20,220,189,185,0,0,10099
20200816,20,30,20,20,40,182,178,0,0,10094
20200816,21,0,20,0,40,176,171,0,0,10091
20200816,22,160,10,20,30,176,171,0,0,10093
20200816,23,220,20,20,50,177,176,0,0,10096
20200816,24,120,10,10,30,165,165,0,0,10096
20200817,1,170,10,10,20,159,158,0,0,10094
20200817,2,180,10,10,30,168,168,0,0,10091
20200817,3,140,10,10,20,164,163,0,0,10089
20200817,4,990,10,10,20,165,163,0,0,10090
20200817,5,80,10,10,20,164,164,0,1,10092
20200817,6,100,10,10,20,169,168,0,13,10093
20200817,7,110,10,10,20,178,177,0,33,10094
20200817,8,130,10,10,20,188,184,0,62,10095
20200817,9,90,10,20,30,204,190,3,124,10095
20200817,10,120,20,20,30,212,188,2,138,10094
20200817,11,120,20,30,50,233,197,2,166,10093
20200817,12,110,30,30,50,239,183,4,198,10091
20200817,13,130,30,40,60,246,174,5,204,10086
20200817,14,280,30,30,90,221,148,2,93,10086
20200817,15,230,20,30,60,249,165,8,187,10082
20200817,16,240,40,40,90,213,143,2,54,10092
20200817,17,310,30,20,80,192,173,0,19,10094
20200817,18,360,20,20,50,190,171,8,43,10092
20200817,19,10,10,10,30,171,164,0,6,10093
20200817,20,120,10,10,20,162,159,0,0,10098
20200817,21,110,10,10,20,156,154,0,0,10099
20200817,22,150,10,20,30,158,152,0,0,10101
20200817,23,150,20,20,40,167,158,0,0,10101
20200817,24,180,20,10,30,159,154,0,0,10097
20200818,1,170,10,20,30,153,150,0,0,10095
20200818,2,100,10,10,20,147,146,0,0,10095
20200818,3,160,10,10,20,139,138,0,0,10096
20200818,4,200,10,20,20,135,134,0,0,10096
20200818,5,200,20,20,30,145,142,0,2,10098
20200818,6,200,20,30,50,172,162,7,33,10103
20200818,7,220,30,30,60,185,160,7,73,10103
20200818,8,210,30,30,60,198,160,9,124,10104
20200818,9,210,40,40,70,207,156,6,121,10105
20200818,10,210,50,50,80,219,154,10,242,10105
20200818,11,290,40,30,80,209,151,4,156,10105
20200818,12,290,40,30,70,200,159,5,161,10108
20200818,13,260,30,40,70,224,151,5,191,10104
20200818,14,250,40,40,80,235,142,10,231,10101
20200818,15,250,40,40,90,229,137,9,191,10101
20200818,16,270,40,40,80,232,135,10,156,10102
20200818,17,260,40,30,80,225,125,10,103,10102
20200818,18,270,30,30,70,220,132,10,56,10104
20200818,19,270,20,20,50,200,138,3,12,10108
20200818,20,300,10,10,40,163,147,0,0,10112
20200818,21,300,10,10,20,149,142,0,0,10113
20200818,22,130,10,10,10,142,138,0,0,10113
20200818,23,120,10,10,20,137,134,0,0,10114
20200818,24,140,10,10,20,136,131,0,0,10111
20200819,1,160,10,20,20,133,130,0,0,10109
20200819,2,160,10,20,20,132,130,0,0,10106
20200819,3,170,20,20,30,136,135,0,0,10104
20200819,4,150,20,20,30,138,136,0,0,10100
20200819,5,140,20,30,40,149,143,0,3,10097
20200819,6,150,20,20,40,167,153,10,32,10098
20200819,7,160,20,20,40,186,157,8,80,10098
20200819,8,150,30,30,50,210,163,7,123,10096
20200819,9,150,40,40,60,228,161,10,191,10093
20200819,10,170,40,50,80,239,152,9,231,10090
20200819,11,160,40,50,90,248,146,6,230,10084
20200819,12,170,50,40,90,256,146,8,232,10080
20200819,13,160,50,40,100,263,146,8,247,10074
20200819,14,160,50,40,80,264,142,6,177,10068
20200819,15,150,40,50,80,262,145,4,145,10065
20200819,16,180,40,20,70,269,150,5,116,10060
20200819,17,150,30,30,60,259,152,0,58,10054
20200819,18,180,30,30,60,255,151,8,32,10051
20200819,19,190,30,30,60,236,162,0,3,10052
20200819,20,160,20,20,50,224,162,0,0,10049
20200819,21,230,30,40,80,221,170,0,0,10051
20200819,22,210,40,50,80,212,170,0,0,10049
20200819,23,190,40,40,80,210,169,0,0,10047
20200819,24,170,50,40,100,205,172,0,0,10045
20200820,1,160,40,30,90,190,180,0,0,10045
20200820,2,170,30,30,50,196,178,0,0,10045
20200820,3,180,30,30,70,198,174,0,0,10046
20200820,4,180,30,30,60,196,176,0,0,10049
20200820,5,190,30,30,60,200,178,0,1,10055
20200820,6,190,30,30,50,204,181,0,16,10058
20200820,7,190,30,30,60,216,187,1,46,10066
20200820,8,200,30,20,60,226,190,3,78,10068
20200820,9,200,30,40,60,225,187,0,72,10074
20200820,10,210,30,40,70,232,185,1,93,10081
20200820,11,150,30,30,80,221,192,0,38,10078
20200820,12,140,30,30,60,232,196,0,80,10076
20200820,13,130,30,30,70,242,194,0,115,10076
20200820,14,130,40,50,80,265,203,7,204,10071
20200820,15,140,50,50,80,269,196,9,199,10067
20200820,16,140,50,40,80,272,199,6,119,10065
20200820,17,130,30,30,70,274,202,6,76,10060
20200820,18,120,30,40,60,274,196,10,58,10055
20200820,19,100,30,30,60,263,192,3,7,10052
20200820,20,100,30,40,60,260,191,0,0,10050
20200820,21,110,40,30,170,229,202,0,0,10044
20200820,22,140,30,30,50,234,198,0,0,10045
20200820,23,170,20,20,40,218,196,0,0,10044
20200820,24,140,20,30,40,225,184,0,0,10042
20200821,1,150,30,30,50,233,175,0,0,10045
20200821,2,160,30,40,60,242,167,0,0,10042
20200821,3,150,30,30,80,247,153,0,0,10030
20200821,4,160,30,20,60,238,154,0,0,10036
20200821,5,180,30,40,60,242,154,0,1,10048
20200821,6,190,60,60,120,248,151,0,3,10054
20200821,7,180,50,50,100,233,163,0,8,10060
20200821,8,180,50,50,100,227,175,0,42,10061
20200821,9,210,50,50,100,246,181,7,166,10064
20200821,10,200,60,60,100,258,172,9,227,10066
20200821,11,210,70,70,120,272,147,10,263,10070
20200821,12,220,70,60,130,281,149,10,279,10076
20200821,13,220,70,60,130,282,149,10,252,10079
20200821,14,240,50,40,110,273,148,10,239,10082
20200821,15,240,50,50,100,270,150,10,211,10085
20200821,16,270,40,40,80,261,154,10,162,10091
20200821,17,270,50,40,80,244,152,10,106,10093
20200821,18,270,40,40,80,233,146,10,44,10098
20200821,19,260,30,30,70,226,139,3,8,10102
20200821,20,210,20,20,50,201,149,0,0,10105
20200821,21,280,10,20,50,189,151,0,0,10108
20200821,22,230,20,30,50,201,151,0,0,10110
20200821,23,210,20,20,40,186,153,0,0,10114
20200821,24,210,20,30,40,191,153,0,0,10115
20200822,1,210,30,30,50,191,153,0,0,10115
20200822,2,220,40,40,70,191,151,0,0,10116
20200822,3,210,30,40,70,185,151,0,0,10118
20200822,4,200,40,50,80,181,147,0,0,10120
20200822,5,210,50,50,90,182,146,0,1,10124
20200822,6,220,50,50,100,184,146,0,9,10130
20200822,7,220,60,50,100,193,150,10,75,10132
20200822,8,220,70,80,130,195,138,9,104,10132
20200822,9,210,60,70,130,199,144,4,105,10135
20200822,10,230,70,70,130,215,142,8,166,10133
20200822,11,220,80,80,140,213,141,7,203,10132
20200822,12,210,70,70,140,207,138,3,117,10133
20200822,13,220,60,60,170,198,157,2,140,10140
20200822,14,230,70,60,120,183,162,2,100,10142
20200822,15,210,40,50,100,203,158,3,100,10139
20200822,16,240,70,80,160,208,124,10,147,10139
20200822,17,240,70,60,140,203,120,8,80,10138
20200822,18,240,50,50,110,200,127,5,30,10136
20200822,19,250,50,60,120,192,123,2,13,10141
20200822,20,230,60,60,130,182,121,0,0,10143
20200822,21,230,60,60,110,182,129,0,0,10141
20200822,22,220,50,40,100,173,126,0,0,10139
20200822,23,220,40,40,80,171,124,0,0,10137
20200822,24,220,50,40,80,167,128,0,0,10132
20200823,1,220,40,40,70,157,141,0,0,10133
20200823,2,210,30,30,70,158,142,0,0,10132
20200823,3,220,40,40,80,158,141,0,0,10132
20200823,4,210,40,50,80,157,137,0,0,10128
20200823,5,210,40,50,90,159,137,0,1,10131
20200823,6,210,50,50,80,163,137,7,26,10132
20200823,7,220,50,50,100,162,142,0,22,10136
20200823,8,230,50,40,100,165,147,3,50,10138
20200823,9,230,50,50,100,172,148,1,63,10140
20200823,10,240,50,50,100,176,154,2,104,10144
20200823,11,250,50,50,100,191,141,4,158,10145
20200823,12,260,50,60,110,203,132,9,233,10150
20200823,13,270,60,60,100,198,126,4,138,10155
20200823,14,280,50,50,110,206,131,6,166,10156
20200823,15,280,50,50,110,200,118,10,188,10160
20200823,16,280,40,40,90,197,122,6,88,10160
20200823,17,290,40,40,90,198,124,8,85,10159
20200823,18,270,30,30,70,189,119,8,46,10160
20200823,19,250,20,20,60,180,125,2,5,10162
20200823,20,220,20,20,50,157,130,0,0,10160
20200823,21,200,20,20,40,166,131,0,0,10157
20200823,22,200,30,30,50,172,140,0,0,10153
20200823,23,220,40,40,80,177,144,0,0,10151
20200823,24,230,50,30,90,164,144,0,0,10148
20200824,1,220,40,30,80,160,142,0,0,10143
20200824,2,220,40,40,80,154,142,0,0,10142
20200824,3,210,30,30,70,155,144,0,0,10140
20200824,4,230,30,30,60,155,146,0,0,10140
20200824,5,210,40,30,70,153,145,0,0,10137
20200824,6,210,30,30,60,154,145,0,8,10139
20200824,7,250,30,30,70,154,147,0,13,10141
20200824,8,250,30,40,60,173,144,5,95,10144
20200824,9,270,40,40,90,185,134,4,120,10146
20200824,10,270,40,40,100,181,122,3,106,10149
20200824,11,250,50,40,100,183,119,2,128,10148
20200824,12,250,40,40,90,188,114,1,84,10147
20200824,13,250,50,60,100,196,119,5,169,10148
20200824,14,270,40,50,90,206,113,5,131,10146
20200824,15,270,50,50,100,194,108,4,112,10146
20200824,16,260,50,50,90,200,111,8,114,10146
20200824,17,280,40,30,90,194,116,10,101,10145
20200824,18,270,40,30,80,183,115,10,48,10145
20200824,19,270,20,20,60,169,118,2,5,10147
20200824,20,270,10,10,30,137,121,0,0,10149
20200824,21,190,10,10,20,123,117,0,0,10149
20200824,22,130,10,10,20,117,112,0,0,10148
20200824,23,150,10,20,20,119,117,0,0,10145
20200824,24,160,20,20,30,127,116,0,0,10142
20200825,1,150,20,10,40,128,117,0,0,10138
20200825,2,160,20,20,30,128,116,0,0,10132
20200825,3,170,20,20,40,130,119,0,0,10127
20200825,4,160,20,20,40,134,125,0,0,10121
20200825,5,160,20,20,40,137,129,0,2,10118
20200825,6,170,20,20,40,145,135,0,15,10114
20200825,7,160,30,30,50,151,138,0,25,10112
20200825,8,160,30,30,60,158,137,0,35,10105
20200825,9,150,30,30,60,171,142,0,65,10095
20200825,10,170,50,50,100,182,138,0,101,10087
20200825,11,190,50,50,90,178,142,0,60,10082
20200825,12,170,50,40,100,169,148,0,51,10071
20200825,13,150,40,40,80,168,150,0,53,10053
20200825,14,170,50,60,100,186,148,0,97,10038
20200825,15,170,60,60,100,186,145,0,50,10032
20200825,16,180,60,60,140,186,149,0,27,10023
20200825,17,180,60,60,120,195,151,0,36,10009
20200825,18,210,50,80,120,212,154,10,33,10001
20200825,19,220,60,60,130,206,150,2,5,10004
20200825,20,230,80,80,170,195,126,0,0,10006
20200825,21,220,80,80,180,187,130,0,0,10006
20200825,22,220,80,80,150,187,130,0,0,9999
20200825,23,230,100,120,210,188,123,0,0,9992
20200825,24,230,100,100,180,176,129,0,0,9991
20200826,1,220,90,90,170,169,133,0,0,9986
20200826,2,230,100,100,170,159,138,0,0,9984
20200826,3,240,90,90,170,156,145,0,0,9990
20200826,4,250,90,90,170,156,141,0,0,9993
20200826,5,240,80,80,160,156,133,0,0,9996
20200826,6,250,80,80,160,161,136,0,2,10007
20200826,7,260,80,90,170,156,133,0,7,10021
20200826,8,260,80,80,150,157,135,0,18,10034
20200826,9,260,80,70,150,164,134,0,32,10043
20200826,10,250,70,80,160,174,132,0,43,10054
20200826,11,250,70,80,160,179,135,0,51,10065
20200826,12,270,70,70,150,166,149,0,70,10080
20200826,13,260,80,80,150,175,144,0,89,10092
20200826,14,270,70,70,150,174,140,0,60,10103
20200826,15,270,70,70,160,169,140,0,27,10117
20200826,16,280,70,60,150,164,146,1,43,10130
20200826,17,290,60,60,140,165,136,0,23,10141
20200826,18,290,60,60,120,171,131,7,26,10148
20200826,19,270,50,50,110,164,127,0,3,10158
20200826,20,270,40,30,80,157,125,0,0,10167
20200826,21,270,30,20,70,152,126,0,0,10171
20200826,22,270,20,20,50,149,124,0,0,10173
20200826,23,240,20,20,30,140,123,0,0,10175
20200826,24,250,20,20,30,131,124,0,0,10175
20200827,1,240,20,20,30,124,119,0,0,10175
20200827,2,220,20,10,30,124,119,0,0,10173
20200827,3,200,10,10,20,122,117,0,0,10171
20200827,4,200,10,10,10,119,116,0,0,10169
20200827,5,190,10,10,10,122,119,0,1,10171
20200827,6,90,10,10,10,135,132,3,18,10171
20200827,7,160,10,10,10,150,142,0,38,10167
20200827,8,160,10,20,30,158,143,0,49,10167
20200827,9,120,10,10,30,163,145,0,41,10166
20200827,10,130,30,30,50,173,145,0,84,10157
20200827,11,150,30,30,50,179,140,2,139,10154
20200827,12,160,30,30,60,186,142,1,105,10149
20200827,13,170,30,30,60,191,140,1,140,10139
20200827,14,130,30,40,60,194,145,1,131,10130
20200827,15,130,40,40,60,192,138,2,117,10123
20200827,16,130,30,30,60,190,140,0,56,10114
20200827,17,120,30,30,50,186,137,0,18,10100
20200827,18,110,30,30,50,182,132,3,21,10089
20200827,19,120,20,10,50,173,136,0,0,10091
20200827,20,130,30,40,70,161,135,0,0,10081
20200827,21,100,30,40,60,156,140,0,0,10063
20200827,22,130,30,20,60,155,134,0,0,10050
20200827,23,130,40,40,60,151,137,0,0,10032
20200827,24,150,40,30,70,159,138,0,0,10026
20200828,1,160,30,30,60,158,134,0,0,10018
20200828,2,170,40,30,90,160,135,0,0,10010
20200828,3,190,40,50,80,162,136,0,0,10004
20200828,4,210,60,70,130,165,131,0,0,9999
20200828,5,210,60,60,130,163,132,0,0,10001
20200828,6,210,50,50,100,160,131,2,12,10004
20200828,7,220,60,60,100,168,132,10,74,10003
20200828,8,220,60,50,120,174,132,8,112,10003
20200828,9,220,60,50,110,182,131,9,164,10006
20200828,10,220,60,60,120,191,133,8,180,10005
20200828,11,210,50,60,100,193,134,4,128,10002
20200828,12,210,50,50,90,194,128,8,181,9999
20200828,13,210,40,50,90,197,128,7,179,9995
20200828,14,210,50,40,100,192,131,4,127,9997
20200828,15,290,30,30,100,169,114,2,51,9994
20200828,16,110,30,40,60,143,136,0,7,9997
20200828,17,120,20,20,50,146,140,0,13,9993
20200828,18,150,20,20,40,144,135,0,8,9997
20200828,19,160,20,20,40,143,135,0,0,9998
20200828,20,170,30,30,60,132,114,0,0,9998
20200828,21,180,30,30,50,128,116,0,0,9997
20200828,22,190,30,30,60,136,124,0,0,9999
20200828,23,190,30,20,50,135,121,0,0,10000
20200828,24,200,30,30,60,134,122,0,0,10001
20200829,1,200,30,30,60,133,118,0,0,10002
20200829,2,190,30,20,60,127,116,0,0,10003
20200829,3,210,30,30,70,128,119,0,0,10001
20200829,4,200,30,30,60,129,121,0,0,10005
20200829,5,200,30,40,60,127,120,0,0,10008
20200829,6,200,30,30,70,132,124,2,17,10010
20200829,7,200,40,40,70,137,127,3,36,10015
20200829,8,210,40,40,80,155,130,10,126,10019
20200829,9,200,50,60,100,160,129,7,147,10021
20200829,10,210,60,70,100,162,124,4,133,10026
20200829,11,210,50,50,90,163,130,3,98,10030
20200829,12,230,50,60,90,176,125,3,153,10032
20200829,13,280,50,30,100,155,136,1,100,10036
20200829,14,250,40,40,80,157,132,0,72,10041
20200829,15,230,40,40,80,177,134,4,138,10042
20200829,16,220,40,40,70,183,126,10,149,10042
20200829,17,230,40,40,80,181,121,10,87,10045
20200829,18,230,40,30,70,169,124,8,32,10049
20200829,19,220,20,20,50,146,128,0,2,10054
20200829,20,220,10,10,20,128,122,0,0,10062
20200829,21,210,20,20,30,130,124,0,0,10062
20200829,22,220,20,20,40,141,130,0,0,10064
20200829,23,220,20,20,30,139,133,0,0,10068
20200829,24,230,10,20,30,129,124,0,0,10069
20200830,1,200,10,10,30,111,110,0,0,10072
20200830,2,250,20,20,30,130,128,0,0,10076
20200830,3,240,20,20,30,129,127,0,0,10073
20200830,4,220,20,20,30,129,126,0,0,10077
20200830,5,230,20,30,30,129,127,0,0,10078
20200830,6,230,20,20,40,135,132,0,13,10081
20200830,7,250,20,20,30,152,144,4,56,10085
20200830,8,320,20,20,50,163,152,3,63,10088
20200830,9,20,10,20,50,161,151,0,15,10090
20200830,10,350,50,50,100,174,148,5,125,10093
20200830,11,350,60,60,130,173,146,6,136,10097
20200830,12,350,60,60,120,176,147,0,69,10100
20200830,13,350,60,60,120,180,145,0,93,10105
20200830,14,360,60,70,130,181,142,1,68,10110
20200830,15,350,70,60,150,170,144,1,71,10115
20200830,16,350,70,70,150,170,137,1,42,10122
20200830,17,360,70,70,140,165,125,5,50,10131
20200830,18,350,60,50,120,162,118,0,10,10139
20200830,19,340,50,40,110,159,117,0,0,10148
20200830,20,340,40,30,80,149,109,0,0,10154
20200830,21,350,30,20,70,147,118,0,0,10160
20200830,22,330,20,10,50,143,129,0,0,10165
20200830,23,350,20,30,50,138,127,0,0,10170
20200830,24,330,30,30,70,135,126,0,0,10171
20200831,1,340,20,20,50,136,126,0,0,10172
20200831,2,340,20,20,50,138,123,0,0,10174
20200831,3,350,20,40,60,139,108,0,0,10176
20200831,4,310,20,10,70,134,113,0,0,10181
20200831,5,340,20,10,40,132,103,0,0,10183
20200831,6,320,20,20,40,135,95,0,11,10187
20200831,7,340,20,20,40,144,103,0,34,10191
20200831,8,360,20,40,50,158,97,6,103,10195
20200831,9,10,30,40,60,166,85,8,167,10199
20200831,10,340,40,40,70,167,113,9,227,10201
20200831,11,20,30,30,70,175,109,7,214,10201
20200831,12,360,30,40,70,172,100,7,231,10203
20200831,13,360,40,40,70,169,98,0,95,10204
20200831,14,360,40,40,70,169,86,0,96,10204
20200831,15,10,30,30,60,173,78,0,98,10202
20200831,16,360,30,20,60,173,94,0,79,10202
20200831,17,330,20,20,50,163,98,2,53,10202
20200831,18,10,20,10,40,159,102,7,30,10204
20200831,19,30,10,10,20,136,115,0,1,10206
20200831,20,360,10,10,20,117,106,0,0,10207
20200831,21,340,10,10,20,115,108,0,0,10208
20200831,22,310,20,20,30,122,107,0,0,10209
20200831,23,320,10,10,30,101,95,0,0,10208
20200831,24,0,0,0,10,95,94,0,0,10210
20200901,1,340,10,10,20,93,88,0,0,10207
20200901,2,340,10,10,10,98,93,0,0,10206
20200901,3,300,10,10,30,103,98,0,0,10205
20200901,4,320,10,10,20,97,94,0,0,10204
20200901,5,0,10,0,20,99,94,0,0,10202
20200901,6,0,0,0,10,104,99,0,12,10206
20200901,7,0,10,0,10,134,103,3,50,10209
20200901,8,350,10,20,20,159,103,6,102,10209
20200901,9,360,20,20,40,164,90,7,138,10207
20200901,10,360,20,30,50,164,83,5,128,10205
20200901,11,130,10,10,40,168,78,0,62,10202
20200901,12,150,10,10,30,168,85,0,85,10201
20200901,13,300,10,20,30,171,102,0,67,10200
20200901,14,320,30,30,50,168,111,0,91,10198
20200901,15,330,30,40,70,169,98,2,116,10195
20200901,16,330,30,30,60,172,82,9,133,10192
20200901,17,340,30,30,60,166,98,10,91,10192
20200901,18,340,20,20,50,154,106,8,34,10192
20200901,19,340,20,20,30,128,105,0,1,10194
20200901,20,350,20,20,40,126,105,0,0,10195
20200901,21,310,10,20,30,102,97,0,0,10197
20200901,22,330,20,20,30,107,103,0,0,10197
20200901,23,330,20,20,30,114,106,0,0,10195
20200901,24,300,20,20,30,115,110,0,0,10194
20200902,1,340,20,10,30,116,110,0,0,10193
20200902,2,330,20,20,30,108,105,0,0,10190
20200902,3,330,10,10,20,90,87,0,0,10187
20200902,4,320,10,10,20,86,83,0,0,10187
20200902,5,330,10,10,20,84,81,0,0,10189
20200902,6,30,10,20,20,110,95,7,18,10190
20200902,7,350,10,10,20,135,100,10,66,10194
20200902,8,990,10,10,20,162,100,10,120,10196
20200902,9,340,20,20,30,175,99,10,175,10198
20200902,10,990,10,10,40,192,111,10,218,10195
20200902,11,990,10,10,30,190,103,8,214,10193
20200902,12,990,10,10,30,204,102,5,155,10190
20200902,13,990,10,10,30,212,102,7,203,10187
20200902,14,40,10,10,40,201,88,9,199,10184
20200902,15,270,10,10,50,200,107,5,129,10183
20200902,16,290,10,20,30,211,98,9,137,10185
20200902,17,310,30,20,60,191,120,5,65,10189
20200902,18,330,20,20,40,176,125,7,23,10191
20200902,19,310,10,10,30,141,124,0,0,10196
20200902,20,290,10,20,30,124,117,0,0,10197
20200902,21,280,10,10,20,112,107,0,0,10195
20200902,22,280,10,10,10,108,105,0,0,10192
20200902,23,140,10,10,20,108,105,0,0,10192
20200902,24,200,10,10,20,107,104,0,0,10189
20200903,1,150,10,10,20,113,110,0,0,10185
20200903,2,150,10,10,20,118,115,0,0,10184
20200903,3,200,20,20,40,134,111,0,0,10175
20200903,4,190,20,20,40,141,112,0,0,10173
20200903,5,170,20,20,40,135,117,0,0,10175
20200903,6,190,30,30,50,139,120,0,4,10172
20200903,7,200,30,40,70,136,121,0,11,10174
20200903,8,190,40,50,90,134,121,0,15,10171
20200903,9,180,40,50,80,136,127,0,18,10168
20200903,10,180,50,50,90,140,131,0,20,10168
20200903,11,190,40,50,80,148,137,0,34,10164
20200903,12,190,50,40,90,161,146,0,77,10161
20200903,13,210,40,50,90,178,149,0,106,10159
20200903,14,210,40,40,80,187,154,0,66,10157
20200903,15,210,40,30,70,194,162,0,23,10156
20200903,16,220,40,50,80,204,173,0,26,10157
20200903,17,230,50,60,130,205,174,0,24,10159
20200903,18,230,60,60,110,201,169,0,6,10160
20200903,19,230,60,50,100,197,169,0,0,10164
20200903,20,230,50,50,90,193,169,0,0,10169
20200903,21,230,50,60,110,183,175,0,0,10172
20200903,22,230,50,50,110,182,176,0,0,10174
20200903,23,230,50,50,100,181,175,0,0,10176
20200903,24,250,30,30,90,176,170,0,0,10180
20200904,1,240,30,30,60,173,166,0,0,10179
20200904,2,230,30,30,70,166,157,0,0,10183
20200904,3,230,30,40,60,168,162,0,0,10184
20200904,4,220,30,30,50,167,162,0,0,10184
20200904,5,220,20,20,50,165,160,0,0,10187
20200904,6,230,30,30,50,167,159,0,5,10192
20200904,7,220,20,30,50,170,156,0,27,10196
20200904,8,230,30,30,70,177,155,1,68,10201
20200904,9,230,40,40,70,184,154,2,79,10206
20200904,10,230,50,40,90,190,147,7,189,10205
20200904,11,220,50,50,90,192,139,3,151,10204
20200904,12,270,50,40,100,200,129,6,188,10202
20200904,13,230,40,50,80,209,127,5,189,10204
20200904,14,240,50,50,90,193,122,1,87,10204
20200904,15,260,50,50,100,188,109,5,110,10204
20200904,16,250,50,50,90,187,107,6,107,10202
20200904,17,250,40,40,90,177,108,1,42,10199
20200904,18,250,30,20,70,169,109,7,18,10199
20200904,19,230,20,20,50,160,113,0,0,10200
20200904,20,230,20,20,30,156,113,0,0,10196
20200904,21,200,20,20,30,148,115,0,0,10191
20200904,22,220,20,20,30,139,116,0,0,10186
20200904,23,220,20,20,40,152,122,0,0,10182
20200904,24,230,20,20,40,155,128,0,0,10181
20200905,1,220,20,10,40,152,132,0,0,10176
20200905,2,260,10,10,20,148,133,0,0,10173
20200905,3,310,20,30,60,145,122,0,0,10176
20200905,4,270,20,10,40,135,131,0,0,10173
20200905,5,240,10,20,40,133,125,0,0,10172
20200905,6,220,20,30,40,132,126,0,6,10174
20200905,7,240,20,20,40,139,125,2,39,10176
20200905,8,270,30,30,60,161,120,10,121,10177
20200905,9,280,40,50,80,169,106,10,160,10181
20200905,10,280,50,50,100,178,106,9,195,10183
20200905,11,290,50,50,110,180,100,10,220,10184
20200905,12,270,50,40,100,175,96,8,193,10188
20200905,13,280,50,50,100,172,98,6,169,10190
20200905,14,290,50,50,100,168,91,1,115,10194
20200905,15,290,50,50,90,173,89,6,126,10192
20200905,16,280,40,50,90,161,86,4,57,10192
20200905,17,270,40,40,80,159,91,0,40,10190
20200905,18,260,30,30,60,156,92,2,11,10190
20200905,19,220,20,20,50,151,94,0,0,10190
20200905,20,190,20,10,80,126,118,0,0,10195
20200905,21,210,10,10,20,111,110,0,0,10194
20200905,22,200,10,20,20,107,106,0,0,10194
20200905,23,210,20,20,30,117,114,0,0,10194
20200905,24,220,20,10,30,111,106,0,0,10194
20200906,1,350,20,10,60,114,108,0,0,10195
20200906,2,140,10,20,30,114,109,0,0,10193
20200906,3,220,10,10,40,114,109,0,0,10190
20200906,4,170,10,10,30,101,98,0,0,10187
20200906,5,160,10,20,20,91,90,0,0,10186
20200906,6,180,20,10,30,108,100,5,14,10189
20200906,7,210,10,20,30,129,105,8,61,10189
20200906,8,220,20,20,30,152,110,7,90,10192
20200906,9,250,30,30,70,167,110,10,171,10194
20200906,10,250,40,30,80,175,107,7,161,10194
20200906,11,260,30,30,70,176,97,3,149,10194
20200906,12,290,30,40,70,186,90,9,246,10193
20200906,13,280,30,30,70,179,95,2,121,10194
20200906,14,290,30,40,70,187,99,7,172,10194
20200906,15,280,40,40,80,189,96,10,171,10196
20200906,16,300,40,40,80,179,102,10,123,10199
20200906,17,280,30,30,70,165,104,5,64,10202
20200906,18,300,20,10,60,159,114,5,12,10204
20200906,19,310,20,20,40,150,114,0,0,10211
20200906,20,280,20,20,30,147,116,0,0,10214
20200906,21,270,20,10,40,134,113,0,0,10216
20200906,22,260,10,10,20,110,105,0,0,10218
20200906,23,240,10,10,20,99,95,0,0,10221
20200906,24,230,10,10,20,92,91,0,0,10223
20200907,1,220,10,10,20,89,86,0,0,10223
20200907,2,230,10,10,20,86,86,0,0,10223
20200907,3,210,10,10,10,82,79,0,0,10221
20200907,4,140,10,10,10,82,82,0,0,10220
20200907,5,160,10,10,20,82,81,0,0,10224
20200907,6,150,10,10,20,106,98,5,14,10228
20200907,7,200,10,20,40,134,109,7,57,10232
20200907,8,200,30,30,60,166,126,10,117,10233
20200907,9,220,40,40,70,172,125,7,151,10234
20200907,10,220,40,40,70,189,128,8,183,10234
20200907,11,230,40,40,70,189,117,7,180,10235
20200907,12,240,40,50,80,197,109,5,185,10233
20200907,13,230,50,60,90,198,111,7,203,10234
20200907,14,250,50,30,90,202,116,8,170,10234
20200907,15,240,40,40,80,205,107,10,168,10232
20200907,16,230,50,50,90,198,110,10,116,10233
20200907,17,230,40,40,80,191,104,7,53,10232
20200907,18,220,30,30,70,180,114,7,16,10228
20200907,19,220,20,20,50,167,120,0,0,10231
20200907,20,230,30,30,70,170,127,0,0,10235
20200907,21,220,30,30,60,164,129,0,0,10235
20200907,22,210,20,20,50,156,129,0,0,10235
20200907,23,210,30,30,60,156,131,0,0,10232
20200907,24,210,30,30,70,153,126,0,0,10229
20200908,1,220,40,40,70,152,125,0,0,10229
20200908,2,220,40,40,70,156,129,0,0,10228
20200908,3,220,40,40,70,155,133,0,0,10229
20200908,4,210,30,30,60,155,139,0,0,10229
20200908,5,210,30,40,60,157,143,0,0,10231
20200908,6,210,40,30,70,159,148,0,5,10232
20200908,7,210,30,30,70,163,150,0,11,10235
20200908,8,220,30,30,60,167,154,0,22,10242
20200908,9,210,30,30,60,171,161,0,44,10244
20200908,10,220,30,40,70,175,157,0,42,10249
20200908,11,230,30,50,80,183,159,0,65,10250
20200908,12,230,40,30,80,184,159,0,62,10251
20200908,13,240,40,30,80,187,158,0,48,10252
20200908,14,240,40,40,70,186,157,0,34,10253
20200908,15,230,40,30,70,186,158,0,38,10252
20200908,16,210,30,30,60,185,158,0,24,10249
20200908,17,220,30,30,60,184,156,0,14,10246
20200908,18,210,30,30,50,181,158,0,4,10246
20200908,19,200,20,30,50,180,161,0,0,10245
20200908,20,190,20,20,60,178,164,0,0,10246
20200908,21,180,20,30,40,178,163,0,0,10245
20200908,22,190,20,20,40,177,163,0,0,10242
20200908,23,190,30,30,50,174,159,0,0,10237
20200908,24,180,30,20,50,174,160,0,0,10233
20200909,1,190,20,20,40,175,162,0,0,10226
20200909,2,200,30,40,60,178,162,0,0,10219
20200909,3,210,30,30,50,179,162,0,0,10215
20200909,4,210,30,30,60,177,163,0,0,10210
20200909,5,230,30,40,70,177,163,0,0,10209
20200909,6,240,40,40,70,174,165,0,2,10211
20200909,7,220,40,40,60,175,168,0,12,10209
20200909,8,220,40,40,70,177,172,0,18,10209
20200909,9,220,40,40,80,186,175,0,25,10209
20200909,10,230,50,40,90,185,173,0,36,10208
20200909,11,230,40,50,90,195,173,0,65,10205
20200909,12,260,40,40,70,207,165,0,66,10203
20200909,13,260,40,40,80,206,164,0,70,10203
20200909,14,280,40,40,80,192,163,0,57,10206
20200909,15,280,40,30,70,182,169,0,29,10206
20200909,16,310,30,40,70,181,170,0,28,10206
20200909,17,310,20,20,60,177,168,0,15,10209
20200909,18,310,20,30,40,175,159,0,7,10212
20200909,19,330,30,30,60,163,138,0,0,10224
20200909,20,340,30,20,60,145,118,0,0,10230
20200909,21,330,20,20,50,133,111,0,0,10234
20200909,22,280,10,10,30,111,105,0,0,10235
20200909,23,290,10,10,20,94,91,0,0,10234
20200909,24,240,10,10,20,87,86,0,0,10233
20200910,1,220,10,10,20,81,81,0,0,10232
20200910,2,220,10,10,20,75,74,0,0,10232
20200910,3,210,10,10,20,75,75,0,0,10234
20200910,4,200,10,10,20,79,79,0,0,10236
20200910,5,200,10,10,10,76,75,0,0,10236
20200910,6,230,10,10,10,85,84,0,6,10238
20200910,7,990,10,10,20,117,100,0,36,10240
20200910,8,240,10,20,30,159,100,10,112,10239
20200910,9,170,10,10,20,173,100,10,148,10239
20200910,10,990,10,10,30,179,96,9,177,10237
20200910,11,320,20,20,40,173,85,6,170,10234
20200910,12,100,10,20,40,189,91,7,190,10230
20200910,13,300,20,20,40,182,86,1,93,10227
20200910,14,130,10,10,30,188,75,3,132,10221
20200910,15,990,10,10,20,187,90,5,124,10212
20200910,16,80,10,10,20,187,75,8,89,10205
20200910,17,180,10,20,30,180,78,8,60,10201
20200910,18,0,10,0,30,149,111,5,16,10202
20200910,19,990,0,10,20,125,114,0,0,10201
20200910,20,90,10,10,20,110,103,0,0,10199
20200910,21,300,10,10,20,98,93,0,0,10198
20200910,22,80,10,10,10,94,90,0,0,10195
20200910,23,80,0,10,10,98,94,0,0,10194
20200910,24,0,0,0,10,105,100,0,0,10190
20200911,1,150,10,10,20,100,94,0,0,10184
20200911,2,160,10,10,10,88,85,0,0,10181
20200911,3,130,10,10,10,98,93,0,0,10179
20200911,4,130,10,10,10,96,93,0,0,10178
20200911,5,130,0,10,10,99,94,0,0,10175
20200911,6,60,10,10,10,105,100,0,7,10174
20200911,7,0,0,0,10,122,108,2,44,10175
20200911,8,70,0,10,10,146,119,10,75,10178
20200911,9,990,10,10,10,164,114,10,122,10178
20200911,10,250,20,20,30,176,98,8,164,10177
20200911,11,190,20,20,40,180,107,9,202,10174
20200911,12,230,30,30,80,190,110,8,217,10172
20200911,13,240,30,30,60,194,107,9,214,10170
20200911,14,250,40,40,80,197,104,10,189,10167
20200911,15,230,30,40,70,195,106,10,144,10165
20200911,16,240,30,30,60,188,99,8,90,10164
20200911,17,250,20,20,50,182,102,10,48,10161
20200911,18,350,10,10,40,150,120,5,12,10160
20200911,19,360,10,10,20,123,110,0,0,10162
20200911,20,120,10,10,20,110,105,0,0,10163
20200911,21,140,10,10,20,103,100,0,0,10163
20200911,22,170,20,10,30,93,88,0,0,10162
20200911,23,150,10,20,20,95,92,0,0,10162
20200911,24,160,10,10,20,92,89,0,0,10162
20200912,1,200,10,20,20,88,85,0,0,10161
20200912,2,210,20,20,30,89,86,0,0,10162
20200912,3,200,20,20,40,101,98,0,0,10157
20200912,4,220,20,30,40,119,111,0,0,10158
20200912,5,220,30,30,60,125,115,0,0,10158
20200912,6,220,30,30,60,127,118,3,9,10166
20200912,7,220,30,30,60,137,123,3,29,10173
20200912,8,220,30,40,70,150,125,3,54,10177
20200912,9,230,40,50,90,168,125,8,133,10181
20200912,10,230,50,50,90,176,122,6,136,10186
20200912,11,240,40,40,100,179,125,0,60,10191
20200912,12,240,40,40,90,179,129,0,62,10198
20200912,13,240,40,50,90,179,127,0,62,10201
20200912,14,240,40,40,80,186,134,1,82,10202
20200912,15,250,40,40,80,186,132,2,73,10206
20200912,16,240,30,30,70,188,130,2,57,10208
20200912,17,270,30,30,60,180,130,2,30,10214
20200912,18,260,20,20,50,168,128,3,11,10217
20200912,19,260,10,10,30,133,121,0,0,10224
20200912,20,210,10,10,10,117,111,0,0,10225
20200912,21,170,10,10,20,108,105,0,0,10228
20200912,22,170,10,10,20,103,100,0,0,10232
20200912,23,180,10,10,30,112,109,0,0,10232
20200912,24,200,20,20,40,117,112,0,0,10231
20200913,1,200,20,20,30,115,112,0,0,10232
20200913,2,200,30,30,50,134,127,0,0,10231
20200913,3,200,30,30,60,136,127,0,0,10232
20200913,4,200,30,30,60,137,127,0,0,10230
20200913,5,210,30,30,60,135,127,0,0,10233
20200913,6,220,20,20,50,136,129,0,6,10237
20200913,7,200,30,30,50,147,136,0,39,10240
20200913,8,210,30,30,70,164,142,9,89,10246
20200913,9,210,40,40,80,180,143,10,158,10251
20200913,10,240,40,30,80,193,147,9,192,10255
20200913,11,210,40,40,80,204,149,9,213,10254
20200913,12,240,40,40,80,209,144,10,229,10254
20200913,13,220,40,40,70,218,143,10,227,10252
20200913,14,230,40,30,70,222,144,10,197,10249
20200913,15,240,30,30,60,224,147,10,160,10248
20200913,16,220,30,30,60,221,142,10,110,10245
20200913,17,250,20,10,50,214,148,10,56,10246
20200913,18,240,10,10,30,176,151,3,12,10247
20200913,19,990,10,10,20,149,138,0,0,10250
20200913,20,100,10,10,10,137,132,0,0,10253
20200913,21,160,10,10,20,131,128,0,0,10253
20200913,22,130,10,10,10,119,117,0,0,10253
20200913,23,100,10,10,10,113,111,0,0,10251
20200913,24,100,10,10,10,110,109,0,0,10252
20200914,1,120,10,10,10,102,100,0,0,10251
20200914,2,120,10,10,10,101,101,0,0,10250
20200914,3,120,10,10,20,99,96,0,0,10248
20200914,4,110,10,10,10,96,94,0,0,10248
20200914,5,110,10,10,10,97,95,0,0,10245
20200914,6,100,10,10,20,113,105,2,7,10245
20200914,7,100,10,10,20,148,132,10,45,10247
20200914,8,130,10,10,20,196,153,10,98,10250
20200914,9,120,20,20,30,219,156,10,151,10250
20200914,10,130,20,20,30,247,156,10,195,10246
20200914,11,110,20,20,40,259,162,10,219,10242
20200914,12,150,20,20,40,270,146,10,229,10236
20200914,13,140,20,20,40,278,123,10,215,10231
20200914,14,120,20,30,40,277,146,10,190,10224
20200914,15,160,20,20,40,283,146,10,151,10219
20200914,16,130,10,10,30,279,174,10,99,10215
20200914,17,80,20,20,30,260,169,10,49,10211
20200914,18,40,20,10,30,209,177,3,10,10208
20200914,19,30,10,10,20,178,164,0,0,10212
20200914,20,50,10,10,20,166,157,0,0,10214
20200914,21,50,10,10,20,160,151,0,0,10212
20200914,22,60,10,20,20,151,145,0,0,10210
20200914,23,70,10,10,20,147,140,0,0,10207
20200914,24,40,10,10,10,140,136,0,0,10203
20200915,1,70,10,10,10,133,129,0,0,10201
20200915,2,80,0,10,10,130,128,0,0,10197
20200915,3,110,10,10,20,127,124,0,0,10194
20200915,4,150,10,10,20,126,125,0,0,10193
20200915,5,140,10,20,20,131,128,0,0,10193
20200915,6,130,10,10,20,133,130,0,5,10193
20200915,7,160,10,10,20,174,153,10,45,10194
20200915,8,140,20,10,30,209,158,10,101,10196
20200915,9,140,10,10,20,238,166,10,150,10199
20200915,10,140,10,20,20,261,160,10,184,10196
20200915,11,120,20,20,30,277,169,10,210,10191
20200915,12,140,20,20,30,295,183,10,214,10187
20200915,13,150,20,20,40,306,167,10,212,10183
20200915,14,140,30,20,40,310,155,10,189,10179
20200915,15,120,20,20,40,308,182,10,149,10175
20200915,16,130,20,20,30,305,191,10,107,10172
20200915,17,120,20,20,30,290,200,10,52,10171
20200915,18,120,10,10,20,236,204,3,9,10171
20200915,19,110,10,10,10,204,190,0,0,10173
20200915,20,100,10,10,10,191,181,0,0,10174
20200915,21,150,10,20,30,181,174,0,0,10174
20200915,22,170,20,20,30,181,169,0,0,10178
20200915,23,190,20,20,30,172,162,0,0,10178
20200915,24,240,10,20,30,164,156,0,0,10177
20200916,1,260,10,20,30,160,157,0,0,10176
20200916,2,260,20,20,40,175,165,0,0,10176
20200916,3,280,20,20,40,179,171,0,0,10175
20200916,4,310,20,20,40,179,176,0,0,10178
20200916,5,330,30,30,50,174,163,0,0,10182
20200916,6,350,20,30,50,178,165,0,5,10189
20200916,7,340,30,30,60,186,167,5,38,10196
20200916,8,360,40,30,60,192,164,5,68,10200
20200916,9,360,40,50,70,203,160,10,141,10206
20200916,10,20,50,50,80,213,155,10,182,10209
20200916,11,10,50,50,90,216,152,6,167,10215
20200916,12,360,50,50,90,234,149,9,214,10218
20200916,13,360,50,50,80,214,152,2,130,10225
20200916,14,350,50,60,90,213,157,1,100,10226
20200916,15,360,50,40,100,208,164,7,118,10227
20200916,16,10,50,50,100,206,162,10,102,10227
20200916,17,360,60,60,100,188,154,10,38,10236
20200916,18,10,50,40,110,178,143,0,5,10243
20200916,19,360,40,50,80,173,144,0,0,10252
20200916,20,20,50,50,100,164,129,0,0,10261
20200916,21,20,50,40,100,157,122,0,0,10267
20200916,22,20,40,40,90,145,112,0,0,10276
20200916,23,20,40,40,80,139,105,0,0,10279
20200916,24,30,40,30,70,133,98,0,0,10281
20200917,1,20,30,20,60,126,92,0,0,10282
20200917,2,350,20,10,40,105,89,0,0,10282
20200917,3,350,10,10,20,86,78,0,0,10281
20200917,4,10,10,10,20,82,79,0,0,10280
20200917,5,20,20,20,40,104,95,0,0,10283
20200917,6,60,10,10,30,104,98,2,6,10289
20200917,7,40,20,30,50,120,107,10,40,10294
20200917,8,60,40,50,80,140,100,10,99,10299
20200917,9,70,50,60,90,152,94,10,152,10301
20200917,10,70,60,50,100,164,70,10,186,10299
20200917,11,70,60,60,100,171,61,10,223,10297
20200917,12,80,50,50,100,177,46,10,230,10292
20200917,13,50,50,50,80,183,52,10,227,10289
20200917,14,60,50,50,90,184,52,10,190,10282
20200917,15,30,50,50,80,180,51,10,144,10279
20200917,16,40,50,60,90,174,57,8,74,10276
20200917,17,40,50,50,100,163,66,10,50,10277
20200917,18,40,50,40,90,145,66,2,8,10278
20200917,19,60,40,40,60,132,65,0,0,10281
20200917,20,50,30,30,50,122,64,0,0,10285
20200917,21,50,30,30,60,117,60,0,0,10282
20200917,22,50,30,30,60,107,57,0,0,10279
20200917,23,50,30,30,50,105,55,0,0,10277
20200917,24,60,40,40,50,107,53,0,0,10273
20200918,1,50,40,40,60,98,51,0,0,10270
20200918,2,70,40,40,70,97,49,0,0,10265
20200918,3,60,40,40,60,92,48,0,0,10262
20200918,4,50,30,30,60,81,45,0,0,10260
20200918,5,50,30,40,50,77,45,0,0,10260
20200918,6,60,30,40,60,78,46,2,7,10261
20200918,7,70,40,50,70,104,52,10,47,10263
20200918,8,80,50,50,80,126,61,10,105,10263
20200918,9,70,50,40,80,148,69,10,157,10260
20200918,10,80,50,40,80,171,80,10,198,10256
20200918,11,80,50,50,80,185,82,10,224,10250
20200918,12,80,50,50,90,195,84,10,233,10243
20200918,13,70,60,70,100,204,65,10,225,10237
20200918,14,80,60,50,90,211,74,10,197,10231
20200918,15,80,60,60,100,211,67,10,157,10226
20200918,16,70,60,60,90,205,74,10,104,10223
20200918,17,60,50,40,80,194,76,10,48,10223
20200918,18,60,40,40,70,176,70,2,6,10221
20200918,19,50,40,40,60,162,76,0,0,10226
20200918,20,50,40,40,70,151,73,0,0,10224
20200918,21,60,40,40,70,145,69,0,0,10221
20200918,22,70,40,40,70,140,66,0,0,10219
20200918,23,50,40,30,60,128,64,0,0,10217
20200918,24,70,20,20,50,109,63,0,0,10215
20200919,1,50,20,20,40,105,60,0,0,10212
20200919,2,50,20,20,40,97,58,0,0,10205
20200919,3,60,20,20,50,95,54,0,0,10200
20200919,4,60,20,20,40,87,52,0,0,10196
20200919,5,50,20,20,40,80,48,0,0,10196
20200919,6,50,20,20,40,78,47,2,5,10195
20200919,7,50,20,30,40,101,52,10,43,10197
20200919,8,60,20,20,40,132,62,10,101,10198
20200919,9,80,30,40,60,161,71,10,150,10195
20200919,10,70,40,40,60,182,75,10,187,10190
20200919,11,80,40,40,60,200,86,10,210,10186
20200919,12,70,40,40,80,214,87,10,219,10182
20200919,13,70,40,50,70,223,86,10,210,10178
20200919,14,70,40,40,80,231,90,10,185,10173
20200919,15,70,40,40,70,231,92,10,145,10170
20200919,16,60,40,50,80,224,85,10,97,10167
20200919,17,70,40,30,70,211,76,10,45,10167
20200919,18,40,20,20,40,180,97,2,6,10168
20200919,19,40,30,30,40,170,95,0,0,10171
20200919,20,60,30,30,50,160,88,0,0,10173
20200919,21,50,30,30,50,151,82,0,0,10175
20200919,22,50,20,20,40,138,80,0,0,10178
20200919,23,30,20,20,30,131,78,0,0,10178
20200919,24,30,20,30,40,125,71,0,0,10174
20200920,1,50,20,20,40,113,65,0,0,10175
20200920,2,50,20,20,40,110,60,0,0,10176
20200920,3,40,20,20,40,101,57,0,0,10173
20200920,4,30,20,20,40,99,56,0,0,10176
20200920,5,50,20,20,40,86,55,0,0,10179
20200920,6,40,20,20,40,84,52,2,5,10181
20200920,7,40,30,30,50,104,55,10,41,10182
20200920,8,30,30,30,50,130,61,10,98,10184
20200920,9,40,30,30,50,155,75,10,150,10186
20200920,10,50,40,40,70,179,67,10,192,10183
20200920,11,40,40,40,70,193,84,10,219,10183
20200920,12,60,30,30,60,207,95,10,228,10180
20200920,13,30,30,30,60,218,91,10,216,10176
20200920,14,30,40,40,70,225,86,10,192,10174
20200920,15,30,40,40,70,221,75,10,151,10173
20200920,16,30,40,40,80,210,78,10,100,10174
20200920,17,20,40,30,80,198,81,10,44,10176
20200920,18,30,30,30,60,178,84,2,6,10181
20200920,19,30,30,30,50,161,86,0,0,10184
20200920,20,40,30,30,60,151,88,0,0,10185
20200920,21,40,20,10,40,107,87,0,0,10185
20200920,22,10,20,20,40,104,85,0,0,10185
20200920,23,30,30,20,40,120,92,0,0,10183
20200920,24,20,20,20,40,111,91,0,0,10181
20200921,1,40,20,20,40,110,92,0,0,10179
20200921,2,10,10,20,30,106,91,0,0,10175
20200921,3,40,20,10,30,91,80,0,0,10172
20200921,4,30,20,20,40,98,88,0,0,10171
20200921,5,30,20,10,40,90,81,0,0,10171
20200921,6,30,10,10,30,78,76,2,5,10170
20200921,7,360,10,10,20,116,90,10,41,10173
20200921,8,0,0,0,10,154,95,10,95,10172
20200921,9,340,10,10,20,171,98,10,142,10173
20200921,10,20,20,10,30,200,103,10,180,10169
20200921,11,90,10,10,30,223,98,10,210,10164
20200921,12,100,20,20,40,236,82,10,218,10160
20200921,13,990,10,10,30,253,91,10,208,10156
20200921,14,300,20,30,50,239,118,10,182,10152
20200921,15,320,30,30,50,232,137,10,142,10150
20200921,16,10,30,20,50,227,127,10,92,10148
20200921,17,360,20,20,40,208,134,10,39,10147
20200921,18,350,10,10,30,149,126,2,4,10147
20200921,19,350,10,20,20,118,110,0,0,10147
20200921,20,340,10,10,20,107,100,0,0,10146
20200921,21,0,10,0,30,98,90,0,0,10145
20200921,22,30,0,10,10,89,84,0,0,10143
20200921,23,320,10,20,30,96,92,0,0,10142
20200921,24,330,20,20,30,84,83,0,0,10138
20200922,1,320,10,10,30,75,74,0,0,10134
20200922,2,0,10,0,20,68,68,0,0,10128
20200922,3,320,10,10,20,66,65,0,0,10125
20200922,4,0,0,0,20,66,65,0,0,10121
20200922,5,0,0,0,0,57,56,0,0,10121
20200922,6,160,0,10,10,57,56,2,3,10120
20200922,7,0,10,0,10,105,102,10,43,10118
20200922,8,0,0,0,10,152,110,10,94,10119
20200922,9,250,0,10,10,189,110,10,137,10118
20200922,10,180,10,10,20,205,110,10,176,10114
20200922,11,230,20,20,40,214,89,10,200,10109
20200922,12,240,20,20,40,225,90,10,206,10102
20200922,13,270,20,20,50,231,71,10,196,10096
20200922,14,990,20,10,40,232,90,10,167,10091
20200922,15,210,20,20,40,230,90,10,133,10084
20200922,16,240,20,20,40,226,90,10,85,10077
20200922,17,260,20,10,30,201,109,10,35,10074
20200922,18,200,10,10,20,146,119,0,3,10072
20200922,19,0,0,0,20,123,107,0,0,10071
20200922,20,0,0,0,10,112,104,0,0,10069
20200922,21,140,10,10,10,106,100,0,0,10068
20200922,22,150,10,10,20,100,97,0,0,10065
20200922,23,150,20,20,20,98,95,0,0,10061
20200922,24,190,20,10,30,106,98,0,0,10058
20200923,1,160,10,20,30,99,96,0,0,10055
20200923,2,170,10,10,20,100,97,0,0,10051
20200923,3,180,10,10,20,111,105,0,0,10050
20200923,4,200,20,20,40,137,126,0,0,10049
20200923,5,210,30,30,50,144,133,0,0,10047
20200923,6,190,30,20,50,143,133,0,3,10046
20200923,7,200,30,40,60,152,134,5,36,10046
20200923,8,190,30,20,60,159,137,0,42,10046
20200923,9,170,30,30,50,160,141,0,32,10044
20200923,10,190,30,40,70,186,146,4,112,10041
20200923,11,190,50,50,90,206,145,9,191,10033
20200923,12,210,60,60,110,212,135,5,162,10029
20200923,13,220,60,60,120,212,129,1,75,10025
20200923,14,220,70,60,120,211,136,2,95,10022
20200923,15,200,60,60,120,200,130,0,37,10020
20200923,16,220,40,20,120,163,151,0,12,10018
20200923,17,180,20,20,40,167,149,3,17,10009
20200923,18,150,20,20,40,153,142,0,5,10005
20200923,19,140,20,20,40,158,146,0,0,9998
20200923,20,160,30,30,50,169,140,0,0,9993
20200923,21,180,20,30,50,168,139,0,0,9988
20200923,22,180,40,40,90,161,149,0,0,9979
20200923,23,180,50,50,80,158,147,0,0,9972
20200923,24,200,50,50,100,160,148,0,0,9972
20200924,1,220,60,60,110,144,119,0,0,9978
20200924,2,220,60,60,120,137,103,0,0,9986
20200924,3,220,60,60,100,133,90,0,0,9993
20200924,4,210,50,50,100,126,86,0,0,10001
20200924,5,220,50,50,90,121,87,0,0,10006
20200924,6,210,50,40,90,116,86,0,2,10012
20200924,7,190,40,50,90,121,86,10,37,10018
20200924,8,190,50,50,110,128,97,7,74,10021
20200924,9,180,60,70,110,140,102,8,116,10019
20200924,10,200,70,80,130,152,96,9,141,10017
20200924,11,180,70,90,130,163,75,10,193,10012
20200924,12,190,70,80,130,163,74,8,182,10010
20200924,13,190,60,60,130,175,88,1,88,10006
20200924,14,230,50,50,110,142,104,1,31,10007
20200924,15,200,30,40,80,143,114,0,34,10002
20200924,16,130,30,20,60,137,120,0,18,9994
20200924,17,130,20,20,40,137,119,8,31,9986
20200924,18,150,20,30,40,142,102,0,3,9976
20200924,19,170,30,50,100,139,102,0,0,9975
20200924,20,150,30,20,80,130,108,0,0,9968
20200924,21,200,30,30,50,128,113,0,0,9959
20200924,22,150,20,20,40,125,114,0,0,9952
20200924,23,180,30,40,60,130,117,0,0,9942
20200924,24,200,40,40,90,126,108,0,0,9945
20200925,1,210,50,50,90,120,99,0,0,9943
20200925,2,200,50,40,100,114,92,0,0,9939
20200925,3,200,40,30,80,112,93,0,0,9938
20200925,4,200,40,40,90,102,76,0,0,9938
20200925,5,200,50,50,110,96,71,0,0,9943
20200925,6,180,50,50,100,88,65,0,2,9945
20200925,7,190,60,60,120,94,65,10,37,9940
20200925,8,190,50,50,100,103,71,8,71,9943
20200925,9,200,50,60,110,108,73,2,64,9947
20200925,10,180,60,60,110,122,79,5,113,9945
20200925,11,190,70,80,140,128,78,5,130,9937
20200925,12,180,70,70,130,124,72,4,114,9935
20200925,13,200,60,60,110,130,82,6,117,9931
20200925,14,200,60,60,130,118,91,2,78,9933
20200925,15,190,60,60,120,114,99,2,56,9928
20200925,16,190,70,70,130,108,95,1,19,9919
20200925,17,170,60,50,120,110,105,2,6,9916
20200925,18,180,50,40,100,113,103,0,2,9917
20200925,19,180,50,50,90,112,102,0,0,9911
20200925,20,130,40,30,90,106,98,0,0,9904
20200925,21,50,40,50,70,97,90,0,0,9906
20200925,22,30,40,30,70,100,94,0,0,9912
20200925,23,360,30,30,60,102,95,0,0,9922
20200925,24,360,40,40,70,103,93,0,0,9928
20200926,1,350,40,40,70,105,94,0,0,9938
20200926,2,350,30,40,70,103,94,0,0,9947
20200926,3,10,40,30,80,102,94,0,0,9956
20200926,4,360,40,40,70,102,91,0,0,9962
20200926,5,330,30,10,60,97,87,0,0,9969
20200926,6,310,20,30,50,94,84,0,1,9977
20200926,7,320,20,20,40,105,91,7,31,9980
20200926,8,320,20,20,40,123,91,10,86,9987
20200926,9,320,20,30,50,133,90,10,133,9990
20200926,10,330,30,30,60,141,90,9,137,9990
20200926,11,340,30,40,80,156,84,9,177,9996
20200926,12,20,40,50,80,154,82,6,157,10001
20200926,13,360,40,40,80,153,82,2,123,10005
20200926,14,10,40,40,70,159,82,7,129,10004
20200926,15,360,40,30,70,154,83,7,86,10007
20200926,16,350,30,30,60,151,93,5,56,10009
20200926,17,320,20,20,50,143,100,0,9,10009
20200926,18,320,20,30,50,141,105,0,0,10009
20200926,19,340,30,40,90,128,118,0,0,10006
20200926,20,330,40,30,90,129,120,0,0,10006
20200926,21,330,40,40,90,126,107,0,0,9997
20200926,22,330,50,50,120,121,107,0,0,9993
20200926,23,320,50,60,120,122,113,0,0,9981
20200926,24,330,60,60,110,129,122,0,0,9968
20200927,1,350,70,70,140,135,127,0,0,9958
20200927,2,360,80,80,150,145,139,0,0,9957
20200927,3,10,70,60,160,155,145,0,0,9960
20200927,4,360,70,60,130,160,147,0,0,9963
20200927,5,360,60,60,130,162,148,0,0,9969
20200927,6,30,60,70,150,152,120,0,2,9983
20200927,7,40,50,40,140,143,118,3,26,9996
20200927,8,40,50,50,100,139,119,0,26,10010
20200927,9,60,50,40,80,139,110,1,54,10023
20200927,10,60,40,40,80,141,110,1,75,10032
20200927,11,70,40,40,80,138,98,1,81,10038
20200927,12,70,40,40,70,147,103,5,169,10040
20200927,13,50,40,40,70,151,106,2,106,10045
20200927,14,60,30,30,70,152,103,0,68,10051
20200927,15,70,20,20,50,150,108,0,40,10054
20200927,16,140,20,10,30,145,112,0,20,10061
20200927,17,170,10,10,20,139,110,0,8,10063
20200927,18,150,10,10,20,137,110,0,0,10067
20200927,19,140,10,10,20,134,110,0,0,10072
20200927,20,180,10,10,20,132,117,0,0,10075
20200927,21,160,10,10,20,131,111,0,0,10079
20200927,22,230,10,10,20,129,114,0,0,10080
20200927,23,240,10,10,20,129,117,0,0,10082
20200927,24,210,10,10,20,131,113,0,0,10079
20200928,1,210,20,20,30,127,118,0,0,10077
20200928,2,210,20,20,30,127,123,0,0,10074
20200928,3,200,20,20,40,125,123,0,0,10070
20200928,4,190,20,20,40,127,124,0,0,10068
20200928,5,190,20,20,40,128,124,0,0,10067
20200928,6,180,20,30,50,126,122,0,0,10070
20200928,7,170,20,20,50,127,123,0,3,10072
20200928,8,170,20,20,50,129,125,0,5,10076
20200928,9,170,30,20,60,131,127,0,10,10078
20200928,10,190,30,20,60,132,126,0,16,10080
20200928,11,170,30,30,50,132,126,0,20,10084
20200928,12,160,20,30,40,130,125,0,22,10086
20200928,13,190,30,30,50,133,126,0,39,10087
20200928,14,170,20,30,40,132,125,0,22,10087
20200928,15,180,20,30,40,134,126,0,25,10090
20200928,16,160,20,30,40,132,124,0,7,10094
20200928,17,150,20,30,50,128,121,0,3,10100
20200928,18,150,20,20,40,125,119,0,0,10106
20200928,19,160,20,20,40,124,117,0,0,10111
20200928,20,160,20,20,40,124,116,0,0,10114
20200928,21,180,20,10,40,123,118,0,0,10118
20200928,22,160,20,20,30,121,117,0,0,10120
20200928,23,150,20,20,30,122,116,0,0,10120
20200928,24,160,20,20,40,122,116,0,0,10120
20200929,1,170,20,20,40,121,117,0,0,10123
20200929,2,180,20,10,30,122,119,0,0,10124
20200929,3,190,10,10,30,124,121,0,0,10125
20200929,4,200,10,10,20,127,124,0,0,10127
20200929,5,270,20,20,50,143,141,0,0,10130
20200929,6,270,20,20,50,143,140,0,0,10135
20200929,7,280,20,20,40,142,139,0,2,10142
20200929,8,250,10,10,30,144,138,0,9,10147
20200929,9,270,20,20,30,152,138,0,40,10152
20200929,10,260,20,20,40,162,138,0,81,10155
20200929,11,270,20,20,50,166,131,0,61,10157
20200929,12,280,20,20,50,183,104,7,184,10157
20200929,13,230,30,30,50,185,97,7,162,10156
20200929,14,240,30,20,50,188,91,9,145,10154
20200929,15,240,20,20,50,183,97,4,80,10154
20200929,16,350,20,10,40,176,116,3,60,10156
20200929,17,0,10,0,20,163,137,5,14,10158
20200929,18,200,10,20,20,156,133,0,1,10161
20200929,19,0,10,0,20,151,135,0,0,10161
20200929,20,150,10,20,20,150,121,0,0,10161
20200929,21,140,10,10,20,142,133,0,0,10162
20200929,22,150,10,10,20,142,134,0,0,10159
20200929,23,160,20,20,40,132,128,0,0,10157
20200929,24,170,20,20,20,124,123,0,0,10155
20200930,1,170,20,20,30,129,126,0,0,10154
20200930,2,180,20,20,40,129,126,0,0,10150
20200930,3,190,20,10,40,126,123,0,0,10147
20200930,4,180,20,20,40,131,127,0,0,10146
20200930,5,150,20,20,30,125,121,0,0,10144
20200930,6,170,20,30,40,128,125,0,2,10142
20200930,7,170,30,30,50,140,132,10,35,10142
20200930,8,180,20,30,50,148,136,0,38,10143
20200930,9,160,20,20,40,156,140,0,43,10141
20200930,10,180,20,20,40,157,141,0,46,10137
20200930,11,180,20,20,40,160,149,0,29,10131
20200930,12,170,20,30,50,177,151,1,90,10123
20200930,13,160,30,30,60,181,149,2,84,10116
20200930,14,200,20,20,50,170,154,0,26,10111
20200930,15,150,20,30,50,172,153,2,52,10106
20200930,16,170,30,30,50,171,149,0,36,10104
20200930,17,140,20,20,40,163,149,7,28,10101
20200930,18,140,20,20,30,158,147,0,0,10099
20200930,19,140,20,30,40,160,147,0,0,10093
20200930,20,140,30,30,50,160,147,0,0,10088
20200930,21,140,30,30,80,159,147,0,0,10086
20200930,22,150,30,30,50,158,143,0,0,10080
20200930,23,140,30,30,60,155,143,0,0,10072
20200930,24,140,30,40,60,155,143,0,0,10063
20201001,1,140,40,40,70,156,141,0,0,10053
20201001,2,140,40,40,70,155,140,0,0,10046
20201001,3,140,40,40,60,152,136,0,0,10036
20201001,4,150,30,30,60,149,134,0,0,10031
20201001,5,140,40,40,60,144,131,0,0,10021
20201001,6,140,30,30,50,141,128,0,0,10018
20201001,7,120,30,40,60,142,127,0,4,10010
20201001,8,140,40,40,70,144,124,0,24,10006
20201001,9,140,40,40,70,139,126,0,19,10001
20201001,10,140,40,40,70,142,128,0,30,9992
20201001,11,150,40,40,80,142,127,0,29,9990
20201001,12,140,50,50,100,139,131,0,25,9983
20201001,13,150,50,50,100,139,130,0,25,9976
20201001,14,150,50,50,100,142,131,0,21,9971
20201001,15,220,50,60,100,133,120,0,26,9975
20201001,16,220,50,40,90,131,117,0,24,9979
20201001,17,200,30,30,70,130,121,5,16,9986
20201001,18,200,30,30,50,123,112,0,0,9989
20201001,19,180,30,30,50,115,104,0,0,9991
20201001,20,160,20,20,40,105,99,0,0,9993
20201001,21,160,20,20,40,103,97,0,0,9994
20201001,22,150,20,20,30,99,95,0,0,9991
20201001,23,150,20,20,30,93,92,0,0,9987
20201001,24,140,20,20,40,90,89,0,0,9985
20201002,1,140,20,20,40,89,87,0,0,9980
20201002,2,130,20,20,40,86,83,0,0,9973
20201002,3,100,20,20,40,82,79,0,0,9968
20201002,4,100,30,30,50,83,80,0,0,9965
20201002,5,100,30,30,50,87,82,0,0,9963
20201002,6,90,30,40,60,91,84,0,1,9959
20201002,7,80,40,40,70,93,85,0,12,9957
20201002,8,80,40,40,60,103,94,0,35,9954
20201002,9,90,40,50,70,115,101,0,66,9950
20201002,10,80,50,60,100,126,104,2,95,9945
20201002,11,80,50,50,90,150,111,2,115,9937
20201002,12,80,60,60,90,155,103,1,111,9931
20201002,13,80,50,40,90,157,108,0,55,9927
20201002,14,70,40,40,60,158,113,0,36,9924
20201002,15,70,40,50,90,159,112,0,32,9924
20201002,16,50,50,40,90,155,114,0,16,9924
20201002,17,50,50,50,90,155,114,0,6,9922
20201002,18,50,40,50,90,156,111,0,0,9920
20201002,19,70,50,50,90,158,111,0,0,9922
20201002,20,60,50,60,100,156,116,0,0,9917
20201002,21,60,60,50,100,151,121,0,0,9909
20201002,22,60,60,60,100,147,123,0,0,9905
20201002,23,70,50,50,90,147,123,0,0,9905
20201002,24,70,40,50,80,147,121,0,0,9897
20201003,1,70,50,50,90,145,120,0,0,9891
20201003,2,80,50,50,100,143,120,0,0,9892
20201003,3,70,50,50,100,142,119,0,0,9886
20201003,4,70,50,50,80,140,119,0,0,9887
20201003,5,80,40,40,90,137,119,0,0,9885
20201003,6,100,40,40,70,136,119,0,0,9890
20201003,7,100,30,30,60,137,121,0,5,9889
20201003,8,100,20,20,40,140,124,0,18,9890
20201003,9,130,20,20,40,141,132,0,26,9894
20201003,10,150,20,20,50,144,133,0,31,9892
20201003,11,220,30,30,60,139,125,0,12,9896
20201003,12,210,40,40,70,134,117,0,15,9895
20201003,13,200,40,40,70,127,113,0,17,9897
20201003,14,200,30,30,60,122,114,0,9,9900
20201003,15,200,30,20,80,115,109,0,5,9902
20201003,16,170,20,30,50,118,111,0,14,9897
20201003,17,170,30,30,50,117,109,2,9,9895
20201003,18,140,30,30,60,115,109,0,0,9893
20201003,19,140,30,30,60,112,106,0,0,9888
20201003,20,130,30,30,50,103,97,0,0,9882
20201003,21,130,30,30,50,101,94,0,0,9878
20201003,22,140,30,30,50,107,95,0,0,9873
20201003,23,120,20,20,40,106,94,0,0,9866
20201003,24,130,30,30,50,108,96,0,0,9859
20201004,1,130,30,40,70,109,94,0,0,9853
20201004,2,150,40,40,80,107,97,0,0,9850
20201004,3,130,20,30,50,108,96,0,0,9847
20201004,4,170,20,20,40,106,100,0,0,9846
20201004,5,150,30,30,60,106,98,0,0,9845
20201004,6,160,40,30,70,106,101,0,0,9849
20201004,7,160,40,40,70,111,100,0,8,9854
20201004,8,170,50,60,110,113,99,0,15,9862
20201004,9,180,70,70,120,116,98,0,28,9873
20201004,10,190,70,80,150,126,90,1,81,9888
20201004,11,190,80,80,170,125,87,1,83,9900
20201004,12,190,70,70,130,132,85,1,86,9906
20201004,13,190,80,70,150,141,73,6,128,9911
20201004,14,180,80,90,170,142,67,6,100,9918
20201004,15,170,70,80,150,137,72,8,95,9923
20201004,16,170,70,70,130,138,71,8,56,9927
20201004,17,150,50,50,110,125,76,5,20,9931
20201004,18,150,50,60,100,121,77,0,0,9931
20201004,19,150,50,50,100,118,77,0,0,9935
20201004,20,160,50,50,100,116,78,0,0,9939
20201004,21,160,50,50,100,116,79,0,0,9943
20201004,22,150,50,50,100,114,78,0,0,9943
20201004,23,150,50,50,90,114,79,0,0,9946
20201004,24,150,50,50,90,110,80,0,0,9946
20201005,1,150,50,50,100,110,79,0,0,9947
20201005,2,150,50,50,100,113,81,0,0,9946
20201005,3,150,50,50,90,112,84,0,0,9945
20201005,4,170,50,50,100,112,86,0,0,9946
20201005,5,150,50,60,100,113,84,0,0,9944
20201005,6,160,60,60,110,112,86,0,0,9946
20201005,7,170,70,70,130,105,85,0,4,9951
20201005,8,170,60,60,120,104,90,0,14,9953
20201005,9,170,60,50,100,108,93,0,18,9958
20201005,10,170,50,50,100,114,95,0,30,9962
20201005,11,180,50,50,100,124,99,0,47,9963
20201005,12,190,50,40,90,136,106,0,64,9966
20201005,13,200,50,60,90,138,106,0,53,9969
20201005,14,200,50,50,90,144,106,1,42,9972
20201005,15,200,50,40,90,136,106,2,49,9977
20201005,16,200,40,40,90,136,110,3,33,9980
20201005,17,180,40,50,80,132,107,0,9,9982
20201005,18,180,50,50,80,126,100,0,0,9985
20201005,19,190,40,50,80,126,103,0,0,9986
20201005,20,170,50,50,90,124,104,0,0,9982
20201005,21,190,50,50,90,125,106,0,0,9979
20201005,22,190,50,50,80,125,108,0,0,9975
20201005,23,200,50,50,100,125,114,0,0,9976
20201005,24,190,50,40,90,125,119,0,0,9972
20201006,1,220,50,50,110,134,123,0,0,9973
20201006,2,220,50,50,100,134,120,0,0,9975
20201006,3,210,50,40,100,131,120,0,0,9975
20201006,4,220,40,50,80,126,109,0,0,9978
20201006,5,210,50,50,100,122,104,0,0,9979
20201006,6,200,50,50,90,117,110,0,0,9977
20201006,7,190,50,50,90,118,103,0,3,9975
20201006,8,180,50,60,100,118,103,0,13,9968
20201006,9,190,60,60,110,123,106,0,15,9964
20201006,10,190,60,60,120,135,107,1,60,9961
20201006,11,200,60,60,110,141,111,0,50,9957
20201006,12,220,60,50,130,135,124,1,57,9956
20201006,13,240,60,60,120,130,120,0,46,9962
20201006,14,240,40,50,100,139,122,2,60,9968
20201006,15,250,40,30,120,145,116,4,55,9968
20201006,16,250,50,40,100,145,105,8,53,9971
20201006,17,230,40,40,80,133,102,3,10,9975
20201006,18,220,30,30,70,126,102,0,0,9978
20201006,19,230,40,30,90,124,113,0,0,9982
20201006,20,210,30,30,60,124,109,0,0,9983
20201006,21,220,40,50,80,125,108,0,0,9986
20201006,22,210,40,30,80,119,106,0,0,9989
20201006,23,220,40,40,80,116,103,0,0,9995
20201006,24,210,40,30,70,112,103,0,0,10001
20201007,1,230,30,30,60,114,108,0,0,10008
20201007,2,240,30,30,60,116,109,0,0,10014
20201007,3,250,20,20,50,115,107,0,0,10025
20201007,4,260,20,30,60,120,108,0,0,10035
20201007,5,260,30,20,80,115,105,0,0,10048
20201007,6,250,30,30,50,114,101,0,0,10060
20201007,7,220,20,30,50,117,103,5,19,10066
20201007,8,240,30,30,70,118,109,3,34,10076
20201007,9,220,30,30,50,127,119,0,29,10084
20201007,10,250,30,30,70,140,118,0,58,10091
20201007,11,270,40,40,90,144,109,0,55,10100
20201007,12,270,50,50,110,146,106,1,103,10107
20201007,13,270,50,60,110,143,100,0,71,10113
20201007,14,250,50,40,100,134,108,2,65,10122
20201007,15,250,30,30,80,141,104,4,55,10127
20201007,16,260,40,40,90,138,95,2,33,10131
20201007,17,230,30,40,80,128,101,0,5,10141
20201007,18,230,40,30,90,117,99,0,0,10148
20201007,19,220,30,40,60,118,100,0,0,10153
20201007,20,210,30,30,60,119,94,0,0,10153
20201007,21,220,30,40,60,121,92,0,0,10156
20201007,22,210,40,40,70,117,89,0,0,10157
20201007,23,210,40,40,70,112,88,0,0,10158
20201007,24,210,30,30,70,109,86,0,0,10155
20201008,1,200,40,40,70,110,84,0,0,10153
20201008,2,190,30,30,60,109,86,0,0,10149
20201008,3,180,30,40,60,110,94,0,0,10140
20201008,4,180,40,40,70,110,99,0,0,10129
20201008,5,170,40,40,80,111,103,0,0,10116
20201008,6,180,40,50,80,113,108,0,0,10107
20201008,7,180,50,60,100,125,119,0,2,10095
20201008,8,200,60,60,110,134,126,0,6,10093
20201008,9,210,70,70,120,142,134,0,18,10091
20201008,10,210,70,80,140,152,132,0,26,10088
20201008,11,220,80,80,150,153,137,0,25,10086
20201008,12,220,70,80,130,152,141,0,23,10087
20201008,13,220,70,80,150,155,142,0,18,10086
20201008,14,220,70,70,140,154,147,0,17,10085
20201008,15,220,70,60,130,154,150,0,11,10085
20201008,16,230,60,50,110,159,152,0,10,10087
20201008,17,270,50,40,120,140,130,0,3,10105
20201008,18,310,40,40,100,137,115,0,0,10123
20201008,19,300,30,20,80,131,110,0,0,10138
20201008,20,310,20,30,60,126,107,0,0,10149
20201008,21,290,20,10,50,117,98,0,0,10161
20201008,22,270,10,10,40,116,98,0,0,10165
20201008,23,240,10,10,20,115,100,0,0,10171
20201008,24,290,10,10,20,114,99,0,0,10173
20201009,1,220,10,10,20,107,101,0,0,10177
20201009,2,220,20,20,20,109,102,0,0,10177
20201009,3,180,10,10,20,106,99,0,0,10176
20201009,4,220,10,10,20,106,102,0,0,10177
20201009,5,210,10,10,30,108,102,0,0,10177
20201009,6,0,10,0,20,105,100,0,0,10178
20201009,7,210,10,10,30,112,100,0,4,10178
20201009,8,220,10,20,30,123,104,0,29,10178
20201009,9,210,20,30,50,130,98,0,55,10178
20201009,10,190,30,30,60,132,102,0,60,10173
20201009,11,220,30,30,60,143,91,1,97,10172
20201009,12,220,40,40,70,141,95,4,95,10167
20201009,13,230,40,40,80,142,95,1,51,10164
20201009,14,250,40,30,90,153,86,7,97,10162
20201009,15,250,40,40,90,141,64,8,86,10161
20201009,16,240,40,30,80,137,72,10,54,10160
20201009,17,230,30,30,60,124,72,3,9,10161
20201009,18,230,30,30,70,117,75,0,0,10158
20201009,19,220,30,30,60,121,76,0,0,10155
20201009,20,260,40,40,130,102,91,0,0,10163
20201009,21,280,30,30,70,99,90,0,0,10165
20201009,22,260,20,20,60,95,84,0,0,10164
20201009,23,220,20,20,40,87,78,0,0,10164
20201009,24,220,30,30,40,83,74,0,0,10166
20201010,1,230,30,30,50,82,70,0,0,10168
20201010,2,230,30,30,50,81,66,0,0,10169
20201010,3,240,30,30,60,80,57,0,0,10171
20201010,4,230,30,30,60,76,51,0,0,10173
20201010,5,230,30,40,60,78,50,0,0,10175
20201010,6,230,40,30,60,78,51,0,0,10177
20201010,7,240,30,40,70,88,58,5,18,10182
20201010,8,250,40,30,80,103,62,10,66,10186
20201010,9,260,40,30,90,117,60,10,113,10188
20201010,10,260,50,50,120,126,52,10,146,10191
20201010,11,250,50,50,100,125,48,6,133,10191
20201010,12,250,50,60,110,103,54,5,101,10192
20201010,13,240,30,20,60,93,76,0,30,10188
20201010,14,220,20,10,40,96,86,0,23,10180
20201010,15,230,20,40,70,94,82,0,14,10174
20201010,16,220,30,40,70,94,82,0,9,10172
20201010,17,240,30,10,90,82,75,0,4,10173
20201010,18,250,10,20,20,71,67,0,0,10180
20201010,19,260,20,20,30,81,74,0,0,10184
20201010,20,260,20,10,40,72,66,0,0,10187
20201010,21,240,10,20,30,74,70,0,0,10189
20201010,22,240,20,20,30,72,69,0,0,10189
20201010,23,240,20,20,30,58,57,0,0,10188
20201010,24,230,20,20,30,69,66,0,0,10188
20201011,1,230,20,20,30,64,61,0,0,10189
20201011,2,230,20,20,40,66,57,0,0,10188
20201011,3,220,20,10,30,54,51,0,0,10187
20201011,4,230,30,30,50,71,60,0,0,10185
20201011,5,220,20,20,40,65,55,0,0,10184
20201011,6,240,30,20,50,75,61,0,0,10186
20201011,7,240,30,30,50,82,67,5,16,10188
20201011,8,240,30,40,60,100,80,5,57,10191
20201011,9,240,30,30,60,108,89,8,77,10194
20201011,10,240,30,30,60,125,88,9,129,10192
20201011,11,280,30,30,50,120,88,6,107,10195
20201011,12,300,30,30,50,127,85,7,143,10194
20201011,13,300,30,30,70,125,93,8,121,10195
20201011,14,990,10,10,60,120,97,2,53,10194
20201011,15,300,30,30,70,126,82,3,66,10195
20201011,16,310,30,30,70,120,78,7,31,10199
20201011,17,310,30,30,60,114,78,2,6,10204
20201011,18,290,20,20,50,97,75,0,0,10207
20201011,19,280,20,20,40,102,82,0,0,10209
20201011,20,270,20,10,40,89,77,0,0,10209
20201011,21,280,20,20,40,90,78,0,0,10210
20201011,22,290,20,20,40,81,72,0,0,10211
20201011,23,290,20,10,30,66,62,0,0,10212
20201011,24,300,20,20,40,68,64,0,0,10212
20201012,1,270,20,20,40,65,63,0,0,10210
20201012,2,270,20,20,40,70,66,0,0,10209
20201012,3,280,20,20,30,57,54,0,0,10209
20201012,4,280,20,10,30,47,47,0,0,10209
20201012,5,280,10,20,30,52,50,0,0,10208
20201012,6,240,10,10,20,59,55,0,0,10206
20201012,7,230,20,10,40,79,75,0,11,10207
20201012,8,240,10,10,20,101,91,0,32,10206
20201012,9,250,10,20,40,121,91,2,66,10206
20201012,10,270,20,20,40,134,93,4,105,10204
20201012,11,320,20,20,60,127,96,2,82,10200
20201012,12,290,20,20,40,130,85,1,75,10195
20201012,13,270,30,30,70,137,55,8,130,10186
20201012,14,240,30,40,70,140,55,10,112,10180
20201012,15,270,30,30,70,137,62,4,68,10176
20201012,16,240,20,20,60,126,65,10,38,10172
20201012,17,220,20,10,40,95,78,3,8,10171
20201012,18,220,20,10,30,83,77,0,0,10169
20201012,19,170,10,10,20,78,74,0,0,10166
20201012,20,150,20,20,30,76,71,0,0,10162
20201012,21,160,20,20,30,79,71,0,0,10157
20201012,22,150,20,20,30,87,77,0,0,10151
20201012,23,150,20,20,40,90,80,0,0,10145
20201012,24,150,20,20,40,88,78,0,0,10138
20201013,1,150,20,20,40,88,76,0,0,10131
20201013,2,150,20,30,40,87,74,0,0,10127
20201013,3,150,20,20,40,85,72,0,0,10122
20201013,4,140,30,30,40,84,71,0,0,10118
20201013,5,140,30,30,50,83,70,0,0,10116
20201013,6,140,30,30,40,80,70,0,0,10115
20201013,7,140,30,40,60,83,69,0,9,10118
20201013,8,140,30,30,70,99,78,8,64,10121
20201013,9,130,40,40,70,100,75,10,91,10120
20201013,10,150,40,40,70,108,75,10,122,10121
20201013,11,130,40,50,70,118,80,10,128,10122
20201013,12,130,40,30,70,122,83,10,120,10122
20201013,13,100,40,40,70,125,79,7,107,10120
20201013,14,120,40,40,80,124,73,7,87,10122
20201013,15,90,50,40,70,122,76,5,62,10125
20201013,16,100,40,30,70,110,72,5,27,10131
20201013,17,60,20,20,50,94,72,2,6,10136
20201013,18,70,30,30,50,91,67,0,0,10143
20201013,19,60,30,30,50,92,66,0,0,10148
20201013,20,90,40,40,70,102,67,0,0,10153
20201013,21,50,30,40,60,94,66,0,0,10158
20201013,22,60,30,30,60,82,61,0,0,10163
20201013,23,50,30,30,50,75,61,0,0,10168
20201013,24,50,30,30,40,67,57,0,0,10171
20201014,1,40,30,30,50,63,54,0,0,10177
20201014,2,40,30,30,50,62,53,0,0,10179
20201014,3,40,30,30,60,65,55,0,0,10179
20201014,4,40,40,40,60,69,60,0,0,10180
20201014,5,30,30,30,60,71,61,0,0,10183
20201014,6,30,20,20,40,72,64,0,0,10186
20201014,7,20,20,20,50,77,68,0,5,10192
20201014,8,20,30,20,50,87,72,0,26,10195
20201014,9,30,30,30,50,98,79,0,45,10198
20201014,10,40,30,40,70,111,83,0,68,10197
20201014,11,30,50,60,90,116,71,0,90,10196
20201014,12,40,60,60,110,118,61,2,98,10194
20201014,13,30,60,60,110,113,49,4,99,10194
20201014,14,30,50,60,100,119,48,8,97,10190
20201014,15,20,50,40,100,114,54,0,49,10190
20201014,16,20,40,40,100,106,52,5,25,10194
20201014,17,10,30,30,70,98,54,2,4,10197
20201014,18,20,30,30,70,91,56,0,0,10200
20201014,19,20,40,40,70,93,56,0,0,10200
20201014,20,20,40,30,70,89,54,0,0,10201
20201014,21,10,40,30,70,92,55,0,0,10203
20201014,22,20,40,40,70,93,52,0,0,10203
20201014,23,20,40,40,70,91,51,0,0,10202
20201014,24,20,30,30,60,89,49,0,0,10203
20201015,1,10,20,20,60,88,49,0,0,10203
20201015,2,20,30,30,50,91,47,0,0,10202
20201015,3,10,30,30,60,91,45,0,0,10201
20201015,4,20,30,30,50,91,43,0,0,10202
20201015,5,10,20,20,40,87,48,0,0,10205
20201015,6,10,30,20,60,88,47,0,0,10206
20201015,7,10,20,20,40,85,51,0,5,10211
20201015,8,30,30,30,60,90,54,0,26,10212
20201015,9,40,30,30,60,90,53,4,46,10218
20201015,10,40,40,50,80,104,57,4,81,10220
20201015,11,20,40,30,80,109,55,0,88,10220
20201015,12,40,40,40,80,111,62,0,82,10218
20201015,13,40,50,60,110,111,47,3,91,10217
20201015,14,40,50,50,80,112,50,0,57,10216
20201015,15,30,40,30,80,110,49,0,32,10217
20201015,16,30,40,30,80,104,46,0,15,10217
20201015,17,40,40,30,70,99,44,0,2,10223
20201015,18,20,30,30,60,97,48,0,0,10226
20201015,19,30,30,30,50,94,50,0,0,10228
20201015,20,30,30,20,50,92,55,0,0,10231
20201015,21,20,20,30,50,90,58,0,0,10233
20201015,22,30,30,30,50,87,57,0,0,10232
20201015,23,30,20,20,40,81,55,0,0,10233
20201015,24,360,20,10,30,59,49,0,0,10234
20201016,1,20,20,20,40,67,51,0,0,10235
20201016,2,20,30,30,60,72,50,0,0,10234
20201016,3,30,30,20,40,69,50,0,0,10231
20201016,4,20,20,20,40,68,50,0,0,10232
20201016,5,30,20,20,40,70,49,0,0,10235
20201016,6,40,20,20,30,69,50,0,0,10237
20201016,7,30,20,20,40,72,51,0,3,10240
20201016,8,20,20,20,40,78,52,0,15,10242
20201016,9,40,30,20,50,86,56,0,30,10244
20201016,10,30,30,40,60,100,44,3,77,10244
20201016,11,40,40,40,70,106,31,8,108,10240
20201016,12,50,40,30,70,110,33,9,123,10236
20201016,13,70,30,30,60,116,39,10,136,10232
20201016,14,20,30,30,50,113,39,8,116,10230
20201016,15,30,20,30,50,108,39,8,84,10227
20201016,16,30,20,30,50,106,37,10,46,10226
20201016,17,10,20,10,40,75,49,2,5,10229
20201016,18,330,10,10,20,76,63,0,0,10233
20201016,19,350,10,10,20,83,65,0,0,10232
20201016,20,320,10,20,20,66,58,0,0,10231
20201016,21,340,10,10,20,65,61,0,0,10230
20201016,22,0,10,0,20,70,68,0,0,10227
20201016,23,0,0,0,10,68,65,0,0,10226
20201016,24,320,0,10,10,68,64,0,0,10223
20201017,1,0,0,0,10,68,66,0,0,10220
20201017,2,0,0,0,10,57,54,0,0,10214
20201017,3,0,0,0,10,59,57,0,0,10211
20201017,4,0,0,0,10,56,53,0,0,10211
20201017,5,0,0,0,30,63,59,0,0,10210
20201017,6,140,10,10,10,65,62,0,0,10207
20201017,7,0,10,0,20,71,67,0,3,10210
20201017,8,0,0,0,10,83,74,0,23,10212
20201017,9,990,10,10,20,109,66,7,66,10210
20201017,10,100,10,10,20,107,68,0,60,10211
20201017,11,140,20,20,40,110,64,0,72,10211
20201017,12,240,20,20,40,119,62,3,104,10207
20201017,13,110,10,20,40,113,65,4,88,10207
20201017,14,140,10,20,20,113,64,0,28,10208
20201017,15,150,20,10,30,116,67,7,57,10205
20201017,16,150,10,10,30,101,66,7,32,10205
20201017,17,130,10,10,20,67,58,0,2,10208
20201017,18,170,10,10,10,53,50,0,0,10213
20201017,19,0,10,0,10,41,39,0,0,10214
20201017,20,100,10,10,10,35,32,0,0,10214
20201017,21,160,10,10,20,29,29,0,0,10215
20201017,22,170,10,10,10,30,27,0,0,10215
20201017,23,150,10,10,20,23,21,0,0,10215
20201017,24,160,10,10,20,20,20,0,0,10215
20201018,1,140,10,10,20,39,39,0,0,10215
20201018,2,210,10,10,20,54,53,0,0,10212
20201018,3,200,10,10,20,57,57,0,0,10210
20201018,4,190,10,10,20,64,62,0,0,10208
20201018,5,150,10,10,20,61,61,0,0,10209
20201018,6,220,10,10,20,67,65,0,0,10209
20201018,7,240,20,20,30,90,87,0,2,10214
20201018,8,210,20,10,30,96,93,0,19,10216
20201018,9,240,20,20,30,109,101,3,57,10218
20201018,10,280,20,20,40,126,96,9,119,10221
20201018,11,340,20,10,30,129,91,3,76,10220
20201018,12,330,20,30,50,123,86,4,58,10219
20201018,13,310,20,30,50,126,80,2,50,10215
20201018,14,280,20,20,50,127,82,1,61,10212
20201018,15,280,20,30,50,128,73,3,51,10211
20201018,16,290,20,20,60,121,80,2,16,10212
20201018,17,310,20,10,40,110,78,0,2,10216
20201018,18,270,10,10,30,83,75,0,0,10220
20201018,19,250,10,10,20,66,60,0,0,10221
20201018,20,0,10,0,20,58,56,0,0,10220
20201018,21,190,0,10,10,55,52,0,0,10222
20201018,22,210,10,10,20,65,61,0,0,10222
20201018,23,210,10,10,20,64,61,0,0,10221
20201018,24,250,20,20,30,87,81,0,0,10223
20201019,1,210,30,20,60,90,84,0,0,10220
20201019,2,210,10,20,30,89,85,0,0,10220
20201019,3,250,10,10,30,85,83,0,0,10219
20201019,4,240,10,10,30,85,83,0,0,10215
20201019,5,190,10,10,20,85,83,0,0,10211
20201019,6,210,10,10,20,85,80,0,0,10212
20201019,7,180,10,10,10,84,81,0,3,10214
20201019,8,170,10,10,20,94,87,0,16,10216
20201019,9,180,30,30,50,99,84,0,37,10216
20201019,10,170,20,20,40,102,83,0,41,10214
20201019,11,160,20,30,50,110,82,0,50,10209
20201019,12,160,30,30,50,117,80,0,56,10204
20201019,13,160,20,20,50,125,76,0,61,10199
20201019,14,180,30,40,60,129,60,0,57,10192
20201019,15,130,30,30,50,119,56,3,52,10184
20201019,16,130,20,20,40,110,55,5,15,10179
20201019,17,110,20,20,40,81,57,0,2,10176
20201019,18,130,20,30,40,85,58,0,0,10172
20201019,19,140,30,20,50,88,58,0,0,10167
20201019,20,140,30,30,50,87,56,0,0,10158
20201019,21,130,20,20,50,79,53,0,0,10152
20201019,22,130,20,20,40,73,51,0,0,10141
20201019,23,120,20,30,50,74,49,0,0,10129
20201019,24,140,30,40,60,84,51,0,0,10124
20201020,1,130,40,40,70,81,49,0,0,10112
20201020,2,140,40,40,70,78,47,0,0,10108
20201020,3,140,40,40,70,79,47,0,0,10096
20201020,4,140,40,40,80,82,47,0,0,10082
20201020,5,150,40,40,70,81,48,0,0,10080
20201020,6,150,40,40,80,82,50,0,0,10074
20201020,7,160,40,40,80,87,55,0,3,10074
20201020,8,170,50,50,90,97,64,0,13,10073
20201020,9,170,40,40,80,106,73,0,19,10075
20201020,10,170,40,40,60,115,82,0,26,10075
20201020,11,160,40,40,70,117,89,0,19,10072
20201020,12,170,30,40,60,125,98,0,27,10069
20201020,13,180,50,50,80,135,103,0,34,10069
20201020,14,180,40,40,80,140,108,0,23,10069
20201020,15,180,40,40,80,138,114,0,12,10066
20201020,16,180,40,30,60,141,114,0,5,10066
20201020,17,180,40,40,80,140,113,0,0,10066
20201020,18,170,40,30,70,140,115,0,0,10064
20201020,19,170,40,40,70,140,120,0,0,10065
20201020,20,170,30,30,60,140,124,0,0,10063
20201020,21,160,40,50,80,142,126,0,0,10062
20201020,22,180,40,40,80,143,128,0,0,10062
20201020,23,170,40,40,70,139,128,0,0,10056
20201020,24,180,30,30,60,137,126,0,0,10056
20201021,1,170,40,30,70,134,126,0,0,10049
20201021,2,160,30,30,60,132,123,0,0,10042
20201021,3,150,30,30,60,129,125,0,0,10036
20201021,4,150,40,40,70,131,123,0,0,10030
20201021,5,150,30,30,70,130,124,0,0,10027
20201021,6,160,30,40,60,127,122,0,0,10023
20201021,7,150,40,50,80,126,119,0,1,10021
20201021,8,150,50,50,80,125,119,0,3,10015
20201021,9,160,40,40,90,128,120,0,9,10010
20201021,10,150,50,50,90,130,121,0,16,10001
20201021,11,150,50,50,110,142,121,0,32,9988
20201021,12,160,60,60,110,166,124,6,106,9973
20201021,13,180,60,70,120,187,125,1,61,9966
20201021,14,200,70,80,140,201,128,2,31,9965
20201021,15,210,90,90,160,197,128,2,33,9969
20201021,16,220,80,90,180,196,125,0,6,9979
20201021,17,210,90,80,170,189,121,0,2,9986
20201021,18,220,90,100,180,190,118,0,0,10000
20201021,19,220,90,80,200,171,124,0,0,10014
20201021,20,230,90,90,190,165,122,0,0,10027
20201021,21,240,80,80,170,156,118,0,0,10046
20201021,22,240,60,50,130,148,119,0,0,10056
20201021,23,230,50,50,90,141,120,0,0,10061
20201021,24,220,40,50,90,147,124,0,0,10068
20201022,1,220,50,50,90,151,124,0,0,10074
20201022,2,210,40,40,90,146,124,0,0,10078
20201022,3,210,40,40,80,147,120,0,0,10075
20201022,4,210,40,40,90,148,121,0,0,10081
20201022,5,220,40,40,90,138,116,0,0,10079
20201022,6,200,40,40,70,128,112,0,0,10084
20201022,7,200,40,40,80,127,110,2,6,10093
20201022,8,200,40,50,90,135,110,10,43,10101
20201022,9,200,50,50,100,143,108,8,76,10104
20201022,10,210,50,60,90,151,109,7,99,10106
20201022,11,220,50,40,100,155,108,5,96,10106
20201022,12,210,50,60,100,157,106,1,62,10103
20201022,13,220,50,50,100,161,105,0,54,10103
20201022,14,210,50,50,90,147,114,2,34,10099
20201022,15,220,40,40,70,160,112,5,49,10100
20201022,16,220,40,40,70,153,106,8,29,10101
20201022,17,220,30,20,50,137,107,0,2,10105
20201022,18,220,20,20,40,128,106,0,0,10109
20201022,19,210,30,30,50,127,101,0,0,10108
20201022,20,220,30,30,60,128,99,0,0,10112
20201022,21,230,30,40,60,129,101,0,0,10111
20201022,22,210,30,30,60,117,98,0,0,10115
20201022,23,210,30,30,40,112,97,0,0,10116
20201022,24,200,30,30,40,107,96,0,0,10118
20201023,1,220,20,20,40,100,94,0,0,10115
20201023,2,210,20,20,40,95,89,0,0,10114
20201023,3,230,10,10,30,72,69,0,0,10109
20201023,4,160,20,20,30,74,71,0,0,10106
20201023,5,150,20,20,30,77,76,0,0,10105
20201023,6,150,20,10,30,80,79,0,0,10103
20201023,7,150,20,10,20,76,75,0,3,10104
20201023,8,150,20,20,40,83,80,0,11,10106
20201023,9,160,20,20,40,107,105,5,54,10106
20201023,10,150,20,30,60,128,112,8,92,10101
20201023,11,170,30,30,50,147,129,4,87,10097
20201023,12,190,40,40,60,147,131,3,84,10092
20201023,13,200,40,40,70,146,130,3,69,10090
20201023,14,210,30,30,70,154,129,2,41,10089
20201023,15,200,30,30,70,156,127,3,39,10088
20201023,16,990,20,10,50,148,129,0,9,10087
20201023,17,200,30,30,50,147,124,0,1,10090
20201023,18,200,30,30,70,139,113,0,0,10093
20201023,19,210,30,30,60,136,109,0,0,10093
20201023,20,220,40,40,70,140,108,0,0,10095
20201023,21,230,40,40,80,139,108,0,0,10100
20201023,22,230,50,50,100,132,103,0,0,10104
20201023,23,220,50,50,100,126,98,0,0,10104
20201023,24,210,40,40,80,123,102,0,0,10106
20201024,1,200,40,30,90,120,107,0,0,10104
20201024,2,220,40,40,70,126,104,0,0,10104
20201024,3,220,50,50,90,124,101,0,0,10104
20201024,4,210,40,40,100,122,102,0,0,10105
20201024,5,210,40,30,80,117,101,0,0,10105
20201024,6,210,40,40,60,121,94,0,0,10102
20201024,7,180,30,30,80,122,102,0,1,10100
20201024,8,190,40,50,80,123,109,0,8,10101
20201024,9,190,40,40,90,124,114,0,10,10100
20201024,10,200,50,50,90,135,115,0,36,10098
20201024,11,200,50,60,100,141,111,2,66,10096
20201024,12,210,60,70,130,149,103,2,80,10094
20201024,13,200,60,40,120,153,106,1,73,10086
20201024,14,180,50,60,110,150,113,1,42,10081
20201024,15,180,60,60,120,143,124,0,26,10077
20201024,16,180,60,60,110,145,120,0,9,10068
20201024,17,180,60,60,100,145,121,0,1,10063
20201024,18,170,50,50,100,144,120,0,0,10055
20201024,19,170,60,60,110,146,118,0,0,10046
20201024,20,180,70,70,120,151,120,0,0,10041
20201024,21,180,70,70,120,155,121,0,0,10033
20201024,22,180,80,90,140,159,119,0,0,10026
20201024,23,190,80,80,140,161,115,0,0,10023
20201024,24,190,80,70,150,159,114,0,0,10017
20201025,1,180,80,80,160,157,112,0,0,10009
20201025,2,190,80,80,140,156,109,0,0,10006
20201025,3,190,70,70,140,156,105,0,0,10000
20201025,4,180,60,60,120,148,108,0,0,9997
20201025,5,260,50,50,110,114,98,0,0,10003
20201025,6,190,40,40,90,115,103,0,0,10000
20201025,7,190,40,40,80,115,98,0,0,10004
20201025,8,180,40,40,80,117,99,0,4,10009
20201025,9,210,50,60,100,119,98,0,21,10010
20201025,10,200,50,40,90,122,98,0,39,10006
20201025,11,200,40,40,80,123,96,0,20,10013
20201025,12,180,40,40,70,127,103,3,38,10004
20201025,13,200,40,40,70,128,103,0,25,10005
20201025,14,190,40,30,70,125,101,0,22,9999
20201025,15,180,40,40,80,122,96,0,13,9998
20201025,16,180,40,40,80,120,95,0,7,10004
20201025,17,170,40,30,80,114,93,0,2,10003
20201025,18,170,40,30,70,107,89,0,0,10007
20201025,19,180,30,40,60,106,86,0,0,10005
20201025,20,190,40,40,70,104,85,0,0,10003
20201025,21,180,40,40,80,104,87,0,0,10001
20201025,22,180,40,40,60,106,86,0,0,9997
20201025,23,180,40,40,70,104,88,0,0,9999
20201025,24,180,40,40,70,100,87,0,0,9995
20201026,1,200,40,30,70,99,81,0,0,9991
20201026,2,180,30,30,60,94,78,0,0,9989
20201026,3,170,40,40,70,91,78,0,0,9991
20201026,4,190,40,30,70,90,77,0,0,9993
20201026,5,180,40,40,70,89,77,0,0,9990
20201026,6,190,40,50,80,88,75,0,0,9991
20201026,7,200,50,40,80,87,70,0,1,9996
20201026,8,200,40,40,80,96,74,3,23,9996
20201026,9,200,50,50,110,104,69,8,65,9996
20201026,10,210,60,60,120,107,63,8,88,9997
20201026,11,210,60,70,120,107,62,4,81,9997
20201026,12,210,60,50,120,119,66,5,91,9996
20201026,13,210,50,40,100,121,66,4,74,9993
20201026,14,210,50,60,110,124,66,3,47,9995
20201026,15,210,50,40,110,122,69,5,40,9996
20201026,16,200,50,50,100,118,63,5,12,9996
20201026,17,190,40,40,80,113,67,0,1,9997
20201026,18,190,40,40,80,110,68,0,0,10000
20201026,19,190,40,50,90,110,69,0,0,9998
20201026,20,200,50,60,110,111,69,0,0,10002
20201026,21,200,50,50,100,106,75,0,0,10006
20201026,22,200,50,50,90,104,76,0,0,10007
20201026,23,200,40,50,90,100,74,0,0,10011
20201026,24,200,40,40,80,94,73,0,0,10014
20201027,1,210,50,40,80,93,74,0,0,10016
20201027,2,200,40,50,80,93,78,0,0,10016
20201027,3,210,40,40,80,91,77,0,0,10017
20201027,4,200,40,40,70,85,74,0,0,10020
20201027,5,200,40,40,70,81,70,0,0,10024
20201027,6,190,40,30,60,77,67,0,0,10027
20201027,7,190,40,50,80,78,65,0,3,10030
20201027,8,190,50,50,90,85,69,5,23,10033
20201027,9,200,50,50,90,90,71,0,35,10035
20201027,10,200,50,60,100,101,73,2,43,10036
20201027,11,190,50,50,110,111,79,0,50,10034
20201027,12,190,60,50,120,108,75,0,39,10032
20201027,13,190,50,50,110,110,80,0,24,10027
20201027,14,180,60,50,110,112,77,0,36,10021
20201027,15,180,60,60,100,114,74,0,23,10014
20201027,16,180,60,60,110,114,71,2,10,10008
20201027,17,180,60,70,120,113,69,0,0,10004
20201027,18,180,70,70,140,102,80,0,0,10000
20201027,19,180,70,70,120,104,85,0,0,9993
20201027,20,180,70,70,140,107,90,0,0,9989
20201027,21,190,70,70,120,107,98,0,0,9990
20201027,22,200,60,60,120,113,105,0,0,9992
20201027,23,210,60,50,110,118,110,0,0,9998
20201027,24,230,50,50,100,117,106,0,0,10010
20201028,1,220,40,40,90,111,93,0,0,10020
20201028,2,220,40,40,80,104,87,0,0,10024
20201028,3,200,30,40,60,101,82,0,0,10025
20201028,4,210,40,40,70,104,85,0,0,10033
20201028,5,200,40,30,110,95,79,0,0,10033
20201028,6,180,30,30,60,93,81,0,0,10040
20201028,7,190,30,30,50,91,78,0,1,10043
20201028,8,200,40,40,80,99,78,0,14,10049
20201028,9,200,50,50,100,104,83,0,30,10050
20201028,10,210,60,70,120,120,86,10,101,10054
20201028,11,210,70,60,180,109,86,5,68,10059
20201028,12,220,60,60,120,108,78,0,55,10062
20201028,13,220,40,50,100,110,92,0,30,10058
20201028,14,210,50,70,110,118,87,0,40,10057
20201028,15,230,60,60,120,96,76,0,12,10061
20201028,16,230,40,30,100,89,79,0,2,10057
20201028,17,170,30,20,90,83,75,0,0,10051
20201028,18,190,30,30,70,88,78,0,0,10049
20201028,19,200,50,60,110,101,85,0,0,10044
20201028,20,200,50,50,100,97,85,0,0,10040
20201028,21,220,50,40,90,99,84,0,0,10042
20201028,22,220,40,40,90,99,83,0,0,10045
20201028,23,230,50,50,90,100,84,0,0,10049
20201028,24,230,50,40,110,92,79,0,0,10058
20201029,1,220,40,40,90,87,72,0,0,10065
20201029,2,230,40,30,90,83,68,0,0,10071
20201029,3,220,30,30,50,78,65,0,0,10077
20201029,4,240,30,30,70,85,60,0,0,10088
20201029,5,230,40,40,60,83,59,0,0,10099
20201029,6,230,30,30,60,82,58,0,0,10107
20201029,7,240,30,40,60,86,59,0,3,10117
20201029,8,230,30,30,70,96,66,10,33,10126
20201029,9,230,30,40,70,109,70,7,61,10138
20201029,10,240,40,40,80,115,69,4,73,10145
20201029,11,230,40,30,70,117,76,3,66,10151
20201029,12,220,40,40,70,114,79,0,39,10153
20201029,13,210,40,50,80,116,86,0,40,10154
20201029,14,210,40,40,70,113,90,0,20,10152
20201029,15,200,40,40,70,110,94,0,11,10151
20201029,16,180,40,40,70,109,100,0,5,10145
20201029,17,180,50,40,80,111,105,0,0,10140
20201029,18,190,50,50,100,114,107,0,0,10138
20201029,19,200,50,40,90,115,110,0,0,10136
20201029,20,220,50,60,100,122,114,0,0,10136
20201029,21,220,60,50,100,128,119,0,0,10138
20201029,22,220,60,60,110,132,120,0,0,10136
20201029,23,230,60,60,110,136,121,0,0,10136
20201029,24,230,60,60,110,133,124,0,0,10138
20201030,1,230,60,60,120,138,123,0,0,10139
20201030,2,230,60,70,110,137,123,0,0,10141
20201030,3,220,50,50,100,138,125,0,0,10139
20201030,4,220,60,60,130,140,123,0,0,10138
20201030,5,230,60,60,120,141,125,0,0,10144
20201030,6,220,50,50,100,141,124,0,0,10147
20201030,7,220,60,60,100,143,124,0,1,10151
20201030,8,230,60,60,120,148,124,0,7,10157
20201030,9,230,60,60,130,149,125,0,29,10160
20201030,10,230,70,60,120,151,126,0,39,10169
20201030,11,230,70,70,120,152,128,0,40,10171
20201030,12,230,60,60,120,153,125,2,48,10176
20201030,13,230,50,50,100,156,126,0,21,10179
20201030,14,240,60,60,120,147,128,0,16,10184
20201030,15,230,60,60,110,142,134,0,13,10186
20201030,16,230,50,60,100,141,134,0,3,10189
20201030,17,230,50,50,100,140,134,0,0,10195
20201030,18,230,60,60,100,141,134,0,0,10198
20201030,19,220,50,50,100,140,134,0,0,10202
20201030,20,230,50,50,100,140,134,0,0,10205
20201030,21,230,50,40,100,140,134,0,0,10211
20201030,22,230,50,40,90,139,134,0,0,10216
20201030,23,230,40,40,80,139,134,0,0,10216
20201030,24,220,40,40,70,139,134,0,0,10216
20201031,1,220,40,40,70,138,133,0,0,10215
20201031,2,220,40,40,70,137,132,0,0,10213
20201031,3,210,40,30,70,136,131,0,0,10211
20201031,4,200,30,30,60,133,127,0,0,10209
20201031,5,200,30,30,60,133,126,0,0,10207
20201031,6,180,30,30,50,131,122,0,0,10204
20201031,7,170,40,30,80,131,119,0,1,10203
20201031,8,170,30,30,60,132,118,0,10,10197
20201031,9,180,40,40,70,134,112,0,22,10190
20201031,10,170,40,40,70,139,107,0,42,10180
20201031,11,180,50,50,90,143,103,0,54,10171
20201031,12,170,50,50,110,147,102,1,56,10158
20201031,13,180,60,70,110,148,91,6,87,10147
20201031,14,180,60,60,100,148,96,5,53,10140
20201031,15,160,50,50,80,148,98,2,32,10129
20201031,16,170,50,50,100,143,94,3,12,10120
20201031,17,170,50,60,100,134,107,0,0,10114
20201031,18,170,50,50,90,134,114,0,0,10112
20201031,19,190,50,60,100,136,124,0,0,10110
20201031,20,230,70,70,120,143,128,0,0,10117
20201031,21,230,60,50,110,130,101,0,0,10129
20201031,22,230,50,40,100,122,95,0,0,10129
20201031,23,210,30,30,70,110,93,0,0,10130
20201031,24,220,30,40,70,112,88,0,0,10138
20201101,1,210,30,30,60,106,84,0,0,10136
20201101,2,200,40,40,70,110,83,0,0,10135
20201101,3,190,30,30,60,110,83,0,0,10129
20201101,4,180,30,40,60,110,84,0,0,10123
20201101,5,190,40,40,70,111,88,0,0,10121
20201101,6,180,40,40,80,112,86,0,0,10115
20201101,7,170,40,40,70,106,83,0,1,10108
20201101,8,180,40,50,90,112,81,7,20,10099
20201101,9,180,60,60,110,121,88,2,43,10094
20201101,10,180,60,60,100,130,92,0,43,10086
20201101,11,190,60,70,110,140,101,0,44,10071
20201101,12,190,70,70,120,139,122,0,45,10068
20201101,13,180,60,60,110,145,137,0,27,10056
20201101,14,200,60,60,110,159,149,0,21,10055
20201101,15,200,60,70,120,169,152,0,13,10053
20201101,16,230,70,60,140,174,141,0,3,10057
20201101,17,220,60,60,150,174,140,0,0,10059
20201101,18,220,60,60,100,172,149,0,0,10060
20201101,19,210,50,40,100,167,154,0,0,10057
20201101,20,180,50,50,90,169,159,0,0,10052
20201101,21,190,50,60,110,174,159,0,0,10046
20201101,22,200,60,60,120,174,164,0,0,10045
20201101,23,200,60,70,110,173,166,0,0,10044
20201101,24,200,70,80,140,175,166,0,0,10040
20201102,1,210,80,80,150,177,165,0,0,10037
20201102,2,210,80,70,150,175,166,0,0,10036
20201102,3,200,80,80,140,179,163,0,0,10030
20201102,4,200,70,70,130,180,160,0,0,10033
20201102,5,200,70,80,130,184,154,0,0,10034
20201102,6,210,80,80,140,185,152,0,0,10036
20201102,7,200,80,80,150,182,151,0,1,10038
20201102,8,210,80,70,150,180,148,0,9,10040
20201102,9,210,80,90,150,183,143,0,15,10043
20201102,10,200,90,80,170,186,140,0,34,10041
20201102,11,210,90,80,170,193,144,2,37,10045
20201102,12,220,90,80,190,171,157,1,41,10051
20201102,13,230,60,50,190,168,159,0,19,10052
20201102,14,230,60,70,180,169,147,0,16,10058
20201102,15,240,70,70,140,163,116,5,24,10066
20201102,16,250,60,50,170,149,105,0,7,10084
20201102,17,250,60,60,120,141,80,0,0,10098
20201102,18,230,50,40,100,127,95,0,0,10109
20201102,19,220,40,40,80,124,92,0,0,10119
20201102,20,230,50,50,90,124,84,0,0,10128
20201102,21,230,50,50,110,119,80,0,0,10136
20201102,22,220,40,50,80,112,77,0,0,10145
20201102,23,220,50,50,90,112,67,0,0,10153
20201102,24,230,50,50,80,109,70,0,0,10162
20201103,1,230,50,40,100,106,65,0,0,10172
20201103,2,220,40,40,70,100,63,0,0,10178
20201103,3,230,30,30,60,94,62,0,0,10184
20201103,4,200,30,30,50,83,57,0,0,10189
20201103,5,200,40,40,70,79,58,0,0,10193
20201103,6,210,30,30,70,81,55,0,0,10197
20201103,7,210,40,30,70,78,53,0,1,10202
20201103,8,190,40,30,70,83,59,8,26,10208
20201103,9,190,30,30,60,96,64,10,66,10205
20201103,10,170,40,50,70,105,67,10,103,10202
20201103,11,170,50,50,90,116,65,10,125,10191
20201103,12,180,60,60,130,125,53,10,128,10182
20201103,13,190,70,60,130,123,56,3,75,10176
20201103,14,200,80,80,150,118,47,1,34,10175
20201103,15,230,90,70,160,98,67,0,18,10182
20201103,16,250,70,60,130,99,53,0,6,10193
20201103,17,240,50,50,120,90,44,0,0,10203
20201103,18,220,40,30,80,88,51,0,0,10209
20201103,19,200,40,40,100,80,57,0,0,10214
20201103,20,210,40,40,70,77,63,0,0,10220
20201103,21,210,40,40,70,80,62,0,0,10226
20201103,22,220,50,40,80,79,58,0,0,10233
20201103,23,220,40,30,80,74,53,0,0,10239
20201103,24,210,30,30,50,66,52,0,0,10248
20201104,1,210,30,30,50,66,52,0,0,10253
20201104,2,210,30,30,60,63,52,0,0,10258
20201104,3,230,30,30,50,64,52,0,0,10262
20201104,4,200,20,20,40,57,47,0,0,10271
20201104,5,220,30,30,50,56,50,0,0,10274
20201104,6,210,20,20,40,48,43,0,0,10280
20201104,7,220,20,20,30,49,42,0,1,10290
20201104,8,210,10,20,20,65,54,8,24,10300
20201104,9,230,20,30,40,89,62,10,64,10307
20201104,10,230,30,20,50,104,68,10,100,10315
20201104,11,260,20,20,50,117,65,10,122,10319
20201104,12,280,30,30,50,123,55,10,120,10320
20201104,13,260,20,30,50,125,39,9,105,10322
20201104,14,270,30,30,60,121,38,10,89,10327
20201104,15,290,30,20,60,115,43,8,42,10334
20201104,16,270,20,20,60,99,48,5,14,10337
20201104,17,260,20,20,30,74,44,0,0,10344
20201104,18,260,10,10,30,48,40,0,0,10356
20201104,19,260,10,10,20,37,31,0,0,10361
20201104,20,220,10,10,10,27,23,0,0,10367
20201104,21,200,10,10,20,23,20,0,0,10369
20201104,22,170,10,10,10,18,16,0,0,10373
20201104,23,180,10,10,10,14,14,0,0,10377
20201104,24,190,10,10,10,11,9,0,0,10378
20201105,1,150,10,10,20,10,10,0,0,10380
20201105,2,180,0,10,10,10,8,0,0,10381
20201105,3,150,10,10,20,10,7,0,0,10380
20201105,4,140,10,10,20,15,11,0,0,10384
20201105,5,150,10,10,20,19,17,0,0,10384
20201105,6,140,10,10,10,15,11,0,0,10384
20201105,7,210,10,10,20,26,24,0,1,10387
20201105,8,140,10,10,20,46,42,2,14,10392
20201105,9,180,10,10,20,69,66,0,35,10395
20201105,10,210,10,10,30,99,77,4,68,10395
20201105,11,230,30,30,50,112,64,7,89,10391
20201105,12,250,30,30,50,118,69,5,83,10386
20201105,13,230,30,30,50,121,66,7,81,10384
20201105,14,300,20,20,50,126,66,8,92,10380
20201105,15,250,20,20,50,118,61,8,41,10375
20201105,16,300,10,10,30,109,67,5,10,10373
20201105,17,0,10,0,20,84,68,0,0,10375
20201105,18,190,10,10,20,66,57,0,0,10376
20201105,19,200,10,10,20,59,55,0,0,10374
20201105,20,90,10,10,10,52,49,0,0,10375
20201105,21,170,10,10,20,51,49,0,0,10373
20201105,22,190,10,10,20,62,57,0,0,10370
20201105,23,140,10,10,20,68,65,0,0,10367
20201105,24,150,10,10,20,71,63,0,0,10365
20201106,1,130,10,10,20,71,66,0,0,10365
20201106,2,140,10,10,10,68,63,0,0,10362
20201106,3,120,10,10,10,69,64,0,0,10356
20201106,4,0,10,0,10,71,64,0,0,10353
20201106,5,130,10,10,10,70,64,0,0,10352
20201106,6,90,10,10,20,64,58,0,0,10350
20201106,7,90,10,10,20,65,60,0,1,10351
20201106,8,100,10,10,20,78,64,0,13,10352
20201106,9,100,20,20,30,94,66,2,40,10350
20201106,10,110,30,30,50,109,66,10,87,10346
20201106,11,140,40,40,60,116,64,10,97,10338
20201106,12,140,30,30,50,121,63,10,106,10331
20201106,13,100,30,40,60,124,67,10,104,10322
20201106,14,90,40,50,70,123,61,10,85,10312
20201106,15,100,40,20,60,118,58,10,52,10304
20201106,16,80,30,30,50,103,57,3,12,10300
20201106,17,80,30,30,50,88,53,0,0,10295
20201106,18,70,30,30,40,75,50,0,0,10292
20201106,19,90,30,40,60,78,57,0,0,10284
20201106,20,80,40,30,60,73,56,0,0,10276
20201106,21,100,30,30,50,68,56,0,0,10270
20201106,22,100,30,30,50,61,52,0,0,10265
20201106,23,100,30,20,40,53,41,0,0,10259
20201106,24,130,30,30,40,51,31,0,0,10255
20201107,1,140,30,40,50,54,24,0,0,10250
20201107,2,140,30,40,60,48,17,0,0,10248
20201107,3,140,30,20,50,43,13,0,0,10245
20201107,4,140,30,30,40,39,12,0,0,10242
20201107,5,140,20,20,40,38,13,0,0,10242
20201107,6,140,20,30,40,38,13,0,0,10237
20201107,7,140,30,20,40,39,16,0,0,10240
20201107,8,150,30,30,50,54,26,7,19,10241
20201107,9,150,20,20,40,74,37,10,55,10243
20201107,10,150,20,20,50,88,49,10,85,10240
20201107,11,150,20,20,40,107,65,10,100,10236
20201107,12,160,20,20,40,110,68,6,82,10232
20201107,13,140,20,20,40,123,78,9,95,10227
20201107,14,120,20,20,30,124,80,10,70,10225
20201107,15,120,20,20,30,121,82,10,39,10223
20201107,16,40,10,10,20,96,78,3,8,10222
20201107,17,30,20,10,20,74,66,0,0,10225
20201107,18,60,10,10,20,62,58,0,0,10226
20201107,19,80,10,20,20,53,50,0,0,10224
20201107,20,60,20,20,30,59,57,0,0,10221
20201107,21,60,20,20,20,53,52,0,0,10221
20201107,22,80,10,10,20,41,40,0,0,10221
20201107,23,110,10,10,20,42,41,0,0,10217
20201107,24,110,10,10,20,43,41,0,0,10215
20201108,1,60,10,10,20,31,31,0,0,10215
20201108,2,40,10,10,10,26,25,0,0,10215
20201108,3,120,10,10,20,22,21,0,0,10214
20201108,4,90,10,10,20,20,17,0,0,10213
20201108,5,130,10,20,20,24,21,0,0,10214
20201108,6,110,20,20,20,29,26,0,0,10214
20201108,7,140,20,20,30,31,28,0,0,10217
20201108,8,140,20,20,30,52,48,0,11,10220
20201108,9,120,10,20,30,77,67,5,39,10219
20201108,10,150,20,30,40,105,74,10,79,10220
20201108,11,130,20,20,30,114,83,0,52,10218
20201108,12,140,20,10,40,118,90,0,47,10216
20201108,13,120,20,20,30,128,96,0,48,10210
20201108,14,150,20,20,40,127,95,0,32,10209
20201108,15,140,20,20,30,126,96,0,19,10209
20201108,16,130,20,20,40,115,92,0,5,10212
20201108,17,130,20,20,40,115,93,0,0,10215
20201108,18,140,20,30,40,120,95,0,0,10218
20201108,19,140,20,20,40,116,93,0,0,10219
20201108,20,140,20,20,40,110,93,0,0,10220
20201108,21,130,20,20,50,113,99,0,0,10224
20201108,22,150,20,10,50,104,93,0,0,10222
20201108,23,120,10,20,20,95,91,0,0,10224
20201108,24,130,20,20,30,100,95,0,0,10223
20201109,1,130,10,10,30,94,91,0,0,10225
20201109,2,140,20,20,30,95,92,0,0,10223
20201109,3,130,20,20,30,103,97,0,0,10220
20201109,4,130,20,20,40,101,94,0,0,10219
20201109,5,130,20,20,40,102,93,0,0,10220
20201109,6,150,20,20,30,106,94,0,0,10221
20201109,7,140,10,10,40,85,81,0,0,10223
20201109,8,130,20,20,30,115,104,3,15,10229
20201109,9,140,20,20,40,134,107,8,51,10230
20201109,10,160,30,20,50,145,112,10,82,10230
20201109,11,150,30,30,50,157,117,10,103,10229
20201109,12,140,30,30,50,165,116,10,119,10224
20201109,13,150,30,30,50,164,116,3,66,10223
20201109,14,150,20,10,40,159,121,0,43,10221
20201109,15,150,10,10,30,154,121,3,20,10224
20201109,16,120,10,10,20,129,113,2,5,10226
20201109,17,130,20,20,20,122,112,0,0,10230
20201109,18,110,20,20,30,125,117,0,0,10231
20201109,19,110,10,10,20,124,116,0,0,10230
20201109,20,160,10,10,20,110,105,0,0,10231
20201109,21,0,10,0,20,100,98,0,0,10234
20201109,22,120,10,10,20,103,101,0,0,10233
20201109,23,70,10,20,20,104,101,0,0,10234
20201109,24,70,10,20,20,99,97,0,0,10235
20201110,1,80,10,10,20,102,100,0,0,10235
20201110,2,100,20,20,20,98,95,0,0,10234
20201110,3,120,10,10,20,95,95,0,0,10233
20201110,4,90,10,10,20,90,88,0,0,10234
20201110,5,120,20,20,20,105,102,0,0,10236
20201110,6,120,20,20,20,106,102,0,0,10237
20201110,7,140,10,10,30,101,98,0,1,10241
20201110,8,130,10,20,30,107,100,2,12,10245
20201110,9,130,20,20,30,110,104,0,22,10249
20201110,10,160,20,20,40,123,111,3,51,10251
20201110,11,140,10,10,30,145,119,10,88,10249
20201110,12,140,10,20,30,156,121,10,115,10245
20201110,13,200,20,20,30,161,124,10,97,10247
20201110,14,200,10,10,30,157,127,5,54,10247
20201110,15,220,10,20,40,154,126,3,15,10246
20201110,16,220,10,10,30,135,124,0,2,10250
20201110,17,240,20,10,40,142,124,0,0,10254
20201110,18,270,20,10,40,137,124,0,0,10254
20201110,19,180,10,10,20,122,115,0,0,10256
20201110,20,220,10,20,20,129,121,0,0,10258
20201110,21,210,20,20,20,127,121,0,0,10262
20201110,22,230,20,20,50,127,120,0,0,10262
20201110,23,210,10,10,30,124,121,0,0,10262
20201110,24,190,10,20,30,123,118,0,0,10262
20201111,1,220,20,20,40,119,117,0,0,10261
20201111,2,190,20,10,30,117,114,0,0,10261
20201111,3,150,10,10,30,116,115,0,0,10255
20201111,4,200,20,20,40,115,113,0,0,10256
20201111,5,190,20,10,30,115,113,0,0,10254
20201111,6,180,20,20,30,115,113,0,0,10253
20201111,7,170,20,30,40,111,109,0,0,10251
20201111,8,170,30,20,50,108,108,0,6,10251
20201111,9,160,30,30,40,106,103,0,24,10248
20201111,10,140,30,30,60,108,105,0,29,10244
20201111,11,140,30,30,60,112,107,0,43,10235
20201111,12,170,30,30,60,122,106,0,42,10232
20201111,13,150,30,30,60,127,109,0,33,10223
20201111,14,150,20,30,40,130,114,0,26,10218
20201111,15,180,30,30,70,123,106,2,14,10213
20201111,16,150,20,20,40,120,107,0,3,10209
20201111,17,150,20,30,40,112,99,0,0,10208
20201111,18,150,30,30,50,112,90,0,0,10202
20201111,19,150,30,30,50,110,88,0,0,10197
20201111,20,140,30,30,60,112,92,0,0,10190
20201111,21,140,40,40,60,108,101,0,0,10183
20201111,22,150,40,40,80,107,96,0,0,10176
20201111,23,160,40,40,70,105,90,0,0,10172
20201111,24,150,40,50,80,102,88,0,0,10163
20201112,1,150,40,50,80,103,86,0,0,10155
20201112,2,160,50,50,90,102,84,0,0,10148
20201112,3,150,50,50,80,102,84,0,0,10137
20201112,4,150,50,50,90,104,85,0,0,10131
20201112,5,150,50,50,100,104,86,0,0,10125
20201112,6,170,40,40,90,102,94,0,0,10125
20201112,7,190,40,40,100,108,93,0,0,10129
20201112,8,210,50,50,90,106,81,3,11,10138
20201112,9,210,40,50,80,112,89,5,36,10141
20201112,10,220,50,60,100,110,85,0,30,10146
20201112,11,240,30,30,90,107,93,1,25,10149
20201112,12,240,50,60,110,127,87,8,100,10152
20201112,13,260,50,40,100,117,90,3,52,10154
20201112,14,240,40,30,90,119,93,0,31,10160
20201112,15,220,40,30,70,119,82,5,23,10164
20201112,16,220,50,40,90,111,73,0,6,10169
20201112,17,220,40,30,90,102,69,0,0,10175
20201112,18,220,40,30,60,99,67,0,0,10179
20201112,19,220,30,40,60,93,69,0,0,10182
20201112,20,200,30,30,50,86,66,0,0,10185
20201112,21,180,20,20,40,72,62,0,0,10183
20201112,22,190,30,20,60,82,68,0,0,10184
20201112,23,180,30,30,50,79,66,0,0,10183
20201112,24,170,30,30,50,72,61,0,0,10183
20201113,1,170,30,30,50,66,56,0,0,10181
20201113,2,160,30,30,40,60,52,0,0,10175
20201113,3,150,30,30,50,57,49,0,0,10169
20201113,4,160,30,30,40,52,46,0,0,10167
20201113,5,150,30,30,40,53,44,0,0,10160
20201113,6,150,30,30,50,50,42,0,0,10156
20201113,7,150,30,30,40,52,44,0,0,10153
20201113,8,150,30,30,70,60,48,2,10,10150
20201113,9,150,30,30,60,78,61,5,35,10146
20201113,10,180,40,50,100,101,72,7,68,10144
20201113,11,170,40,40,90,102,77,0,29,10140
20201113,12,180,40,50,80,111,97,0,25,10134
20201113,13,190,40,30,80,114,103,0,16,10133
20201113,14,200,40,50,80,124,108,0,18,10130
20201113,15,200,40,40,80,126,110,0,9,10135
20201113,16,210,40,30,70,127,110,0,2,10137
20201113,17,210,30,40,60,129,112,0,0,10139
20201113,18,200,40,40,70,127,116,0,0,10143
20201113,19,200,40,40,70,127,117,0,0,10145
20201113,20,210,40,50,80,127,117,0,0,10149
20201113,21,230,40,30,80,121,112,0,0,10153
20201113,22,220,30,20,50,115,107,0,0,10156
20201113,23,220,20,20,40,107,103,0,0,10158
20201113,24,210,20,10,30,98,95,0,0,10160
20201114,1,210,20,20,40,105,99,0,0,10161
20201114,2,210,20,20,40,104,101,0,0,10160
20201114,3,200,30,30,50,105,98,0,0,10157
20201114,4,180,20,20,40,97,88,0,0,10156
20201114,5,140,20,20,30,88,85,0,0,10154
20201114,6,160,20,20,30,97,94,0,0,10154
20201114,7,150,20,20,40,101,99,0,0,10151
20201114,8,170,20,20,50,110,108,0,2,10152
20201114,9,140,30,30,50,117,114,0,9,10144
20201114,10,170,30,40,60,127,119,0,18,10143
20201114,11,180,40,50,90,137,118,2,34,10137
20201114,12,190,50,40,90,143,115,3,48,10129
20201114,13,190,60,60,100,145,111,5,66,10129
20201114,14,190,50,50,100,145,110,2,30,10127
20201114,15,180,50,50,90,136,105,2,19,10122
20201114,16,170,40,30,70,131,103,0,4,10117
20201114,17,160,30,30,60,127,98,0,0,10113
20201114,18,170,40,40,70,131,97,0,0,10108
20201114,19,170,50,50,80,131,98,0,0,10103
20201114,20,170,50,60,100,135,99,0,0,10101
20201114,21,170,50,50,110,135,95,0,0,10098
20201114,22,180,60,60,100,141,94,0,0,10091
20201114,23,190,60,60,120,144,95,0,0,10087
20201114,24,190,60,60,110,140,97,0,0,10086
20201115,1,180,50,50,100,138,97,0,0,10082
20201115,2,190,50,50,100,137,96,0,0,10081
20201115,3,180,50,40,90,127,94,0,0,10077
20201115,4,170,40,50,80,125,94,0,0,10070
20201115,5,170,50,50,90,129,93,0,0,10061
20201115,6,180,50,60,100,132,91,0,0,10059
20201115,7,170,50,50,100,136,95,0,0,10051
20201115,8,170,50,60,100,139,96,5,12,10040
20201115,9,180,60,70,120,145,98,7,43,10040
20201115,10,170,70,60,120,153,103,3,55,10031
20201115,11,170,70,70,140,154,102,0,42,10019
20201115,12,170,70,60,120,155,101,0,26,10006
20201115,13,170,60,60,120,142,108,0,10,10001
20201115,14,170,70,70,140,140,109,0,9,9987
20201115,15,180,70,80,140,135,119,0,2,9980
20201115,16,180,70,70,140,134,121,0,0,9974
20201115,17,230,70,60,140,98,84,0,0,9986
20201115,18,210,50,40,100,100,76,0,0,9993
20201115,19,220,50,60,100,105,74,0,0,9994
20201115,20,200,60,60,100,101,63,0,0,9998
20201115,21,200,60,50,110,100,63,0,0,9998
20201115,22,200,60,60,130,107,58,0,0,9998
20201115,23,230,100,90,210,107,55,0,0,10011
20201115,24,220,80,70,170,102,56,0,0,10019
20201116,1,210,60,70,120,103,60,0,0,10026
20201116,2,220,70,60,110,97,59,0,0,10033
20201116,3,220,70,70,120,93,59,0,0,10041
20201116,4,220,60,60,110,96,64,0,0,10050
20201116,5,220,60,60,130,93,67,0,0,10059
20201116,6,220,50,60,110,92,71,0,0,10068
20201116,7,220,60,60,110,96,74,0,0,10076
20201116,8,210,50,50,100,99,78,3,9,10085
20201116,9,220,50,50,90,106,84,0,14,10096
20201116,10,230,50,60,90,108,94,0,17,10109
20201116,11,220,50,50,90,116,98,3,52,10118
20201116,12,220,50,50,90,117,104,1,37,10124
20201116,13,260,50,40,90,118,100,6,53,10132
20201116,14,260,40,50,80,114,98,0,13,10142
20201116,15,240,50,60,100,105,94,0,8,10151
20201116,16,240,40,50,80,102,91,0,2,10162
20201116,17,230,40,30,110,101,79,0,0,10170
20201116,18,230,30,30,50,99,71,0,0,10173
20201116,19,210,30,30,60,95,68,0,0,10180
20201116,20,220,30,40,70,93,68,0,0,10183
20201116,21,200,30,30,60,91,69,0,0,10188
20201116,22,200,40,50,70,99,71,0,0,10191
20201116,23,210,40,40,80,100,77,0,0,10188
20201116,24,210,50,50,100,106,87,0,0,10188
20201117,1,210,60,50,100,110,95,0,0,10187
20201117,2,210,60,60,110,111,97,0,0,10184
20201117,3,210,60,70,120,111,99,0,0,10183
20201117,4,220,60,60,110,111,98,0,0,10185
20201117,5,220,60,70,130,112,103,0,0,10188
20201117,6,230,60,60,120,113,105,0,0,10193
20201117,7,230,60,60,120,118,109,0,0,10200
20201117,8,220,60,70,120,125,105,0,3,10205
20201117,9,230,60,60,110,124,104,0,14,10212
20201117,10,230,60,60,110,125,102,0,20,10215
20201117,11,230,60,50,120,128,104,0,32,10220
20201117,12,230,60,60,120,125,105,1,32,10219
20201117,13,220,60,60,110,127,103,0,18,10223
20201117,14,220,60,60,100,122,106,0,11,10226
20201117,15,220,60,50,110,125,104,2,10,10228
20201117,16,220,60,50,110,124,102,0,3,10231
20201117,17,220,60,60,110,122,101,0,0,10233
20201117,18,220,50,50,110,122,99,0,0,10238
20201117,19,210,50,40,80,122,97,0,0,10241
20201117,20,210,50,40,80,122,95,0,0,10240
20201117,21,210,50,50,100,123,92,0,0,10242
20201117,22,210,50,50,100,122,91,0,0,10242
20201117,23,210,40,40,90,122,90,0,0,10243
20201117,24,210,40,40,80,119,89,0,0,10242
20201118,1,200,40,40,70,116,90,0,0,10242
20201118,2,180,30,30,70,113,90,0,0,10237
20201118,3,180,40,40,70,113,90,0,0,10232
20201118,4,180,40,40,70,113,91,0,0,10229
20201118,5,180,40,40,70,110,86,0,0,10226
20201118,6,190,40,40,70,117,86,0,0,10225
20201118,7,190,50,50,90,117,83,0,0,10223
20201118,8,190,50,50,100,112,79,2,5,10223
20201118,9,180,50,50,90,114,78,8,40,10220
20201118,10,180,60,60,110,119,79,10,74,10215
20201118,11,190,60,60,110,131,83,10,97,10206
20201118,12,190,60,70,110,137,80,10,103,10196
20201118,13,180,60,50,100,144,86,10,91,10184
20201118,14,170,50,40,90,149,88,10,67,10174
20201118,15,170,50,60,80,147,84,10,36,10165
20201118,16,170,40,40,80,133,81,0,6,10158
20201118,17,170,40,50,80,135,77,0,0,10149
20201118,18,190,60,50,100,138,76,0,0,10144
20201118,19,210,60,70,110,144,75,0,0,10144
20201118,20,210,60,60,120,144,83,0,0,10141
20201118,21,210,70,60,120,142,90,0,0,10139
20201118,22,220,60,70,120,143,96,0,0,10136
20201118,23,230,80,90,140,136,109,0,0,10139
20201118,24,230,60,50,150,110,97,0,0,10149
20201119,1,250,50,50,90,116,85,0,0,10149
20201119,2,250,60,50,120,106,52,0,0,10153
20201119,3,240,50,40,110,94,46,0,0,10154
20201119,4,230,40,40,80,94,47,0,0,10157
20201119,5,230,50,50,90,97,51,0,0,10157
20201119,6,230,50,60,100,100,53,0,0,10155
20201119,7,240,50,50,100,91,66,0,0,10161
20201119,8,240,50,40,100,96,67,0,2,10166
20201119,9,260,50,60,120,95,67,0,17,10174
20201119,10,260,40,40,90,113,73,7,60,10184
20201119,11,280,50,40,100,89,70,0,31,10198
20201119,12,280,30,30,70,98,81,1,42,10206
20201119,13,350,40,50,80,99,61,3,66,10217
20201119,14,340,40,40,90,95,56,5,41,10233
20201119,15,320,40,70,130,73,51,7,20,10251
20201119,16,310,20,20,60,67,48,0,3,10262
20201119,17,330,30,30,100,71,28,0,0,10275
20201119,18,310,20,10,110,54,35,0,0,10280
20201119,19,340,20,20,50,49,35,0,0,10291
20201119,20,270,20,20,40,54,37,0,0,10298
20201119,21,300,20,40,90,60,32,0,0,10307
20201119,22,300,20,10,40,51,33,0,0,10315
20201119,23,300,20,20,60,57,31,0,0,10319
20201119,24,250,20,30,60,56,35,0,0,10322
20201120,1,260,20,10,50,41,29,0,0,10321
20201120,2,240,20,10,60,48,35,0,0,10322
20201120,3,260,20,30,60,54,27,0,0,10321
20201120,4,260,20,30,50,57,27,0,0,10323
20201120,5,260,20,20,50,58,30,0,0,10324
20201120,6,270,20,20,40,62,27,0,0,10328
20201120,7,230,20,10,40,44,26,0,0,10328
20201120,8,230,20,20,40,54,31,2,8,10338
20201120,9,230,20,20,40,64,33,2,21,10343
20201120,10,210,20,20,40,67,34,0,22,10347
20201120,11,230,10,20,30,78,27,0,40,10347
20201120,12,240,20,30,50,82,20,0,47,10344
20201120,13,240,20,10,60,84,14,0,30,10340
20201120,14,220,20,40,60,83,11,3,31,10337
20201120,15,220,30,30,50,75,9,3,16,10337
20201120,16,200,30,30,40,57,11,0,2,10339
20201120,17,200,30,30,40,55,10,0,0,10336
20201120,18,200,30,40,50,55,10,0,0,10334
20201120,19,200,30,40,60,53,8,0,0,10334
20201120,20,190,30,30,60,50,8,0,0,10331
20201120,21,190,40,30,70,47,10,0,0,10328
20201120,22,200,40,50,80,56,9,0,0,10323
20201120,23,170,50,50,90,51,9,0,0,10317
20201120,24,180,50,50,90,56,12,0,0,10310
20201121,1,180,50,50,90,56,18,0,0,10300
20201121,2,180,60,60,90,60,22,0,0,10295
20201121,3,190,50,50,80,64,29,0,0,10290
20201121,4,200,60,60,100,63,41,0,0,10286
20201121,5,200,50,40,90,68,44,0,0,10283
20201121,6,190,50,50,90,67,54,0,0,10279
20201121,7,200,50,50,100,72,60,0,0,10280
20201121,8,200,60,60,100,77,62,0,1,10277
20201121,9,210,60,60,100,80,66,0,6,10273
20201121,10,210,60,60,110,84,70,0,7,10273
20201121,11,220,50,60,100,96,72,0,12,10268
20201121,12,220,60,60,110,100,70,0,20,10261
20201121,13,220,70,60,140,101,72,0,15,10258
20201121,14,220,60,60,110,101,73,0,11,10257
20201121,15,220,50,50,100,101,73,0,3,10258
20201121,16,220,50,50,100,99,78,0,0,10258
20201121,17,220,50,50,90,99,83,0,0,10259
20201121,18,210,50,50,90,97,86,0,0,10257
20201121,19,210,50,50,100,97,87,0,0,10257
20201121,20,210,50,40,80,97,87,0,0,10254
20201121,21,210,40,40,80,99,86,0,0,10250
20201121,22,220,50,50,80,101,84,0,0,10247
20201121,23,220,50,50,110,101,86,0,0,10243
20201121,24,220,50,40,100,100,86,0,0,10239
20201122,1,220,50,50,90,100,85,0,0,10236
20201122,2,220,50,50,90,97,87,0,0,10235
20201122,3,230,50,50,110,98,91,0,0,10234
20201122,4,230,50,50,90,98,93,0,0,10235
20201122,5,230,50,40,90,99,95,0,0,10236
20201122,6,260,40,40,90,100,96,0,0,10239
20201122,7,230,30,30,70,97,89,0,0,10241
20201122,8,230,30,30,60,94,87,0,4,10245
20201122,9,240,30,30,70,100,91,0,20,10249
20201122,10,240,30,20,60,106,94,0,26,10252
20201122,11,250,30,30,60,115,90,0,51,10251
20201122,12,270,30,40,80,113,69,2,51,10250
20201122,13,280,30,30,60,112,67,2,46,10249
20201122,14,280,30,30,60,109,63,10,46,10246
20201122,15,280,20,20,60,101,55,10,19,10245
20201122,16,280,20,20,50,94,55,0,3,10248
20201122,17,270,20,20,40,85,49,0,0,10250
20201122,18,260,20,10,30,63,42,0,0,10253
20201122,19,240,20,20,40,61,39,0,0,10256
20201122,20,230,20,30,40,64,40,0,0,10257
20201122,21,230,20,20,30,68,37,0,0,10257
20201122,22,230,20,20,30,59,32,0,0,10255
20201122,23,230,30,30,40,61,31,0,0,10256
20201122,24,230,20,20,40,52,26,0,0,10258
20201123,1,240,20,20,30,45,23,0,0,10259
20201123,2,230,20,30,50,48,25,0,0,10259
20201123,3,230,20,20,40,22,8,0,0,10260
20201123,4,230,20,20,30,35,22,0,0,10262
20201123,5,230,20,20,40,18,9,0,0,10264
20201123,6,230,20,20,40,41,22,0,0,10267
20201123,7,220,20,20,30,21,6,0,0,10272
20201123,8,210,20,20,30,15,9,2,6,10277
20201123,9,220,10,10,20,52,36,10,35,10284
20201123,10,230,20,30,40,84,35,7,57,10287
20201123,11,250,30,30,50,96,35,8,86,10289
20201123,12,240,30,40,60,102,41,10,98,10286
20201123,13,250,30,30,60,105,36,10,88,10281
20201123,14,210,30,30,60,101,35,10,63,10278
20201123,15,210,30,30,60,90,31,10,32,10278
20201123,16,210,30,30,50,73,29,0,5,10277
20201123,17,200,30,30,40,65,29,0,0,10274
20201123,18,200,30,30,40,60,28,0,0,10275
20201123,19,180,20,20,50,48,27,0,0,10274
20201123,20,180,20,20,30,65,34,0,0,10270
20201123,21,180,20,20,40,70,41,0,0,10267
20201123,22,180,30,30,40,75,47,0,0,10263
20201123,23,170,20,30,40,62,45,0,0,10257
20201123,24,190,30,30,50,73,58,0,0,10253
20201124,1,220,30,30,70,80,68,0,0,10250
20201124,2,210,30,40,70,81,69,0,0,10247
20201124,3,200,40,30,70,77,70,0,0,10243
20201124,4,200,30,40,60,75,66,0,0,10240
20201124,5,180,40,40,60,77,67,0,0,10236
20201124,6,180,40,40,60,78,67,0,0,10232
20201124,7,200,30,30,60,78,68,0,0,10230
20201124,8,190,40,30,60,82,70,0,2,10229
20201124,9,160,30,40,60,86,72,0,15,10228
20201124,10,180,40,30,60,89,75,0,26,10226
20201124,11,190,30,30,60,96,76,0,32,10219
20201124,12,190,40,40,70,96,75,0,30,10215
20201124,13,180,30,30,60,99,74,2,48,10208
20201124,14,190,30,30,60,101,74,8,44,10203
20201124,15,160,30,20,60,95,70,10,24,10196
20201124,16,150,20,20,40,80,62,0,4,10193
20201124,17,160,30,30,50,76,57,0,0,10188
20201124,18,160,30,30,50,74,55,0,0,10184
20201124,19,160,30,30,50,72,52,0,0,10182
20201124,20,160,40,40,70,70,49,0,0,10178
20201124,21,160,40,40,70,64,49,0,0,10174
20201124,22,150,40,40,60,60,46,0,0,10170
20201124,23,160,40,40,70,59,42,0,0,10168
20201124,24,150,40,40,60,51,37,0,0,10163
20201125,1,160,40,40,60,48,35,0,0,10159
20201125,2,160,40,40,70,46,32,0,0,10157
20201125,3,150,40,40,60,43,30,0,0,10154
20201125,4,160,30,30,60,40,28,0,0,10154
20201125,5,170,40,30,60,41,29,0,0,10154
20201125,6,150,40,40,70,39,25,0,0,10150
20201125,7,150,40,50,70,38,24,0,0,10149
20201125,8,160,40,40,70,40,25,0,6,10154
20201125,9,160,40,40,70,45,28,2,21,10155
20201125,10,180,40,50,70,66,35,8,52,10157
20201125,11,180,50,40,80,72,39,8,78,10156
20201125,12,190,40,40,80,88,46,10,90,10155
20201125,13,180,40,50,80,89,51,5,66,10154
20201125,14,180,40,40,70,89,52,3,37,10153
20201125,15,170,40,30,70,88,55,10,26,10154
20201125,16,190,30,30,50,82,53,0,4,10158
20201125,17,160,30,20,60,72,50,0,0,10158
20201125,18,190,30,30,50,81,54,0,0,10166
20201125,19,210,30,20,40,84,58,0,0,10171
20201125,20,210,30,30,50,81,60,0,0,10173
20201125,21,200,30,30,60,83,63,0,0,10176
20201125,22,200,20,20,50,82,65,0,0,10179
20201125,23,200,20,20,50,86,68,0,0,10183
20201125,24,170,20,20,40,80,68,0,0,10185
20201126,1,170,20,20,30,81,68,0,0,10185
20201126,2,180,20,10,30,86,73,0,0,10189
20201126,3,200,20,20,30,89,76,0,0,10189
20201126,4,200,20,20,30,91,77,0,0,10192
20201126,5,220,20,20,30,89,81,0,0,10194
20201126,6,210,10,10,30,90,86,0,0,10196
20201126,7,990,10,10,20,90,83,0,0,10203
20201126,8,150,10,10,20,89,85,0,1,10205
20201126,9,0,10,0,30,90,88,0,5,10209
20201126,10,0,0,0,20,90,86,0,6,10212
20201126,11,120,10,10,20,95,92,0,16,10207
20201126,12,60,10,10,20,96,90,0,14,10206
20201126,13,60,10,10,10,98,88,0,17,10204
20201126,14,50,10,10,20,96,88,0,9,10201
20201126,15,50,10,20,20,93,87,0,2,10204
20201126,16,80,10,10,20,89,86,0,0,10204
20201126,17,90,10,20,20,88,84,0,0,10203
20201126,18,20,10,10,20,87,83,0,0,10205
20201126,19,110,10,10,30,83,80,0,0,10203
20201126,20,10,10,10,30,84,81,0,0,10207
20201126,21,10,20,20,30,81,78,0,0,10209
20201126,22,40,20,20,30,79,76,0,0,10207
20201126,23,360,20,30,40,78,73,0,0,10208
20201126,24,10,30,30,60,74,68,0,0,10207
20201127,1,60,30,30,50,70,65,0,0,10205
20201127,2,60,20,20,40,68,64,0,0,10205
20201127,3,70,20,20,30,68,64,0,0,10202
20201127,4,60,20,20,40,68,62,0,0,10199
20201127,5,50,20,10,40,66,61,0,0,10199
20201127,6,20,10,20,20,67,59,0,0,10198
20201127,7,20,20,20,30,66,59,0,0,10203
20201127,8,40,20,30,50,66,59,0,1,10202
20201127,9,60,20,20,40,67,63,0,5,10202
20201127,10,60,20,10,40,71,65,0,11,10203
20201127,11,60,20,20,40,72,64,0,8,10199
20201127,12,70,30,30,40,72,66,0,9,10195
20201127,13,100,20,20,40,73,69,0,10,10193
20201127,14,90,20,30,40,74,64,0,11,10190
20201127,15,120,20,20,40,72,62,0,4,10189
20201127,16,130,20,20,40,68,56,0,1,10191
20201127,17,70,20,20,40,52,47,0,0,10192
20201127,18,70,20,20,30,41,39,0,0,10193
20201127,19,80,20,20,30,46,44,0,0,10193
20201127,20,90,20,20,30,51,48,0,0,10194
20201127,21,100,30,30,40,54,50,0,0,10194
20201127,22,100,30,30,40,56,50,0,0,10196
20201127,23,90,30,30,50,55,50,0,0,10196
20201127,24,70,20,30,40,52,47,0,0,10192
20201128,1,90,30,30,50,49,44,0,0,10191
20201128,2,90,20,20,40,48,42,0,0,10193
20201128,3,80,30,30,50,46,39,0,0,10193
20201128,4,90,30,40,50,44,36,0,0,10190
20201128,5,100,30,20,50,41,34,0,0,10192
20201128,6,100,20,20,40,40,32,0,0,10194
20201128,7,100,30,30,40,39,30,0,0,10200
20201128,8,100,20,20,40,41,30,0,2,10204
20201128,9,90,30,20,40,43,31,0,13,10207
20201128,10,70,30,30,40,47,34,0,31,10212
20201128,11,70,30,40,60,51,34,0,45,10212
20201128,12,70,30,40,60,50,35,0,45,10213
20201128,13,90,40,30,60,54,39,0,50,10211
20201128,14,80,30,40,50,46,36,0,32,10211
20201128,15,70,40,40,60,39,34,0,11,10216
20201128,16,80,40,30,60,34,31,0,1,10222
20201128,17,60,40,40,60,33,32,0,0,10225
20201128,18,60,40,40,60,37,37,0,0,10230
20201128,19,60,30,30,60,42,41,0,0,10233
20201128,20,60,40,30,60,40,39,0,0,10238
20201128,21,80,40,30,70,41,38,0,0,10241
20201128,22,90,40,40,80,39,36,0,0,10246
20201128,23,100,40,30,80,37,34,0,0,10247
20201128,24,100,40,40,70,36,33,0,0,10247
20201129,1,70,40,30,60,36,33,0,0,10248
20201129,2,70,30,30,60,35,32,0,0,10250
20201129,3,100,30,40,60,36,34,0,0,10251
20201129,4,50,40,40,60,35,32,0,0,10254
20201129,5,90,30,40,60,33,19,0,0,10256
20201129,6,80,40,30,60,33,22,0,0,10258
20201129,7,60,30,30,50,24,6,0,0,10262
20201129,8,90,30,40,50,16,-1,0,1,10267
20201129,9,60,40,30,60,16,-2,0,9,10271
20201129,10,80,40,40,60,11,-7,0,20,10272
20201129,11,80,30,30,50,19,-4,0,47,10270
20201129,12,110,20,20,40,22,-3,5,62,10268
20201129,13,80,20,20,30,32,0,10,69,10265
20201129,14,70,20,20,30,30,0,8,46,10266
20201129,15,60,20,10,30,20,-4,5,18,10270
20201129,16,70,10,10,20,1,-8,0,2,10273
20201129,17,110,10,10,10,-10,-13,0,0,10276
20201129,18,110,10,10,20,-18,-21,0,0,10278
20201129,19,120,10,10,20,-21,-27,0,0,10279
20201129,20,130,10,20,20,-24,-27,0,0,10281
20201129,21,150,20,20,30,-19,-25,0,0,10280
20201129,22,170,10,10,30,-25,-32,0,0,10277
20201129,23,100,10,10,20,-33,-38,0,0,10278
20201129,24,130,10,10,20,-34,-38,0,0,10277
20201130,1,130,10,10,10,-35,-45,0,0,10273
20201130,2,150,10,10,20,-39,-43,0,0,10272
20201130,3,160,20,10,30,-33,-34,0,0,10265
20201130,4,190,20,10,40,-24,-27,0,0,10265
20201130,5,200,10,20,30,-16,-22,0,0,10264
20201130,6,210,20,20,30,-6,-12,0,0,10259
20201130,7,160,20,30,40,-5,-11,0,0,10254
20201130,8,180,30,30,50,2,-6,0,2,10249
20201130,9,200,40,40,70,6,1,0,4,10248
20201130,10,190,40,40,70,9,3,0,5,10242
20201130,11,190,40,40,60,13,8,0,9,10234
20201130,12,190,40,40,60,17,14,0,8,10225
20201130,13,190,30,30,60,27,24,0,14,10213
20201130,14,190,40,40,70,36,34,0,7,10201
20201130,15,200,50,50,90,45,42,0,2,10188
20201130,16,210,50,60,100,49,44,0,0,10178
20201130,17,200,50,60,90,53,48,0,0,10166
20201130,18,220,50,50,110,56,51,0,0,10157
20201130,19,220,60,50,100,59,54,0,0,10146
20201130,20,220,50,50,90,63,59,0,0,10137
20201130,21,210,40,40,70,68,65,0,0,10128
20201130,22,230,30,20,60,75,71,0,0,10125
20201130,23,250,30,30,60,84,72,0,0,10118
20201130,24,280,30,60,100,80,71,0,0,10120
20201201,1,310,30,30,110,78,65,0,0,10122
20201201,2,280,20,20,60,74,58,0,0,10124
20201201,3,290,30,30,50,75,62,0,0,10122
20201201,4,270,20,20,50,73,66,0,0,10118
20201201,5,310,20,30,50,79,74,0,0,10120
20201201,6,340,50,40,100,84,81,0,0,10130
20201201,7,350,70,60,130,82,73,0,0,10141
20201201,8,350,60,70,120,84,70,0,1,10151
20201201,9,340,50,40,100,82,71,0,8,10158
20201201,10,350,50,50,100,88,59,0,21,10165
20201201,11,350,50,40,100,89,54,0,24,10167
20201201,12,340,60,60,110,95,48,0,36,10171
20201201,13,350,60,60,110,98,50,3,47,10170
20201201,14,350,60,60,130,96,49,0,28,10174
20201201,15,350,60,60,110,91,54,0,10,10180
20201201,16,350,40,40,90,85,61,0,1,10184
20201201,17,360,40,40,70,83,63,0,0,10189
20201201,18,360,30,30,60,79,61,0,0,10194
20201201,19,360,30,30,50,77,61,0,0,10200
20201201,20,360,30,30,60,76,57,0,0,10203
20201201,21,20,30,30,60,74,55,0,0,10208
20201201,22,30,30,20,60,71,54,0,0,10210
20201201,23,50,30,30,60,67,49,0,0,10211
20201201,24,50,30,20,50,64,47,0,0,10209
20201202,1,50,20,20,40,63,48,0,0,10209
20201202,2,40,20,10,40,61,48,0,0,10209
20201202,3,30,20,20,30,60,46,0,0,10206
20201202,4,40,20,10,30,59,46,0,0,10205
20201202,5,30,20,20,30,58,46,0,0,10201
20201202,6,40,20,20,30,56,44,0,0,10198
20201202,7,40,10,10,30,56,45,0,0,10195
20201202,8,50,10,10,20,56,47,0,0,10194
20201202,9,80,10,10,20,56,42,0,3,10189
20201202,10,120,10,10,20,56,43,0,8,10183
20201202,11,140,10,10,20,58,44,0,11,10176
20201202,12,130,10,10,20,58,47,0,11,10166
20201202,13,180,10,10,20,60,45,0,11,10157
20201202,14,150,20,30,50,59,47,0,8,10148
20201202,15,170,20,20,40,58,47,0,3,10143
20201202,16,150,10,20,40,54,43,0,0,10135
20201202,17,220,20,20,40,56,47,0,0,10133
20201202,18,200,20,30,40,55,46,0,0,10125
20201202,19,170,20,20,40,56,48,0,0,10119
20201202,20,180,30,30,50,56,49,0,0,10112
20201202,21,180,30,30,50,56,50,0,0,10103
20201202,22,180,30,30,50,57,51,0,0,10093
20201202,23,180,30,30,50,58,52,0,0,10086
20201202,24,200,30,30,70,59,49,0,0,10077
20201203,1,190,30,30,60,55,47,0,0,10066
20201203,2,200,30,40,70,56,42,0,0,10060
20201203,3,200,40,40,70,55,37,0,0,10050
20201203,4,200,30,30,60,56,38,0,0,10041
20201203,5,190,30,30,60,57,41,0,0,10029
20201203,6,180,30,30,60,56,45,0,0,10019
20201203,7,180,30,30,50,59,50,0,0,10011
20201203,8,180,40,40,70,60,53,0,0,10003
20201203,9,190,40,40,80,60,52,0,3,9998
20201203,10,180,50,40,80,62,46,0,6,9984
20201203,11,190,50,40,90,61,46,0,9,9973
20201203,12,180,50,60,90,62,47,0,10,9959
20201203,13,170,50,50,90,61,51,0,13,9945
20201203,14,170,50,50,80,60,47,0,9,9932
20201203,15,170,50,50,90,55,45,0,3,9921
20201203,16,160,40,50,90,53,44,0,0,9908
20201203,17,150,50,60,80,52,42,0,0,9895
20201203,18,140,60,60,100,51,40,0,0,9884
20201203,19,150,60,70,110,50,36,0,0,9873
20201203,20,140,60,60,110,48,36,0,0,9863
20201203,21,140,70,70,120,46,34,0,0,9852
20201203,22,140,70,70,120,48,34,0,0,9842
20201203,23,130,70,70,120,48,34,0,0,9831
20201203,24,130,70,70,120,47,32,0,0,9821
20201204,1,130,70,70,120,46,29,0,0,9809
20201204,2,130,70,70,130,45,30,0,0,9799
20201204,3,130,70,70,120,46,31,0,0,9788
20201204,4,130,80,70,130,48,31,0,0,9781
20201204,5,140,80,80,150,53,31,0,0,9779
20201204,6,140,80,80,130,57,33,0,0,9780
20201204,7,150,80,80,150,62,35,0,0,9787
20201204,8,150,60,50,120,65,40,0,1,9797
20201204,9,180,70,80,130,70,28,2,13,9808
20201204,10,170,70,70,140,75,26,0,18,9818
20201204,11,180,70,80,140,76,22,0,26,9823
20201204,12,180,80,80,140,80,18,5,56,9829
20201204,13,170,60,60,130,73,20,0,23,9836
20201204,14,170,60,60,120,73,13,0,19,9841
20201204,15,190,60,70,110,67,-1,3,14,9850
20201204,16,160,50,40,100,56,4,0,1,9858
20201204,17,170,40,40,70,53,0,0,0,9867
20201204,18,160,40,40,80,53,6,0,0,9876
20201204,19,160,40,40,70,41,4,0,0,9883
20201204,20,150,30,30,60,29,-1,0,0,9891
20201204,21,130,30,30,50,22,-4,0,0,9897
20201204,22,130,30,30,50,21,-5,0,0,9903
20201204,23,130,20,20,40,7,-8,0,0,9907
20201204,24,110,20,30,30,-8,-14,0,0,9913
20201205,1,130,20,30,40,0,-10,0,0,9919
20201205,2,140,20,10,40,2,-8,0,0,9924
20201205,3,130,20,20,30,-21,-25,0,0,9925
20201205,4,110,10,10,20,-27,-32,0,0,9927
20201205,5,110,20,20,20,-25,-29,0,0,9930
20201205,6,110,20,20,20,-26,-30,0,0,9935
20201205,7,160,20,20,20,-20,-23,0,0,9941
20201205,8,160,20,20,40,2,-5,0,1,9953
20201205,9,190,20,20,50,26,8,8,27,9959
20201205,10,170,20,30,50,37,12,10,54,9966
20201205,11,190,30,40,60,47,14,10,75,9966
20201205,12,190,40,40,80,53,13,10,81,9974
20201205,13,190,40,40,80,50,7,10,73,9975
20201205,14,170,40,40,90,51,9,0,19,9981
20201205,15,140,30,20,60,41,4,8,22,9987
20201205,16,140,20,20,40,44,10,0,2,9992
20201205,17,140,20,20,40,43,8,0,0,9996
20201205,18,90,20,10,30,22,2,0,0,10001
20201205,19,120,20,10,30,-2,-9,0,0,10006
20201205,20,90,10,10,30,1,-8,0,0,10010
20201205,21,100,20,20,30,11,2,0,0,10015
20201205,22,100,20,20,30,16,-1,0,0,10014
20201205,23,100,10,20,20,-1,-8,0,0,10017
20201205,24,110,20,20,30,-10,-19,0,0,10016
20201206,1,90,20,20,30,-13,-17,0,0,10016
20201206,2,100,20,20,30,-8,-16,0,0,10017
20201206,3,80,20,20,30,-7,-13,0,0,10019
20201206,4,60,20,10,30,-12,-16,0,0,10017
20201206,5,40,10,20,20,-6,-13,0,0,10019
20201206,6,40,10,20,30,-7,-16,0,0,10019
20201206,7,360,10,10,20,0,-10,0,0,10017
20201206,8,10,10,10,30,-5,-8,0,0,10019
20201206,9,40,20,20,30,7,-4,0,9,10019
20201206,10,40,20,20,40,14,4,0,21,10017
20201206,11,50,20,20,40,22,8,0,33,10013
20201206,12,10,20,10,30,28,13,0,30,10016
20201206,13,360,10,20,30,33,14,0,27,10013
20201206,14,360,20,20,40,32,15,0,13,10013
20201206,15,330,20,10,40,31,16,0,6,10008
20201206,16,350,10,20,30,30,17,0,1,10007
20201206,17,350,20,20,30,31,21,0,0,10006
20201206,18,320,10,10,20,26,18,0,0,10011
20201206,19,290,20,10,20,28,21,0,0,10006
20201206,20,310,20,20,30,38,32,0,0,9997
20201206,21,300,20,20,40,39,34,0,0,9993
20201206,22,290,20,20,40,39,33,0,0,9991
20201206,23,300,20,10,30,38,33,0,0,9986
20201206,24,260,20,20,40,42,32,0,0,9981
20201207,1,270,20,20,50,45,35,0,0,9973
20201207,2,250,20,20,40,48,41,0,0,9972
20201207,3,250,20,20,50,48,42,0,0,9963
20201207,4,250,20,30,50,50,43,0,0,9957
20201207,5,240,20,30,50,49,44,0,0,9957
20201207,6,250,30,30,60,54,48,0,0,9952
20201207,7,240,30,30,50,54,47,0,0,9957
20201207,8,240,30,30,60,53,47,0,1,9955
20201207,9,230,40,30,70,54,49,0,5,9961
20201207,10,230,40,30,60,54,48,0,11,9964
20201207,11,210,40,40,80,54,44,0,19,9964
20201207,12,200,50,50,90,46,39,0,22,9966
20201207,13,200,50,40,80,47,40,0,21,9969
20201207,14,200,40,40,80,46,36,2,19,9974
20201207,15,180,50,40,80,40,33,0,6,9980
20201207,16,190,30,40,60,39,31,0,1,9986
20201207,17,180,40,40,70,36,29,0,0,9992
20201207,18,180,40,50,80,34,24,0,0,9997
20201207,19,160,40,30,70,33,22,0,0,10004
20201207,20,170,30,30,50,31,21,0,0,10009
20201207,21,150,20,20,40,27,19,0,0,10011
20201207,22,180,30,30,60,25,15,0,0,10012
20201207,23,190,30,20,60,19,10,0,0,10013
20201207,24,180,30,30,50,19,9,0,0,10015
20201208,1,170,20,20,40,21,11,0,0,10018
20201208,2,100,10,10,30,16,12,0,0,10019
20201208,3,80,10,10,20,11,8,0,0,10017
20201208,4,100,20,20,20,6,3,0,0,10019
20201208,5,80,10,10,30,0,-3,0,0,10024
20201208,6,50,10,10,20,-9,-12,0,0,10026
20201208,7,70,10,10,20,-12,-15,0,0,10031
20201208,8,70,10,10,20,2,-1,0,1,10035
20201208,9,40,10,10,30,8,5,0,6,10039
20201208,10,80,10,10,20,19,14,0,19,10040
20201208,11,80,10,10,20,34,23,0,30,10040
20201208,12,120,20,20,30,44,21,0,35,10040
20201208,13,90,10,10,20,47,22,0,33,10040
20201208,14,100,10,10,20,44,18,0,23,10043
20201208,15,0,10,0,10,33,21,3,11,10048
20201208,16,50,10,10,10,19,15,0,1,10054
20201208,17,50,10,10,10,22,20,0,0,10059
20201208,18,40,10,10,20,27,23,0,0,10065
20201208,19,60,10,10,20,25,23,0,0,10067
20201208,20,60,0,10,10,16,13,0,0,10068
20201208,21,80,10,10,10,11,9,0,0,10072
20201208,22,110,10,20,20,13,12,0,0,10075
20201208,23,170,10,10,20,18,15,0,0,10075
20201208,24,990,10,10,20,22,18,0,0,10077
20201209,1,220,10,20,20,22,19,0,0,10078
20201209,2,990,10,10,40,28,27,0,0,10082
20201209,3,240,10,10,20,4,2,0,0,10081
20201209,4,140,10,10,20,-11,-14,0,0,10084
20201209,5,160,20,20,30,2,2,0,0,10086
20201209,6,170,20,20,40,-8,-8,0,0,10091
20201209,7,180,30,30,50,-10,-10,0,0,10092
20201209,8,160,30,30,50,-15,-15,0,1,10096
20201209,9,150,30,30,60,-12,-12,0,6,10098
20201209,10,160,30,30,60,-8,-8,0,11,10097
20201209,11,160,40,30,70,-3,-3,0,19,10094
20201209,12,140,40,40,60,2,1,0,22,10091
20201209,13,150,50,40,80,5,2,0,20,10091
20201209,14,160,40,40,70,7,4,0,12,10087
20201209,15,170,40,40,70,7,6,0,4,10086
20201209,16,150,40,40,60,8,7,0,0,10089
20201209,17,150,50,50,80,10,9,0,0,10088
20201209,18,160,40,40,70,17,14,0,0,10091
20201209,19,160,40,30,60,20,17,0,0,10087
20201209,20,150,30,30,60,24,19,0,0,10090
20201209,21,160,30,30,50,25,19,0,0,10087
20201209,22,150,30,30,40,26,21,0,0,10085
20201209,23,140,30,30,50,27,20,0,0,10082
20201209,24,140,30,30,60,28,20,0,0,10079
20201210,1,150,30,30,50,29,19,0,0,10072
20201210,2,140,30,30,50,22,13,0,0,10070
20201210,3,130,30,30,50,12,6,0,0,10068
20201210,4,120,30,30,50,2,-4,0,0,10065
20201210,5,120,30,30,60,-2,-8,0,0,10063
20201210,6,140,20,20,40,-1,-10,0,0,10066
20201210,7,130,30,30,40,-3,-11,0,0,10068
20201210,8,130,30,30,50,-2,-11,0,2,10069
20201210,9,140,20,20,40,2,-12,10,23,10070
20201210,10,140,30,30,40,6,-10,5,37,10071
20201210,11,130,30,30,50,10,-6,0,37,10068
20201210,12,140,30,30,40,17,0,0,42,10064
20201210,13,130,30,30,50,18,-4,3,44,10059
20201210,14,100,20,20,40,25,4,5,37,10057
20201210,15,100,30,30,40,16,-2,8,25,10056
20201210,16,120,30,30,50,6,-7,0,2,10055
20201210,17,120,30,30,50,-2,-11,0,0,10054
20201210,18,130,30,40,50,-1,-11,0,0,10048
20201210,19,130,40,30,70,-2,-11,0,0,10048
20201210,20,140,40,30,60,-2,-9,0,0,10045
20201210,21,130,30,30,50,0,-8,0,0,10034
20201210,22,140,30,30,60,0,-8,0,0,10031
20201210,23,140,30,40,60,3,-7,0,0,10024
20201210,24,150,40,40,70,2,-9,0,0,10010
20201211,1,140,40,30,60,2,-11,0,0,10001
20201211,2,130,40,40,70,1,-14,0,0,9988
20201211,3,140,40,40,80,-1,-17,0,0,9985
20201211,4,130,40,40,70,-2,-17,0,0,9971
20201211,5,140,50,50,90,3,-16,0,0,9960
20201211,6,130,50,50,90,8,-11,0,0,9948
20201211,7,130,50,60,100,14,-10,0,0,9942
20201211,8,140,50,50,100,17,-7,0,1,9937
20201211,9,130,60,60,100,19,-5,0,5,9933
20201211,10,130,60,50,110,24,3,0,15,9929
20201211,11,130,50,50,80,28,6,0,15,9922
20201211,12,130,50,50,90,27,16,0,17,9915
20201211,13,130,50,50,90,34,24,0,21,9908
20201211,14,130,50,50,80,36,26,0,12,9906
20201211,15,130,50,50,90,38,28,0,7,9904
20201211,16,130,50,50,80,39,30,0,1,9903
20201211,17,130,40,50,80,41,32,0,0,9901
20201211,18,130,50,50,90,43,35,0,0,9901
20201211,19,130,40,40,70,43,35,0,0,9901
20201211,20,130,40,40,70,43,34,0,0,9902
20201211,21,130,40,40,70,41,37,0,0,9904
20201211,22,130,40,40,70,41,37,0,0,9906
20201211,23,130,40,30,60,41,37,0,0,9905
20201211,24,130,40,30,60,42,39,0,0,9906
20201212,1,130,30,30,50,44,40,0,0,9909
20201212,2,120,30,40,60,46,42,0,0,9912
20201212,3,130,30,30,50,47,43,0,0,9914
20201212,4,120,20,20,40,47,45,0,0,9918
20201212,5,110,20,20,40,48,46,0,0,9921
20201212,6,130,20,20,30,49,48,0,0,9927
20201212,7,110,20,20,30,50,50,0,0,9934
20201212,8,120,20,20,30,52,52,0,0,9941
20201212,9,140,20,10,30,57,57,0,3,9949
20201212,10,150,20,20,30,63,63,0,10,9957
20201212,11,190,20,20,30,71,71,0,17,9961
20201212,12,200,20,20,40,79,76,0,19,9965
20201212,13,190,20,20,40,84,82,0,16,9970
20201212,14,190,20,20,40,87,82,0,11,9976
20201212,15,190,20,20,40,87,83,0,2,9982
20201212,16,210,20,20,40,88,83,0,1,9990
20201212,17,250,30,30,60,87,79,0,0,9995
20201212,18,270,30,20,60,76,71,0,0,10006
20201212,19,300,20,20,40,72,67,0,0,10014
20201212,20,280,10,10,30,69,66,0,0,10021
20201212,21,310,10,10,20,65,62,0,0,10026
20201212,22,280,10,10,20,64,63,0,0,10034
20201212,23,280,10,10,10,62,62,0,0,10040
20201212,24,0,10,0,20,63,61,0,0,10047
20201213,1,80,10,10,10,62,62,0,0,10050
20201213,2,200,10,10,20,62,62,0,0,10057
20201213,3,120,10,10,20,65,65,0,0,10060
20201213,4,150,10,10,10,66,66,0,0,10065
20201213,5,240,10,20,30,73,70,0,0,10070
20201213,6,220,20,20,40,72,70,0,0,10073
20201213,7,240,30,20,50,76,73,0,0,10078
20201213,8,210,20,20,40,76,73,0,0,10084
20201213,9,210,30,40,60,75,68,0,6,10091
20201213,10,220,40,40,70,71,62,0,24,10096
20201213,11,210,40,40,60,74,55,0,40,10093
20201213,12,200,40,30,70,76,50,0,45,10094
20201213,13,180,30,30,60,78,54,2,42,10091
20201213,14,180,40,40,70,77,49,0,27,10089
20201213,15,170,40,40,70,74,46,0,8,10084
20201213,16,160,40,40,60,71,44,0,1,10082
20201213,17,160,40,50,80,71,41,0,0,10077
20201213,18,160,50,50,90,70,37,0,0,10073
20201213,19,160,60,60,100,66,33,0,0,10068
20201213,20,160,50,50,90,63,37,0,0,10069
20201213,21,150,60,50,100,58,46,0,0,10063
20201213,22,150,50,50,90,62,45,0,0,10057
20201213,23,150,40,40,90,64,46,0,0,10057
20201213,24,160,50,40,100,65,48,0,0,10050
20201214,1,160,50,50,80,73,49,0,0,10047
20201214,2,160,50,50,90,79,53,0,0,10043
20201214,3,170,50,50,90,78,60,0,0,10042
20201214,4,160,50,40,80,73,68,0,0,10038
20201214,5,160,50,50,100,76,71,0,0,10036
20201214,6,170,50,60,90,82,75,0,0,10036
20201214,7,170,50,50,90,87,80,0,0,10035
20201214,8,180,50,60,90,94,85,0,0,10039
20201214,9,190,60,50,100,100,89,0,3,10044
20201214,10,190,50,60,100,107,90,0,18,10050
20201214,11,200,60,60,100,112,89,0,22,10053
20201214,12,190,50,50,100,113,90,2,46,10052
20201214,13,190,50,40,90,114,88,2,34,10053
20201214,14,180,50,50,80,111,85,2,19,10053
20201214,15,180,40,30,80,110,85,2,8,10058
20201214,16,180,40,50,70,109,82,0,1,10060
20201214,17,180,40,50,90,105,76,0,0,10061
20201214,18,180,50,50,90,101,73,0,0,10062
20201214,19,170,40,40,80,99,76,0,0,10062
20201214,20,150,30,30,60,93,80,0,0,10057
20201214,21,170,30,30,50,93,86,0,0,10059
20201214,22,160,30,30,60,97,90,0,0,10059
20201214,23,150,30,30,60,95,90,0,0,10059
20201214,24,150,30,40,60,94,87,0,0,10056
20201215,1,160,40,40,60,92,84,0,0,10054
20201215,2,160,40,30,70,90,84,0,0,10053
20201215,3,180,40,40,70,91,87,0,0,10057
20201215,4,190,40,30,70,95,88,0,0,10058
20201215,5,170,40,40,60,96,86,0,0,10059
20201215,6,170,30,30,70,94,85,0,0,10061
20201215,7,170,30,30,50,93,84,0,0,10064
20201215,8,170,30,30,60,93,84,0,0,10068
20201215,9,190,30,30,60,95,85,0,3,10077
20201215,10,190,30,30,60,99,89,0,11,10082
20201215,11,200,30,30,60,100,90,0,16,10084
20201215,12,200,30,30,50,101,91,0,13,10087
20201215,13,230,30,20,50,101,93,0,9,10090
20201215,14,220,30,20,50,104,93,2,17,10093
20201215,15,210,30,30,50,103,86,2,9,10101
20201215,16,200,30,30,60,95,77,0,0,10109
20201215,17,220,30,20,50,96,81,0,0,10116
20201215,18,200,30,30,40,91,80,0,0,10121
20201215,19,170,20,30,40,79,74,0,0,10124
20201215,20,190,30,20,50,76,72,0,0,10130
20201215,21,180,20,20,50,56,51,0,0,10138
20201215,22,170,20,20,40,52,51,0,0,10141
20201215,23,160,20,30,40,54,54,0,0,10145
20201215,24,160,30,20,50,51,51,0,0,10146
20201216,1,150,20,20,40,53,53,0,0,10146
20201216,2,150,20,20,40,51,51,0,0,10150
20201216,3,140,30,30,50,54,54,0,0,10149
20201216,4,150,40,40,60,51,51,0,0,10151
20201216,5,140,40,30,60,53,53,0,0,10151
20201216,6,160,40,30,70,50,50,0,0,10152
20201216,7,140,40,30,60,50,50,0,0,10152
20201216,8,150,30,40,60,51,51,0,1,10153
20201216,9,160,30,30,60,49,46,5,15,10155
20201216,10,160,40,30,60,64,56,10,52,10157
20201216,11,150,30,30,60,78,61,10,68,10151
20201216,12,150,40,40,70,90,68,10,75,10146
20201216,13,150,40,40,70,92,68,10,57,10141
20201216,14,150,40,40,70,90,67,8,32,10138
20201216,15,140,40,30,60,83,68,8,17,10138
20201216,16,130,40,40,60,77,66,0,1,10136
20201216,17,130,40,30,60,77,68,0,0,10134
20201216,18,150,40,30,70,84,74,0,0,10131
20201216,19,140,40,40,60,83,72,0,0,10127
20201216,20,140,40,40,70,86,71,0,0,10121
20201216,21,160,40,40,70,91,71,0,0,10122
20201216,22,160,40,30,60,90,72,0,0,10123
20201216,23,170,40,40,60,95,73,0,0,10122
20201216,24,170,40,40,70,95,75,0,0,10122
20201217,1,160,30,30,60,90,77,0,0,10122
20201217,2,170,30,30,50,92,79,0,0,10121
20201217,3,180,30,40,60,93,79,0,0,10120
20201217,4,190,40,40,70,92,82,0,0,10121
20201217,5,230,40,40,80,91,84,0,0,10124
20201217,6,230,40,40,70,88,82,0,0,10133
20201217,7,220,40,40,80,87,78,0,0,10141
20201217,8,200,40,40,70,87,79,0,0,10148
20201217,9,210,50,50,90,92,80,0,4,10153
20201217,10,210,50,50,100,95,78,0,16,10161
20201217,11,220,50,50,90,99,76,3,47,10167
20201217,12,220,60,50,100,102,78,0,34,10170
20201217,13,210,60,50,100,101,75,0,26,10173
20201217,14,220,50,50,90,101,72,0,16,10178
20201217,15,220,50,40,90,97,69,5,11,10185
20201217,16,210,40,50,70,91,66,0,1,10191
20201217,17,210,50,50,90,86,64,0,0,10194
20201217,18,200,40,40,80,84,62,0,0,10198
20201217,19,200,40,40,80,86,64,0,0,10201
20201217,20,200,30,30,70,83,65,0,0,10203
20201217,21,200,40,50,80,85,65,0,0,10204
20201217,22,190,40,30,70,76,60,0,0,10204
20201217,23,180,40,40,60,72,57,0,0,10204
20201217,24,180,40,40,60,67,56,0,0,10203
20201218,1,180,40,40,70,68,57,0,0,10202
20201218,2,180,40,40,70,68,57,0,0,10200
20201218,3,170,40,40,70,65,55,0,0,10198
20201218,4,160,40,40,70,58,51,0,0,10196
20201218,5,170,40,40,70,64,56,0,0,10194
20201218,6,170,40,40,70,67,58,0,0,10188
20201218,7,170,40,40,70,70,60,0,0,10187
20201218,8,190,60,50,110,77,64,0,0,10194
20201218,9,180,50,40,90,82,66,0,5,10195
20201218,10,180,50,60,80,89,68,7,36,10193
20201218,11,180,60,60,100,99,71,8,58,10186
20201218,12,180,60,60,100,108,73,10,79,10179
20201218,13,180,60,60,110,109,70,10,67,10170
20201218,14,170,50,50,100,107,70,10,44,10166
20201218,15,170,50,40,80,103,66,8,15,10169
20201218,16,160,40,40,80,93,60,0,1,10168
20201218,17,160,40,40,70,87,55,0,0,10166
20201218,18,160,40,40,70,81,52,0,0,10163
20201218,19,150,40,40,70,75,49,0,0,10160
20201218,20,150,50,50,80,76,48,0,0,10156
20201218,21,150,50,50,80,71,50,0,0,10154
20201218,22,150,40,50,70,65,51,0,0,10152
20201218,23,150,50,50,70,62,50,0,0,10149
20201218,24,150,50,50,80,62,48,0,0,10142
20201219,1,150,50,50,80,59,44,0,0,10136
20201219,2,150,40,40,70,53,40,0,0,10136
20201219,3,150,50,50,90,54,41,0,0,10130
20201219,4,150,50,50,80,53,42,0,0,10123
20201219,5,150,50,50,80,56,45,0,0,10118
20201219,6,150,50,50,90,57,45,0,0,10115
20201219,7,150,50,50,80,57,45,0,0,10113
20201219,8,150,50,50,90,64,49,0,1,10110
20201219,9,150,50,50,90,74,55,8,21,10111
20201219,10,160,50,50,90,87,65,8,45,10108
20201219,11,160,50,50,90,96,70,0,34,10100
20201219,12,170,50,50,80,110,74,0,31,10099
20201219,13,190,50,50,90,113,74,0,10,10100
20201219,14,190,50,50,90,105,83,0,6,10102
20201219,15,190,50,50,90,105,83,7,20,10108
20201219,16,190,50,50,100,105,83,0,2,10116
20201219,17,190,50,50,90,105,82,0,0,10120
20201219,18,190,50,50,80,101,78,0,0,10125
20201219,19,180,50,50,80,98,76,0,0,10129
20201219,20,180,50,60,90,95,74,0,0,10133
20201219,21,180,50,40,90,87,71,0,0,10137
20201219,22,180,40,40,70,83,69,0,0,10137
20201219,23,170,40,40,70,80,68,0,0,10138
20201219,24,180,40,50,80,85,71,0,0,10141
20201220,1,190,40,40,70,90,74,0,0,10138
20201220,2,190,40,40,80,91,74,0,0,10139
20201220,3,180,30,40,60,87,73,0,0,10142
20201220,4,180,40,40,60,84,72,0,0,10143
20201220,5,190,40,30,70,84,72,0,0,10143
20201220,6,180,40,40,70,85,72,0,0,10144
20201220,7,190,40,40,70,83,70,0,0,10148
20201220,8,190,40,40,70,80,69,0,0,10152
20201220,9,190,40,40,70,83,71,0,9,10157
20201220,10,190,40,30,70,88,74,2,26,10160
20201220,11,200,50,50,80,96,76,7,58,10158
20201220,12,200,50,40,90,97,72,0,28,10160
20201220,13,200,60,50,100,97,69,0,20,10160
20201220,14,200,50,50,100,98,67,2,23,10158
20201220,15,200,40,30,80,94,65,7,13,10159
20201220,16,200,30,40,60,93,64,0,2,10164
20201220,17,200,40,40,70,86,60,0,0,10168
20201220,18,200,40,50,70,85,57,0,0,10170
20201220,19,200,50,50,90,82,55,0,0,10172
20201220,20,200,40,50,80,79,54,0,0,10175
20201220,21,200,50,50,90,75,52,0,0,10177
20201220,22,210,50,50,80,77,51,0,0,10178
20201220,23,210,50,40,80,72,49,0,0,10184
20201220,24,200,50,40,80,69,50,0,0,10185
20201221,1,190,40,30,70,62,46,0,0,10183
20201221,2,190,30,30,60,56,43,0,0,10184
20201221,3,170,30,30,60,56,43,0,0,10182
20201221,4,180,30,40,60,54,43,0,0,10180
20201221,5,160,30,30,60,49,41,0,0,10177
20201221,6,160,30,30,50,48,41,0,0,10173
20201221,7,160,30,30,40,51,44,0,0,10172
20201221,8,150,30,30,50,56,48,0,0,10166
20201221,9,150,30,40,60,68,58,0,4,10161
20201221,10,160,40,40,70,72,63,0,7,10157
20201221,11,160,40,40,70,77,68,0,8,10143
20201221,12,160,50,50,90,78,69,0,8,10129
20201221,13,150,60,60,100,80,71,0,14,10115
20201221,14,150,60,60,110,80,72,0,5,10100
20201221,15,170,60,60,110,80,72,0,4,10089
20201221,16,160,60,60,100,79,73,0,0,10078
20201221,17,170,60,60,130,82,76,0,0,10074
20201221,18,180,60,60,110,87,81,0,0,10068
20201221,19,190,60,60,100,92,88,0,0,10064
20201221,20,180,50,50,90,99,95,0,0,10059
20201221,21,190,50,50,120,107,104,0,0,10055
20201221,22,210,50,60,100,118,113,0,0,10052
20201221,23,220,60,60,110,125,120,0,0,10050
20201221,24,230,60,70,150,130,123,0,0,10050
20201222,1,230,80,80,160,130,122,0,0,10045
20201222,2,230,70,80,140,130,122,0,0,10048
20201222,3,240,80,70,160,129,120,0,0,10053
20201222,4,230,70,70,130,130,116,0,0,10057
20201222,5,230,70,80,120,130,112,0,0,10062
20201222,6,230,70,80,130,128,110,0,0,10070
20201222,7,230,70,70,140,126,107,0,0,10077
20201222,8,240,70,70,140,123,107,0,0,10085
20201222,9,240,60,50,120,119,107,0,2,10099
20201222,10,280,50,50,100,108,99,0,7,10114
20201222,11,290,30,40,90,99,91,0,13,10124
20201222,12,270,30,40,70,102,83,0,20,10130
20201222,13,270,30,30,70,103,79,0,31,10134
20201222,14,280,20,20,50,101,78,0,20,10138
20201222,15,290,20,20,40,99,75,0,9,10141
20201222,16,260,10,10,30,90,78,0,1,10144
20201222,17,0,10,0,10,87,77,0,0,10142
20201222,18,120,10,10,10,88,77,0,0,10140
20201222,19,180,20,20,30,91,82,0,0,10144
20201222,20,160,10,10,30,88,85,0,0,10146
20201222,21,130,10,20,20,86,83,0,0,10140
20201222,22,990,10,10,20,87,85,0,0,10142
20201222,23,140,10,20,30,89,87,0,0,10138
20201222,24,130,20,20,30,90,87,0,0,10133
20201223,1,140,10,10,30,91,90,0,0,10130
20201223,2,110,20,20,30,93,90,0,0,10125
20201223,3,160,20,20,30,96,95,0,0,10121
20201223,4,150,20,20,30,100,100,0,0,10114
20201223,5,150,20,20,30,104,103,0,0,10107
20201223,6,150,30,20,40,107,104,0,0,10101
20201223,7,180,20,20,40,111,109,0,0,10098
20201223,8,210,30,40,60,117,111,0,0,10095
20201223,9,220,40,40,70,117,112,0,2,10096
20201223,10,200,40,40,60,117,111,0,6,10090
20201223,11,180,30,30,60,116,111,0,5,10081
20201223,12,150,20,20,50,112,109,0,6,10069
20201223,13,210,30,50,80,119,113,0,7,10062
20201223,14,200,40,30,70,120,112,0,18,10054
20201223,15,200,30,30,60,119,110,3,11,10051
20201223,16,180,30,40,60,117,109,0,1,10043
20201223,17,200,30,50,80,122,110,0,0,10042
20201223,18,210,50,50,90,122,110,0,0,10040
20201223,19,200,40,40,80,121,109,0,0,10040
20201223,20,230,50,40,90,107,90,0,0,10046
20201223,21,230,50,40,80,103,91,0,0,10045
20201223,22,220,30,40,60,102,90,0,0,10047
20201223,23,240,60,60,120,90,68,0,0,10051
20201223,24,210,40,40,110,87,70,0,0,10050
20201224,1,220,40,50,80,90,66,0,0,10048
20201224,2,230,50,50,100,87,58,0,0,10047
20201224,3,240,50,40,90,84,56,0,0,10046
20201224,4,10,40,40,80,62,51,0,0,10053
20201224,5,20,70,60,120,41,29,0,0,10068
20201224,6,20,60,40,130,38,28,0,0,10079
20201224,7,10,40,30,70,41,30,0,0,10090
20201224,8,350,30,20,60,44,35,0,0,10104
20201224,9,320,20,20,50,47,39,0,7,10113
20201224,10,300,20,30,50,53,41,0,12,10124
20201224,11,320,30,30,50,64,39,0,15,10127
20201224,12,320,30,30,60,67,31,0,29,10129
20201224,13,320,30,30,70,65,30,0,33,10131
20201224,14,330,40,50,90,60,22,7,47,10137
20201224,15,340,40,50,90,54,24,0,8,10147
20201224,16,330,40,30,110,48,30,0,1,10153
20201224,17,320,30,30,60,47,27,0,0,10157
20201224,18,340,30,40,80,51,19,0,0,10163
20201224,19,340,40,40,90,51,20,0,0,10170
20201224,20,330,40,30,70,47,22,0,0,10176
20201224,21,320,40,30,90,44,25,0,0,10184
20201224,22,340,30,30,60,43,20,0,0,10191
20201224,23,340,30,20,70,39,12,0,0,10199
20201224,24,320,20,20,50,32,11,0,0,10206
20201225,1,330,30,30,60,36,15,0,0,10212
20201225,2,340,30,30,60,40,17,0,0,10218
20201225,3,330,20,20,60,28,14,0,0,10225
20201225,4,310,20,20,40,22,13,0,0,10225
20201225,5,330,20,30,50,28,11,0,0,10228
20201225,6,330,30,20,50,28,7,0,0,10236
20201225,7,310,20,20,50,27,9,0,0,10240
20201225,8,300,20,20,40,13,5,0,0,10244
20201225,9,320,20,20,40,31,9,5,15,10247
20201225,10,300,20,20,40,47,13,10,46,10251
20201225,11,320,20,20,40,56,16,10,62,10252
20201225,12,340,30,30,60,63,13,10,81,10250
20201225,13,320,30,30,70,60,16,10,61,10249
20201225,14,310,30,20,70,54,21,7,46,10247
20201225,15,320,30,20,60,50,17,8,26,10251
20201225,16,310,30,20,90,40,17,0,2,10255
20201225,17,300,10,20,40,38,18,0,0,10257
20201225,18,270,20,10,30,25,11,0,0,10257
20201225,19,280,20,20,30,23,12,0,0,10259
20201225,20,0,10,0,30,0,-6,0,0,10256
20201225,21,220,10,20,20,-8,-11,0,0,10253
20201225,22,230,30,20,40,15,6,0,0,10254
20201225,23,240,30,20,40,21,9,0,0,10252
20201225,24,240,20,20,40,25,9,0,0,10249
20201226,1,240,20,30,60,35,13,0,0,10248
20201226,2,220,30,20,60,30,21,0,0,10245
20201226,3,210,20,30,40,32,20,0,0,10237
20201226,4,210,30,30,50,29,15,0,0,10231
20201226,5,220,40,40,70,34,13,0,0,10224
20201226,6,220,40,40,70,38,14,0,0,10220
20201226,7,220,40,50,80,36,15,0,0,10220
20201226,8,210,40,40,70,35,20,0,1,10217
20201226,9,200,50,60,90,36,21,3,11,10211
20201226,10,200,50,50,90,41,20,0,14,10206
20201226,11,200,60,60,100,44,19,0,24,10200
20201226,12,200,60,50,90,47,23,0,26,10185
20201226,13,210,60,80,110,50,25,0,30,10172
20201226,14,200,70,70,110,49,36,0,11,10161
20201226,15,200,60,60,110,52,41,0,3,10152
20201226,16,200,60,70,120,54,46,0,0,10137
20201226,17,200,70,80,120,57,47,0,0,10122
20201226,18,210,80,80,150,57,46,0,0,10111
20201226,19,200,80,90,150,55,45,0,0,10097
20201226,20,200,70,70,130,52,43,0,0,10086
20201226,21,190,70,70,130,53,43,0,0,10069
20201226,22,190,80,70,150,57,43,0,0,10049
20201226,23,200,90,90,150,58,39,0,0,10034
20201226,24,200,80,80,150,56,36,0,0,10011
20201227,1,190,90,90,190,51,36,0,0,9988
20201227,2,180,100,110,180,48,33,0,0,9965
20201227,3,180,110,110,180,49,31,0,0,9942
20201227,4,190,110,100,190,48,33,0,0,9922
20201227,5,180,100,100,180,51,35,0,0,9901
20201227,6,180,110,120,200,54,34,0,0,9873
20201227,7,180,120,120,210,55,35,0,0,9852
20201227,8,190,120,110,200,54,36,0,0,9835
20201227,9,180,120,110,210,53,33,0,1,9817
20201227,10,180,110,110,200,52,34,0,4,9802
20201227,11,180,110,120,190,56,36,0,6,9784
20201227,12,190,120,100,210,57,37,0,7,9772
20201227,13,190,90,80,170,56,38,0,11,9763
20201227,14,190,80,70,170,53,40,0,11,9758
20201227,15,180,70,60,120,52,38,0,6,9752
20201227,16,180,70,70,120,50,38,0,0,9748
20201227,17,190,70,60,110,49,35,0,0,9745
20201227,18,190,50,50,100,48,37,0,0,9742
20201227,19,190,50,40,100,47,36,0,0,9744
20201227,20,180,40,40,70,46,36,0,0,9745
20201227,21,200,40,30,60,44,35,0,0,9748
20201227,22,180,30,20,60,47,38,0,0,9751
20201227,23,150,20,20,50,43,37,0,0,9755
20201227,24,200,20,20,40,32,29,0,0,9754
20201228,1,170,20,20,50,22,19,0,0,9753
20201228,2,150,20,30,40,16,13,0,0,9758
20201228,3,190,30,30,60,35,30,0,0,9759
20201228,4,200,40,40,80,33,28,0,0,9762
20201228,5,180,30,30,60,32,23,0,0,9762
20201228,6,170,30,40,70,38,28,0,0,9760
20201228,7,160,40,40,70,38,26,0,0,9766
20201228,8,150,30,30,70,39,27,0,0,9769
20201228,9,140,30,30,60,38,25,2,8,9769
20201228,10,150,30,30,50,46,26,8,39,9772
20201228,11,150,40,40,80,50,23,10,68,9772
20201228,12,150,30,30,70,50,20,5,62,9771
20201228,13,130,30,30,70,45,20,0,32,9773
20201228,14,130,30,30,50,42,19,0,25,9773
20201228,15,100,30,30,60,44,21,2,13,9776
20201228,16,60,20,20,40,41,20,0,2,9776
20201228,17,70,20,20,30,39,20,0,0,9776
20201228,18,80,20,30,40,37,21,0,0,9777
20201228,19,90,30,20,50,34,24,0,0,9781
20201228,20,90,20,20,30,33,26,0,0,9786
20201228,21,70,20,10,30,33,29,0,0,9788
20201228,22,30,10,20,30,31,24,0,0,9789
20201228,23,0,10,0,20,28,22,0,0,9793
20201228,24,10,10,10,20,30,25,0,0,9796
20201229,1,40,10,10,20,29,20,0,0,9799
20201229,2,40,10,10,20,30,23,0,0,9803
20201229,3,0,10,0,20,29,26,0,0,9806
20201229,4,350,10,10,10,31,29,0,0,9812
20201229,5,350,10,10,10,31,29,0,0,9819
20201229,6,280,10,20,30,27,19,0,0,9825
20201229,7,280,20,10,30,25,20,0,0,9833
20201229,8,230,20,20,30,27,22,0,0,9843
20201229,9,240,20,20,50,32,26,0,3,9853
20201229,10,250,20,10,40,36,29,0,20,9863
20201229,11,220,20,20,40,41,26,0,28,9870
20201229,12,220,20,30,50,47,35,0,30,9874
20201229,13,220,30,20,50,54,37,0,35,9880
20201229,14,220,30,30,60,55,37,7,35,9888
20201229,15,230,40,40,70,49,34,0,8,9896
20201229,16,240,40,50,80,44,32,0,1,9904
20201229,17,230,40,40,80,39,28,0,0,9913
20201229,18,220,40,40,80,43,32,0,0,9918
20201229,19,230,40,30,80,42,33,0,0,9927
20201229,20,220,30,30,60,41,30,0,0,9935
20201229,21,240,30,30,60,42,30,0,0,9941
20201229,22,230,40,40,70,38,22,0,0,9944
20201229,23,230,40,40,60,32,16,0,0,9948
20201229,24,220,40,40,70,28,16,0,0,9953
20201230,1,220,30,30,60,25,14,0,0,9955
20201230,2,220,30,30,60,29,17,0,0,9960
20201230,3,200,30,30,50,28,18,0,0,9962
20201230,4,220,30,30,50,28,21,0,0,9964
20201230,5,230,30,30,60,33,24,0,0,9968
20201230,6,210,30,30,50,34,25,0,0,9971
20201230,7,220,30,30,50,37,27,0,0,9977
20201230,8,220,30,30,50,37,30,0,0,9984
20201230,9,230,30,30,50,41,28,5,11,9991
20201230,10,230,30,30,60,45,32,5,29,9996
20201230,11,230,30,30,60,60,37,10,59,9998
20201230,12,250,30,40,70,57,32,7,57,10000
20201230,13,230,30,30,60,63,41,5,40,10002
20201230,14,280,30,20,90,51,38,0,16,10007
20201230,15,230,20,30,50,55,36,0,10,10012
20201230,16,230,30,50,80,53,27,0,1,10019
20201230,17,230,30,30,60,51,25,0,0,10021
20201230,18,240,30,30,70,47,26,0,0,10021
20201230,19,210,40,40,80,45,24,0,0,10024
20201230,20,210,40,30,70,38,22,0,0,10025
20201230,21,210,30,40,60,39,22,0,0,10025
20201230,22,200,30,30,60,36,18,0,0,10027
20201230,23,200,40,40,60,35,18,0,0,10026
20201230,24,210,30,20,70,32,23,0,0,10026
20201231,1,200,20,30,50,32,24,0,0,10023
20201231,2,200,30,20,60,23,17,0,0,10023
20201231,3,150,10,20,20,23,16,0,0,10021
20201231,4,190,20,10,30,32,26,0,0,10017
20201231,5,180,20,20,40,29,26,0,0,10012
20201231,6,180,20,10,30,29,23,0,0,10014
20201231,7,180,20,20,30,31,24,0,0,10016
20201231,8,170,10,10,30,29,25,0,0,10020
20201231,9,140,10,20,20,31,26,0,2,10021
20201231,10,130,10,20,30,32,25,0,5,10024
20201231,11,190,10,10,30,33,24,0,8,10023
20201231,12,180,10,10,20,38,26,0,30,10021
20201231,13,230,10,10,20,40,22,0,22,10020
20201231,14,120,10,10,20,37,22,0,13,10025
20201231,15,0,10,0,20,36,25,3,13,10029
20201231,16,0,0,0,10,30,24,0,2,10033
20201231,17,0,0,0,10,10,7,0,0,10036
20201231,18,150,0,10,10,10,7,0,0,10039
20201231,19,0,10,0,20,8,6,0,0,10045
20201231,20,220,10,10,20,14,10,0,0,10047
20201231,21,290,10,10,20,6,4,0,0,10051
20201231,22,200,10,10,20,-10,-13,0,0,10055
20201231,23,240,10,10,10,-17,-19,0,0,10057
20201231,24,230,10,10,10,-21,-21,0,0,10058
20210101,1,230,10,10,20,-25,-26,0,0,10059
20210101,2,230,10,10,20,-32,-34,0,0,10061
20210101,3,230,20,20,30,-27,-29,0,0,10064
20210101,4,220,20,20,30,-11,-14,0,0,10064
20210101,5,230,20,20,40,11,5,0,0,10064
20210101,6,230,30,30,40,19,9,0,0,10066
20210101,7,230,20,30,40,22,8,0,0,10070
20210101,8,230,30,30,40,27,11,0,0,10073
20210101,9,230,20,30,50,31,17,0,6,10078
20210101,10,220,20,20,50,35,20,0,19,10082
20210101,11,230,20,10,40,46,30,2,41,10083
20210101,12,210,20,10,30,50,31,7,67,10082
20210101,13,200,10,10,30,54,36,0,31,10080
20210101,14,220,20,30,50,56,35,0,20,10081
20210101,15,230,30,30,60,54,32,0,9,10084
20210101,16,230,20,20,50,51,36,0,1,10088
20210101,17,240,20,20,40,49,34,0,0,10091
20210101,18,240,20,30,50,46,32,0,0,10094
20210101,19,230,20,20,50,45,34,0,0,10099
20210101,20,220,20,20,30,46,35,0,0,10103
20210101,21,220,20,20,30,38,30,0,0,10106
20210101,22,210,20,20,30,41,33,0,0,10109
20210101,23,210,30,30,50,42,34,0,0,10111
20210101,24,230,30,30,50,45,35,0,0,10113
20210102,1,220,30,20,50,41,33,0,0,10115
20210102,2,220,20,20,50,40,33,0,0,10118
20210102,3,200,20,20,30,37,27,0,0,10119
20210102,4,220,20,20,40,36,28,0,0,10119
20210102,5,200,20,20,40,34,27,0,0,10120
20210102,6,220,20,20,30,33,26,0,0,10123
20210102,7,210,20,20,30,32,30,0,0,10125
20210102,8,180,20,20,40,32,31,0,0,10131
20210102,9,220,20,20,40,33,30,0,4,10134
20210102,10,200,30,20,40,34,31,0,12,10137
20210102,11,210,20,20,30,37,32,0,28,10137
20210102,12,200,30,20,50,37,34,0,17,10135
20210102,13,220,20,20,40,37,33,0,18,10132
20210102,14,220,10,10,30,39,35,0,19,10132
20210102,15,220,10,10,20,39,37,0,8,10136
20210102,16,150,10,20,30,39,32,0,1,10137
20210102,17,130,20,20,30,37,34,0,0,10139
20210102,18,160,20,20,30,35,33,0,0,10142
20210102,19,110,10,10,20,37,34,0,0,10145
20210102,20,110,10,10,20,38,33,0,0,10147
20210102,21,0,10,0,20,38,34,0,0,10147
20210102,22,50,10,10,20,36,33,0,0,10149
20210102,23,50,10,20,30,36,29,0,0,10151
20210102,24,60,10,20,30,36,27,0,0,10153
20210103,1,70,20,30,50,32,24,0,0,10153
20210103,2,60,20,20,40,29,26,0,0,10154
20210103,3,50,20,20,40,31,26,0,0,10154
20210103,4,60,20,30,40,31,26,0,0,10152
20210103,5,60,30,30,50,31,24,0,0,10154
20210103,6,50,30,30,50,29,20,0,0,10156
20210103,7,40,30,20,40,29,23,0,0,10161
20210103,8,30,20,20,40,30,23,0,0,10165
20210103,9,30,30,30,50,31,23,0,3,10170
20210103,10,50,30,40,60,35,19,0,15,10175
20210103,11,50,40,30,70,35,-1,0,12,10173
20210103,12,40,30,40,70,35,3,0,12,10170
20210103,13,40,40,40,60,39,5,0,20,10169
20210103,14,40,40,50,80,39,10,0,18,10170
20210103,15,40,50,50,90,38,4,0,4,10171
20210103,16,60,50,50,90,36,-5,0,0,10174
20210103,17,40,40,40,100,35,-7,0,0,10174
20210103,18,30,40,40,80,35,-2,0,0,10175
20210103,19,20,50,50,80,35,0,0,0,10176
20210103,20,20,50,50,80,33,4,0,0,10176
20210103,21,30,40,40,80,32,7,0,0,10176
20210103,22,30,50,50,90,30,12,0,0,10175
20210103,23,30,40,50,90,30,15,0,0,10173
20210103,24,40,40,50,90,32,17,0,0,10172
20210104,1,40,50,50,90,31,18,0,0,10169
20210104,2,40,50,40,90,29,19,0,0,10170
20210104,3,50,50,40,90,29,20,0,0,10170
20210104,4,50,50,50,90,29,19,0,0,10168
20210104,5,50,50,50,90,30,17,0,0,10170
20210104,6,50,50,40,80,30,18,0,0,10173
20210104,7,50,50,50,100,31,17,0,0,10176
20210104,8,50,50,50,90,31,18,0,0,10180
20210104,9,50,50,60,90,34,19,0,5,10185
20210104,10,40,60,50,100,35,15,0,13,10187
20210104,11,30,60,50,100,32,14,0,11,10187
20210104,12,40,60,60,110,31,9,0,10,10184
20210104,13,40,60,60,110,29,5,0,6,10179
20210104,14,40,60,70,130,29,1,0,5,10179
20210104,15,30,50,50,100,27,-1,0,4,10181
20210104,16,30,60,60,110,26,-3,0,1,10180
20210104,17,40,50,50,100,25,-2,0,0,10181
20210104,18,40,50,50,80,24,0,0,0,10182
20210104,19,40,50,50,90,25,-1,0,0,10182
20210104,20,40,50,50,90,25,1,0,0,10182
20210104,21,40,50,60,100,26,0,0,0,10180
20210104,22,40,60,60,100,24,1,0,0,10178
20210104,23,40,50,40,80,23,3,0,0,10178
20210104,24,40,50,50,90,23,3,0,0,10174
20210105,1,40,50,50,80,23,3,0,0,10176
20210105,2,40,50,40,90,21,4,0,0,10177
20210105,3,50,50,40,80,22,4,0,0,10175
20210105,4,40,40,40,70,23,4,0,0,10173
20210105,5,40,40,40,70,23,5,0,0,10172
20210105,6,60,40,50,90,22,7,0,0,10176
20210105,7,50,40,30,80,23,9,0,0,10179
20210105,8,40,40,40,60,24,12,0,0,10182
20210105,9,50,30,40,70,27,11,0,2,10183
20210105,10,40,40,30,70,29,14,0,5,10185
20210105,11,50,40,40,70,34,15,0,16,10183
20210105,12,30,40,40,80,31,17,0,10,10179
20210105,13,40,40,40,70,31,17,0,8,10174
20210105,14,40,40,40,70,29,17,0,5,10176
20210105,15,40,40,40,70,31,16,0,4,10178
20210105,16,50,40,40,80,32,15,0,0,10178
20210105,17,60,40,50,80,33,14,0,0,10179
20210105,18,50,40,50,80,33,16,0,0,10182
20210105,19,60,40,40,70,35,19,0,0,10183
20210105,20,50,40,40,70,36,19,0,0,10185
20210105,21,40,40,40,70,35,20,0,0,10185
20210105,22,40,30,30,60,35,21,0,0,10185
20210105,23,50,40,40,80,34,20,0,0,10184
20210105,24,40,50,50,80,32,19,0,0,10183
20210106,1,40,40,40,70,30,18,0,0,10180
20210106,2,30,40,40,80,29,14,0,0,10180
20210106,3,40,50,50,90,24,8,0,0,10179
20210106,4,30,50,40,90,23,5,0,0,10177
20210106,5,40,40,40,80,22,5,0,0,10176
20210106,6,40,40,30,80,20,1,0,0,10175
20210106,7,50,40,50,70,20,0,0,0,10178
20210106,8,30,30,30,60,20,-2,0,0,10180
20210106,9,20,30,30,60,22,2,0,5,10181
20210106,10,20,30,30,50,25,4,0,15,10180
20210106,11,30,20,20,50,26,3,0,19,10176
20210106,12,360,20,30,50,30,1,0,30,10170
20210106,13,350,20,20,40,31,0,0,18,10163
20210106,14,330,20,20,50,31,5,0,15,10163
20210106,15,320,20,20,40,29,8,0,8,10160
20210106,16,330,20,20,40,27,2,0,1,10161
20210106,17,280,10,10,30,23,1,0,0,10158
20210106,18,300,10,10,30,23,2,0,0,10157
20210106,19,290,10,10,20,23,0,0,0,10156
20210106,20,280,10,20,30,21,2,0,0,10155
20210106,21,280,20,20,30,22,2,0,0,10151
20210106,22,310,20,20,40,22,-1,0,0,10150
20210106,23,300,20,20,50,15,3,0,0,10148
20210106,24,270,10,10,30,13,5,0,0,10144
20210107,1,270,10,20,30,15,5,0,0,10141
20210107,2,270,20,20,40,13,5,0,0,10139
20210107,3,270,20,20,30,14,7,0,0,10136
20210107,4,260,20,10,30,14,8,0,0,10132
20210107,5,260,20,20,30,16,8,0,0,10129
20210107,6,260,20,10,30,18,12,0,0,10126
20210107,7,280,20,20,40,20,14,0,0,10126
20210107,8,270,20,20,40,19,13,0,0,10128
20210107,9,270,20,20,40,24,19,0,11,10130
20210107,10,310,20,30,50,27,18,0,14,10130
20210107,11,320,30,20,60,31,22,0,23,10127
20210107,12,260,20,20,50,37,26,0,39,10121
20210107,13,300,30,40,70,40,20,0,21,10116
20210107,14,290,30,20,100,28,19,0,9,10116
20210107,15,300,30,30,60,37,24,0,5,10115
20210107,16,310,40,40,80,35,20,0,1,10117
20210107,17,300,30,20,80,33,23,0,0,10117
20210107,18,270,20,20,50,32,23,0,0,10115
20210107,19,320,30,30,60,34,24,0,0,10118
20210107,20,320,20,10,50,29,25,0,0,10117
20210107,21,310,20,20,80,26,21,0,0,10118
20210107,22,310,20,10,40,26,20,0,0,10118
20210107,23,300,20,10,40,26,21,0,0,10118
20210107,24,310,10,10,30,26,21,0,0,10119
20210108,1,270,10,10,20,25,20,0,0,10119
20210108,2,290,10,10,20,25,21,0,0,10122
20210108,3,300,10,20,30,27,21,0,0,10124
20210108,4,290,10,10,20,26,22,0,0,10125
20210108,5,290,10,10,30,24,20,0,0,10126
20210108,6,310,10,10,20,13,9,0,0,10130
20210108,7,320,10,10,20,11,8,0,0,10135
20210108,8,320,10,10,20,13,10,0,0,10142
20210108,9,340,10,10,20,20,17,0,9,10150
20210108,10,360,10,20,30,29,23,8,39,10156
20210108,11,20,20,30,50,33,19,3,48,10159
20210108,12,30,30,20,50,35,15,0,41,10161
20210108,13,20,20,10,40,39,16,0,38,10163
20210108,14,60,20,20,30,43,15,8,67,10165
20210108,15,50,20,20,40,31,7,8,23,10172
20210108,16,20,10,10,20,10,1,0,5,10179
20210108,17,310,10,20,20,-2,-6,0,0,10184
20210108,18,290,10,10,20,-12,-15,0,0,10191
20210108,19,330,10,10,10,-20,-23,0,0,10198
20210108,20,0,10,0,20,-14,-18,0,0,10202
20210108,21,280,10,20,20,-18,-21,0,0,10208
20210108,22,290,10,10,20,-20,-22,0,0,10210
20210108,23,280,10,10,20,-25,-28,0,0,10211
20210108,24,290,10,10,20,-28,-30,0,0,10213
20210109,1,270,10,20,20,-30,-32,0,0,10215
20210109,2,300,10,10,20,-34,-38,0,0,10221
20210109,3,300,10,10,20,-27,-31,0,0,10222
20210109,4,290,10,10,20,-33,-39,0,0,10224
20210109,5,290,10,10,20,-39,-43,0,0,10226
20210109,6,320,10,10,20,-42,-45,0,0,10230
20210109,7,290,10,20,30,-44,-48,0,0,10232
20210109,8,290,10,10,20,-42,-46,0,1,10237
20210109,9,330,10,10,30,-15,-20,7,23,10244
20210109,10,290,10,10,20,3,-1,3,33,10246
20210109,11,280,10,10,20,37,20,7,60,10244
20210109,12,310,20,30,50,55,15,10,86,10241
20210109,13,300,20,20,60,57,19,7,71,10237
20210109,14,300,20,20,50,61,18,10,65,10237
20210109,15,310,20,30,80,53,17,10,41,10242
20210109,16,270,20,10,60,31,21,0,2,10244
20210109,17,280,10,10,30,11,9,0,0,10246
20210109,18,270,10,10,20,-8,-13,0,0,10248
20210109,19,280,10,10,20,-17,-17,0,0,10249
20210109,20,270,10,10,20,-23,-23,0,0,10251
20210109,21,250,10,10,20,-27,-28,0,0,10253
20210109,22,240,10,10,20,-31,-32,0,0,10253
20210109,23,240,10,10,20,-25,-28,0,0,10252
20210109,24,0,10,0,20,-24,-27,0,0,10251
20210110,1,230,10,10,10,-28,-31,0,0,10250
20210110,2,990,10,10,20,-19,-22,0,0,10250
20210110,3,230,20,20,30,-28,-31,0,0,10248
20210110,4,180,10,10,20,-26,-30,0,0,10244
20210110,5,200,10,10,20,-30,-34,0,0,10242
20210110,6,190,10,10,10,-33,-38,0,0,10239
20210110,7,200,10,10,20,-26,-30,0,0,10241
20210110,8,190,10,10,20,-15,-17,0,0,10242
20210110,9,200,10,20,30,-2,-6,0,9,10244
20210110,10,230,20,20,30,20,14,3,34,10245
20210110,11,230,20,20,50,47,16,10,82,10240
20210110,12,230,30,20,50,50,15,5,72,10237
20210110,13,230,30,40,60,51,12,3,56,10232
20210110,14,230,30,40,60,46,12,3,37,10232
20210110,15,230,30,30,50,45,11,0,12,10232
20210110,16,250,30,20,60,42,13,0,2,10233
20210110,17,230,30,30,60,39,13,0,0,10233
20210110,18,230,30,30,60,39,16,0,0,10229
20210110,19,230,30,40,60,39,17,0,0,10231
20210110,20,210,40,40,70,37,19,0,0,10225
20210110,21,220,40,40,70,36,19,0,0,10224
20210110,22,220,40,40,70,37,21,0,0,10222
20210110,23,210,40,40,70,35,21,0,0,10216
20210110,24,220,40,40,70,38,23,0,0,10212
20210111,1,220,40,40,70,37,22,0,0,10208
20210111,2,210,40,50,70,36,21,0,0,10206
20210111,3,200,50,50,80,33,21,0,0,10202
20210111,4,200,50,40,80,29,20,0,0,10200
20210111,5,210,40,40,80,34,25,0,0,10193
20210111,6,210,50,50,90,38,27,0,0,10188
20210111,7,200,60,60,110,38,26,0,0,10180
20210111,8,210,50,60,100,38,24,0,0,10179
20210111,9,210,50,50,100,40,24,0,1,10178
20210111,10,220,50,50,90,44,26,0,5,10178
20210111,11,210,60,50,100,47,26,0,6,10170
20210111,12,210,50,60,90,49,27,0,15,10158
20210111,13,220,60,60,110,50,27,0,14,10150
20210111,14,220,60,60,120,52,29,0,11,10143
20210111,15,220,60,60,110,55,32,0,9,10138
20210111,16,230,60,50,120,58,34,0,1,10132
20210111,17,230,60,60,110,62,30,0,0,10124
20210111,18,220,60,60,130,61,35,0,0,10119
20210111,19,230,60,50,110,61,40,0,0,10115
20210111,20,230,50,50,110,59,50,0,0,10107
20210111,21,230,60,60,120,65,54,0,0,10101
20210111,22,230,60,60,110,67,53,0,0,10090
20210111,23,230,60,60,130,68,57,0,0,10085
20210111,24,230,60,60,110,70,61,0,0,10076
20210112,1,230,70,70,120,69,63,0,0,10063
20210112,2,240,60,60,130,71,65,0,0,10055
20210112,3,250,50,50,100,77,72,0,0,10050
20210112,4,250,40,40,90,79,73,0,0,10040
20210112,5,260,50,50,100,82,75,0,0,10033
20210112,6,280,50,40,90,78,69,0,0,10033
20210112,7,290,30,30,90,74,60,0,0,10038
20210112,8,330,30,40,80,66,58,0,0,10049
20210112,9,330,40,30,80,60,48,2,11,10063
20210112,10,320,30,40,80,60,39,0,23,10074
20210112,11,320,40,40,100,63,34,5,58,10086
20210112,12,320,50,40,100,60,2,7,76,10089
20210112,13,300,50,50,100,68,-10,10,89,10092
20210112,14,300,40,40,100,67,2,8,62,10097
20210112,15,290,40,30,130,44,20,7,25,10107
20210112,16,300,30,30,120,39,20,2,14,10118
20210112,17,320,20,20,70,33,15,0,0,10125
20210112,18,310,20,20,30,24,12,0,0,10136
20210112,19,280,20,20,40,12,-1,0,0,10143
20210112,20,270,20,20,40,20,-2,0,0,10150
20210112,21,270,20,20,40,28,-4,0,0,10154
20210112,22,300,30,30,80,34,2,0,0,10160
20210112,23,260,20,20,60,25,0,0,0,10164
20210112,24,240,30,30,50,23,0,0,0,10165
20210113,1,260,30,20,90,24,12,0,0,10163
20210113,2,260,30,40,60,29,3,0,0,10163
20210113,3,270,30,30,60,31,14,0,0,10167
20210113,4,270,30,30,80,35,16,0,0,10166
20210113,5,270,40,30,70,38,6,0,0,10162
20210113,6,270,30,40,70,39,3,0,0,10161
20210113,7,270,30,30,70,38,-1,0,0,10159
20210113,8,250,30,40,70,37,0,0,1,10159
20210113,9,260,30,40,80,46,3,8,24,10158
20210113,10,260,40,40,80,50,6,8,44,10158
20210113,11,280,40,40,80,54,7,8,67,10157
20210113,12,290,50,50,100,60,3,3,65,10153
20210113,13,270,50,50,100,55,-4,5,55,10146
20210113,14,270,50,50,90,53,1,7,56,10143
20210113,15,270,40,40,90,50,4,3,17,10143
20210113,16,270,40,40,80,49,10,0,3,10142
20210113,17,270,30,30,70,46,16,0,0,10139
20210113,18,280,30,30,70,44,23,0,0,10139
20210113,19,280,20,20,50,45,24,0,0,10144
20210113,20,280,20,30,50,49,20,0,0,10146
20210113,21,330,30,40,90,46,30,0,0,10153
20210113,22,340,20,20,60,42,28,0,0,10161
20210113,23,360,20,20,60,40,7,0,0,10171
20210113,24,360,20,20,50,36,-9,0,0,10175
20210114,1,10,10,20,30,33,-14,0,0,10176
20210114,2,360,20,20,30,28,-13,0,0,10181
20210114,3,310,10,10,20,15,-5,0,0,10184
20210114,4,320,10,10,20,5,-6,0,0,10186
20210114,5,20,10,10,20,2,-5,0,0,10187
20210114,6,40,20,10,20,7,-7,0,0,10191
20210114,7,70,10,10,20,4,-7,0,0,10195
20210114,8,70,20,20,30,10,-9,0,0,10199
20210114,9,80,20,30,40,15,-9,0,10,10204
20210114,10,90,30,40,60,19,-13,0,24,10206
20210114,11,110,40,40,70,21,-14,0,45,10203
20210114,12,100,40,50,80,23,-17,0,51,10199
20210114,13,100,50,50,80,22,-19,0,47,10195
20210114,14,90,50,50,70,21,-19,3,42,10192
20210114,15,80,50,60,90,19,-26,10,29,10193
20210114,16,90,50,50,80,17,-24,2,6,10196
20210114,17,70,50,50,80,13,-23,0,0,10199
20210114,18,70,50,50,80,11,-20,0,0,10204
20210114,19,70,40,40,80,8,-22,0,0,10211
20210114,20,60,40,40,70,0,-23,0,0,10215
20210114,21,50,40,40,60,-1,-24,0,0,10221
20210114,22,40,40,30,60,-4,-21,0,0,10228
20210114,23,40,40,40,60,-5,-23,0,0,10234
20210114,24,40,40,40,70,-6,-31,0,0,10238
20210115,1,40,40,30,60,-4,-37,0,0,10243
20210115,2,10,20,20,50,0,-33,0,0,10250
20210115,3,360,30,20,40,5,-34,0,0,10254
20210115,4,360,20,20,40,8,-35,0,0,10258
20210115,5,10,20,20,40,9,-32,0,0,10262
20210115,6,10,20,20,50,12,-32,0,0,10268
20210115,7,30,20,20,50,15,-36,0,0,10274
20210115,8,330,20,10,40,10,-31,0,0,10279
20210115,9,330,10,20,30,14,-30,0,5,10287
20210115,10,320,20,10,30,14,-22,0,9,10294
20210115,11,290,10,10,20,15,-18,0,11,10298
20210115,12,320,10,10,30,21,-18,0,18,10297
20210115,13,10,20,10,30,22,-18,0,16,10296
20210115,14,290,10,10,20,22,-17,0,12,10296
20210115,15,0,10,0,20,23,-14,0,9,10297
20210115,16,0,10,0,20,15,-10,0,2,10299
20210115,17,40,0,10,10,8,-9,0,0,10300
20210115,18,190,10,10,20,9,-11,0,0,10300
20210115,19,140,10,10,20,8,-8,0,0,10303
20210115,20,190,10,10,20,7,-10,0,0,10305
20210115,21,200,10,20,20,14,-15,0,0,10305
20210115,22,200,20,20,40,15,-16,0,0,10305
20210115,23,200,20,20,30,14,-15,0,0,10300
20210115,24,200,20,10,30,12,-13,0,0,10297
20210116,1,200,20,20,30,14,-12,0,0,10295
20210116,2,200,20,20,30,15,-13,0,0,10290
20210116,3,210,20,20,40,14,-11,0,0,10287
20210116,4,190,20,20,40,17,-12,0,0,10280
20210116,5,190,20,30,50,17,-17,0,0,10274
20210116,6,190,20,20,50,15,-17,0,0,10268
20210116,7,210,30,30,50,18,-28,0,0,10264
20210116,8,230,30,40,80,18,-34,0,1,10260
20210116,9,210,30,30,60,18,-32,0,9,10255
20210116,10,200,40,40,70,19,-30,0,21,10253
20210116,11,200,40,50,70,19,-30,0,26,10245
20210116,12,190,40,40,70,19,-30,0,26,10232
20210116,13,190,50,50,90,19,-39,0,20,10218
20210116,14,190,60,60,100,16,-44,0,12,10205
20210116,15,180,60,60,130,-5,-20,0,6,10199
20210116,16,160,50,50,110,-8,-12,0,2,10189
20210116,17,160,50,50,80,-9,-11,0,0,10180
20210116,18,160,40,40,80,-9,-11,0,0,10174
20210116,19,160,40,40,70,-8,-10,0,0,10172
20210116,20,170,40,40,70,-5,-8,0,0,10168
20210116,21,180,30,40,60,-3,-9,0,0,10165
20210116,22,170,30,30,60,-2,-9,0,0,10161
20210116,23,180,30,30,60,-2,-8,0,0,10157
20210116,24,180,30,30,50,-1,-8,0,0,10151
20210117,1,180,30,30,50,0,-4,0,0,10149
20210117,2,170,30,30,50,2,-1,0,0,10145
20210117,3,180,30,20,50,4,1,0,0,10145
20210117,4,170,20,20,40,5,3,0,0,10144
20210117,5,170,20,10,40,6,3,0,0,10145
20210117,6,170,10,10,20,5,3,0,0,10147
20210117,7,210,10,10,20,6,3,0,0,10152
20210117,8,250,10,10,20,6,3,0,1,10158
20210117,9,280,20,20,30,33,32,0,8,10168
20210117,10,270,20,20,40,47,38,0,27,10177
20210117,11,290,20,20,50,55,43,3,54,10182
20210117,12,300,20,30,60,69,47,5,70,10185
20210117,13,310,30,40,70,78,44,8,92,10186
20210117,14,300,30,40,70,74,43,2,37,10192
20210117,15,340,40,50,100,59,38,3,24,10203
20210117,16,300,30,20,60,54,43,0,3,10208
20210117,17,270,10,10,40,46,40,0,0,10214
20210117,18,260,20,10,40,43,37,0,0,10221
20210117,19,270,20,20,40,43,33,0,0,10225
20210117,20,260,20,20,50,49,39,0,0,10226
20210117,21,260,20,20,40,44,34,0,0,10229
20210117,22,250,20,20,40,34,27,0,0,10228
20210117,23,230,20,20,30,28,23,0,0,10232
20210117,24,230,20,30,40,24,18,0,0,10230
20210118,1,230,30,30,50,30,19,0,0,10226
20210118,2,230,20,20,40,25,15,0,0,10225
20210118,3,230,30,30,50,30,19,0,0,10225
20210118,4,230,20,20,50,31,23,0,0,10221
20210118,5,230,30,40,60,36,29,0,0,10219
20210118,6,220,30,30,60,39,31,0,0,10216
20210118,7,220,40,40,70,39,30,0,0,10212
20210118,8,240,40,40,70,44,32,0,1,10216
20210118,9,220,40,40,80,46,36,0,6,10214
20210118,10,220,40,50,80,51,39,0,25,10209
20210118,11,230,50,50,90,55,38,0,35,10207
20210118,12,230,50,40,90,57,40,0,27,10204
20210118,13,230,50,50,90,63,42,0,27,10197
20210118,14,230,40,40,80,63,42,0,17,10192
20210118,15,230,40,40,80,62,35,2,17,10188
20210118,16,230,50,40,100,57,36,0,2,10187
20210118,17,240,40,50,100,58,39,0,0,10188
20210118,18,230,40,30,80,54,38,0,0,10186
20210118,19,220,40,40,80,53,40,0,0,10181
20210118,20,220,50,50,90,52,38,0,0,10177
20210118,21,220,50,60,90,53,37,0,0,10172
20210118,22,220,50,50,90,50,37,0,0,10165
20210118,23,210,50,50,80,55,42,0,0,10157
20210118,24,210,60,60,100,59,39,0,0,10148
20210119,1,200,70,60,110,57,29,0,0,10135
20210119,2,200,60,50,110,54,31,0,0,10120
20210119,3,190,60,60,110,48,32,0,0,10105
20210119,4,200,60,60,130,46,35,0,0,10090
20210119,5,200,60,60,120,48,42,0,0,10075
20210119,6,190,70,70,120,54,45,0,0,10058
20210119,7,210,70,80,130,61,52,0,0,10043
20210119,8,220,80,80,160,68,58,0,0,10034
20210119,9,230,90,80,160,74,66,0,2,10031
20210119,10,230,80,80,150,79,73,0,7,10031
20210119,11,240,70,70,130,95,90,0,8,10033
20210119,12,240,70,80,130,99,91,0,10,10034
20210119,13,240,70,70,150,102,86,0,13,10037
20210119,14,240,80,70,170,103,85,0,11,10038
20210119,15,240,80,80,170,100,81,2,15,10040
20210119,16,240,80,90,170,98,73,0,3,10044
20210119,17,230,80,80,160,97,70,0,0,10044
20210119,18,220,70,70,130,93,67,0,0,10044
20210119,19,220,80,70,170,91,62,0,0,10042
20210119,20,210,80,70,150,86,61,0,0,10039
20210119,21,200,80,70,140,79,54,0,0,10031
20210119,22,200,70,70,130,74,50,0,0,10026
20210119,23,200,80,80,140,74,49,0,0,10019
20210119,24,200,60,60,130,73,47,0,0,10013
20210120,1,200,70,70,120,72,42,0,0,10006
20210120,2,190,60,60,120,69,44,0,0,10003
20210120,3,200,60,60,130,70,50,0,0,9994
20210120,4,190,60,60,120,74,49,0,0,9990
20210120,5,200,70,70,130,77,49,0,0,9982
20210120,6,190,60,60,120,80,49,0,0,9978
20210120,7,200,60,70,120,82,48,0,0,9974
20210120,8,190,60,70,120,84,54,0,0,9973
20210120,9,190,60,60,120,82,55,0,9,9972
20210120,10,200,60,70,120,90,46,0,13,9969
20210120,11,190,70,60,120,92,40,0,24,9963
20210120,12,190,70,70,120,95,31,2,42,9957
20210120,13,180,60,60,110,94,34,0,24,9949
20210120,14,170,60,50,110,94,35,0,27,9938
20210120,15,170,60,50,110,97,33,0,17,9933
20210120,16,180,60,60,100,94,27,2,6,9930
20210120,17,180,60,60,110,96,21,0,0,9925
20210120,18,180,60,60,110,97,20,0,0,9920
20210120,19,180,70,70,120,102,24,0,0,9914
20210120,20,190,70,70,130,106,28,0,0,9909
20210120,21,180,80,90,130,104,41,0,0,9901
20210120,22,170,60,60,130,98,49,0,0,9888
20210120,23,170,70,70,110,102,52,0,0,9876
20210120,24,170,70,70,120,108,51,0,0,9857
20210121,1,170,80,80,140,111,52,0,0,9838
20210121,2,180,80,90,150,113,53,0,0,9825
20210121,3,190,100,120,190,114,62,0,0,9816
20210121,4,230,110,100,220,60,43,0,0,9833
20210121,5,230,90,100,190,77,36,0,0,9847
20210121,6,230,90,80,180,68,24,0,0,9866
20210121,7,220,80,80,150,61,14,0,0,9880
20210121,8,210,70,60,130,55,14,0,1,9892
20210121,9,210,60,70,110,61,18,8,26,9896
20210121,10,200,80,80,140,68,31,7,52,9900
20210121,11,210,90,90,160,76,29,7,69,9900
20210121,12,210,100,110,180,80,30,8,66,9899
20210121,13,210,100,100,170,79,29,2,56,9897
20210121,14,210,90,90,170,81,28,2,42,9895
20210121,15,210,90,90,160,79,28,2,23,9897
20210121,16,200,80,80,160,76,27,2,7,9893
20210121,17,190,70,50,120,75,30,0,0,9888
20210121,18,200,50,50,100,76,34,0,0,9883
20210121,19,200,70,50,140,56,35,0,0,9874
20210121,20,140,20,20,70,50,42,0,0,9855
20210121,21,10,20,20,40,47,42,0,0,9834
20210121,22,350,20,30,40,44,40,0,0,9824
20210121,23,310,30,40,80,35,29,0,0,9831
20210121,24,280,20,30,70,35,29,0,0,9837
20210122,1,260,30,30,60,38,28,0,0,9846
20210122,2,240,40,30,70,40,31,0,0,9857
20210122,3,230,40,50,80,39,29,0,0,9864
20210122,4,220,50,50,80,36,24,0,0,9872
20210122,5,220,50,50,70,37,26,0,0,9877
20210122,6,220,50,50,80,37,26,0,0,9884
20210122,7,220,50,40,80,34,23,0,0,9890
20210122,8,230,40,40,80,35,21,0,1,9898
20210122,9,220,40,40,70,34,21,0,10,9906
20210122,10,230,40,40,70,44,27,2,37,9916
20210122,11,230,50,50,90,58,31,10,81,9921
20210122,12,230,50,60,100,62,30,10,81,9926
20210122,13,230,50,50,100,61,29,3,59,9928
20210122,14,230,50,50,90,64,24,0,42,9935
20210122,15,220,40,50,90,58,22,3,27,9942
20210122,16,220,40,40,90,52,23,5,10,9945
20210122,17,220,40,30,70,46,24,0,0,9947
20210122,18,210,30,30,60,37,21,0,0,9952
20210122,19,210,30,30,50,35,20,0,0,9955
20210122,20,220,30,30,50,31,17,0,0,9957
20210122,21,190,30,20,50,25,10,0,0,9960
20210122,22,190,20,20,60,23,7,0,0,9961
20210122,23,190,30,20,70,21,5,0,0,9959
20210122,24,160,20,30,40,12,2,0,0,9956
20210123,1,170,30,30,50,17,2,0,0,9950
20210123,2,160,30,30,50,14,1,0,0,9948
20210123,3,160,30,30,50,21,10,0,0,9946
20210123,4,170,30,40,70,26,13,0,0,9940
20210123,5,170,40,40,70,24,14,0,0,9940
20210123,6,190,40,40,60,33,20,0,0,9938
20210123,7,190,50,40,80,37,21,0,0,9939
20210123,8,190,50,40,90,36,19,0,1,9943
20210123,9,200,40,50,100,38,20,0,7,9945
20210123,10,210,40,40,80,40,21,0,11,9945
20210123,11,230,40,40,70,43,19,0,31,9946
20210123,12,210,40,40,70,47,20,5,49,9945
20210123,13,230,30,20,60,52,18,1,49,9938
20210123,14,190,20,20,40,49,20,0,42,9938
20210123,15,200,20,20,40,45,17,0,24,9936
20210123,16,190,20,20,30,39,16,3,8,9938
20210123,17,150,10,20,20,21,12,0,0,9936
20210123,18,310,10,10,20,15,12,0,0,9936
20210123,19,320,20,20,30,25,17,0,0,9936
20210123,20,330,20,20,40,27,13,0,0,9937
20210123,21,330,20,10,30,26,13,0,0,9937
20210123,22,330,20,10,30,26,13,0,0,9938
20210123,23,320,20,20,40,28,12,0,0,9940
20210123,24,310,10,10,30,27,13,0,0,9939
20210124,1,300,20,20,30,26,3,0,0,9942
20210124,2,290,10,10,40,21,6,0,0,9946
20210124,3,280,10,10,40,24,9,0,0,9952
20210124,4,300,20,10,40,26,10,0,0,9958
20210124,5,280,20,20,40,25,11,0,0,9963
20210124,6,280,20,20,50,19,7,0,0,9968
20210124,7,260,20,20,40,12,2,0,0,9974
20210124,8,250,20,10,40,6,-5,0,1,9982
20210124,9,270,10,20,40,17,5,2,19,9987
20210124,10,250,30,30,60,33,8,10,64,9992
20210124,11,250,30,20,60,52,16,10,102,9994
20210124,12,260,20,30,50,52,12,7,67,9993
20210124,13,250,30,30,70,51,-6,1,57,9992
20210124,14,240,40,30,70,43,-3,0,39,9990
20210124,15,210,30,30,60,37,-6,0,18,9991
20210124,16,200,30,30,50,30,-5,2,8,9991
20210124,17,160,20,20,40,25,-4,0,0,9990
20210124,18,150,20,20,40,17,-6,0,0,9988
20210124,19,150,20,20,30,14,-7,0,0,9985
20210124,20,140,30,20,50,13,-7,0,0,9984
20210124,21,120,20,20,40,10,-9,0,0,9982
20210124,22,90,20,20,40,8,-10,0,0,9981
20210124,23,110,20,30,40,5,-14,0,0,9983
20210124,24,80,30,20,40,3,-14,0,0,9984
20210125,1,70,20,20,40,-1,-16,0,0,9987
20210125,2,40,20,20,30,1,-15,0,0,9991
20210125,3,30,20,20,40,3,-15,0,0,9995
20210125,4,30,20,20,40,-3,-18,0,0,10000
20210125,5,0,20,0,40,-9,-19,0,0,10007
20210125,6,360,20,10,40,-12,-21,0,0,10014
20210125,7,360,10,10,30,-24,-30,0,0,10021
20210125,8,290,10,10,20,-27,-30,2,3,10032
20210125,9,280,10,10,20,0,-7,10,47,10040
20210125,10,280,10,20,30,29,-5,10,72,10048
20210125,11,280,20,20,40,40,-11,10,96,10056
20210125,12,230,20,20,40,53,2,10,111,10059
20210125,13,230,30,30,60,55,-2,10,105,10061
20210125,14,250,30,30,60,48,1,2,40,10065
20210125,15,250,30,30,60,47,-4,3,26,10068
20210125,16,240,30,30,60,40,-2,0,7,10073
20210125,17,240,40,40,70,40,-3,0,0,10077
20210125,18,230,40,40,80,36,11,0,0,10078
20210125,19,240,40,30,80,37,20,0,0,10079
20210125,20,230,40,40,80,30,16,0,0,10081
20210125,21,250,50,50,100,48,17,0,0,10082
20210125,22,270,50,40,160,34,18,0,0,10085
20210125,23,260,50,50,100,36,19,0,0,10088
20210125,24,280,50,40,100,44,25,0,0,10091
20210126,1,280,50,50,120,39,17,0,0,10095
20210126,2,280,50,50,110,41,15,0,0,10103
20210126,3,280,50,50,110,40,13,0,0,10110
20210126,4,280,50,40,100,43,17,0,0,10117
20210126,5,280,40,40,100,44,16,0,0,10123
20210126,6,300,40,40,90,41,20,0,0,10132
20210126,7,300,40,40,90,42,19,0,0,10141
20210126,8,290,30,30,80,42,18,0,2,10151
20210126,9,270,30,30,60,43,24,7,25,10160
20210126,10,280,30,20,70,51,23,0,38,10168
20210126,11,270,20,30,50,57,27,3,56,10172
20210126,12,270,40,40,70,59,21,2,60,10170
20210126,13,250,40,30,70,59,25,5,79,10170
20210126,14,250,40,40,70,63,23,5,48,10173
20210126,15,240,40,30,90,65,11,10,53,10176
20210126,16,240,30,30,70,51,10,3,18,10175
20210126,17,230,30,20,50,41,1,0,0,10175
20210126,18,210,30,30,60,42,11,0,0,10173
20210126,19,210,30,30,60,42,17,0,0,10169
20210126,20,210,40,40,60,41,19,0,0,10167
20210126,21,210,40,40,70,38,16,0,0,10164
20210126,22,200,40,40,70,35,8,0,0,10160
20210126,23,190,30,40,70,31,1,0,0,10156
20210126,24,210,40,40,80,29,-6,0,0,10151
20210127,1,200,60,50,110,26,-3,0,0,10146
20210127,2,180,50,50,90,22,3,0,0,10132
20210127,3,190,50,60,100,23,0,0,0,10122
20210127,4,190,60,60,100,20,2,0,0,10115
20210127,5,190,50,50,100,17,6,0,0,10104
20210127,6,200,40,50,90,18,10,0,0,10100
20210127,7,190,40,50,90,20,13,0,0,10092
20210127,8,210,50,50,90,23,17,0,0,10093
20210127,9,210,50,50,90,27,23,0,3,10094
20210127,10,230,50,40,80,34,30,0,9,10098
20210127,11,240,40,30,80,43,40,0,14,10100
20210127,12,240,30,30,60,53,49,0,21,10098
20210127,13,240,30,30,50,57,50,0,18,10100
20210127,14,240,30,40,60,66,58,0,22,10101
20210127,15,250,30,30,60,67,57,0,13,10102
20210127,16,250,30,20,50,69,56,0,3,10103
20210127,17,240,30,30,50,68,57,0,0,10105
20210127,18,240,20,20,50,68,59,0,0,10105
20210127,19,240,20,30,50,68,61,0,0,10105
20210127,20,240,30,30,60,69,64,0,0,10106
20210127,21,250,30,30,50,69,64,0,0,10107
20210127,22,260,20,20,40,70,62,0,0,10106
20210127,23,230,20,20,40,68,61,0,0,10106
20210127,24,250,20,20,30,67,63,0,0,10102
20210128,1,290,10,10,30,63,60,0,0,10092
20210128,2,200,10,10,20,54,51,0,0,10084
20210128,3,160,10,10,20,56,56,0,0,10073
20210128,4,90,10,10,20,55,53,0,0,10066
20210128,5,100,20,20,30,57,56,0,0,10049
20210128,6,80,30,30,40,56,53,0,0,10035
20210128,7,90,30,30,50,56,54,0,0,10024
20210128,8,90,40,40,60,54,51,0,0,10014
20210128,9,90,40,50,70,52,47,0,3,10006
20210128,10,90,40,40,70,51,47,0,6,10002
20210128,11,80,40,40,60,52,48,0,8,10001
20210128,12,90,40,40,60,55,48,0,16,9996
20210128,13,80,40,40,60,56,49,0,12,10001
20210128,14,70,30,30,60,55,49,0,12,10005
20210128,15,90,30,20,60,55,47,0,9,10008
20210128,16,80,20,20,40,54,45,0,3,10021
20210128,17,90,30,30,50,51,45,0,0,10020
20210128,18,110,30,30,50,46,38,0,0,10021
20210128,19,110,30,40,60,43,38,0,0,10021
20210128,20,130,30,30,50,42,39,0,0,10020
20210128,21,120,30,30,50,41,38,0,0,10013
20210128,22,140,30,30,50,40,38,0,0,10007
20210128,23,140,30,30,60,43,40,0,0,9999
20210128,24,120,30,30,40,47,47,0,0,9983
20210129,1,140,30,30,40,51,50,0,0,9967
20210129,2,140,30,30,50,55,52,0,0,9953
20210129,3,140,30,30,50,61,58,0,0,9934
20210129,4,150,30,30,40,69,66,0,0,9919
20210129,5,210,30,30,50,85,82,0,0,9911
20210129,6,240,50,60,110,88,79,0,0,9909
20210129,7,250,50,50,100,87,79,0,0,9911
20210129,8,270,60,70,120,90,80,0,0,9919
20210129,9,260,70,60,150,87,74,0,3,9927
20210129,10,260,70,70,160,93,65,0,22,9934
20210129,11,260,60,60,140,100,70,3,51,9938
20210129,12,250,60,70,120,95,67,0,40,9942
20210129,13,250,60,60,110,93,69,0,32,9941
20210129,14,260,50,60,110,96,66,0,32,9940
20210129,15,270,60,60,140,94,64,0,19,9943
20210129,16,260,50,50,100,91,64,0,9,9948
20210129,17,260,60,60,120,91,57,0,0,9954
20210129,18,280,70,70,140,81,48,0,0,9958
20210129,19,280,70,60,140,72,48,0,0,9968
20210129,20,310,60,60,140,62,38,0,0,9985
20210129,21,310,50,40,130,49,28,0,0,9998
20210129,22,350,40,50,90,35,12,0,0,10005
20210129,23,360,50,60,100,24,-6,0,0,10017
20210129,24,350,40,50,90,20,-12,0,0,10022
20210130,1,10,40,40,90,15,-17,0,0,10024
20210130,2,40,60,50,100,7,-27,0,0,10028
20210130,3,50,50,50,80,7,-25,0,0,10029
20210130,4,60,50,50,80,6,-26,0,0,10033
20210130,5,60,40,30,70,-2,-32,0,0,10030
20210130,6,70,40,40,80,-2,-31,0,0,10028
20210130,7,70,50,60,110,3,-28,0,0,10029
20210130,8,70,60,70,120,3,-30,0,3,10029
20210130,9,80,60,70,110,6,-29,0,17,10026
20210130,10,90,70,70,120,9,-29,0,33,10026
20210130,11,100,70,70,110,14,-27,0,48,10024
20210130,12,80,70,70,100,17,-24,0,51,10020
20210130,13,80,60,60,110,21,-24,0,51,10013
20210130,14,70,60,60,100,20,-22,0,32,10012
20210130,15,70,60,70,110,18,-26,0,24,10012
20210130,16,60,60,60,100,13,-22,3,11,10018
20210130,17,60,50,50,90,8,-24,0,1,10023
20210130,18,50,50,60,90,4,-25,0,0,10029
20210130,19,60,50,50,80,0,-28,0,0,10032
20210130,20,60,50,50,90,-6,-32,0,0,10036
20210130,21,60,50,40,80,-13,-34,0,0,10040
20210130,22,50,50,40,70,-17,-34,0,0,10044
20210130,23,60,40,40,60,-21,-37,0,0,10044
20210130,24,50,30,30,60,-25,-40,0,0,10047
20210131,1,60,30,20,40,-29,-45,0,0,10051
20210131,2,40,20,30,50,-33,-47,0,0,10051
20210131,3,40,30,20,40,-38,-48,0,0,10049
20210131,4,40,20,20,30,-44,-52,0,0,10050
20210131,5,50,30,30,50,-44,-53,0,0,10050
20210131,6,40,20,20,40,-47,-56,0,0,10053
20210131,7,50,20,30,50,-51,-61,0,0,10051
20210131,8,50,20,10,30,-50,-58,0,4,10058
20210131,9,70,20,30,40,-40,-52,8,32,10052
20210131,10,60,30,40,60,-27,-43,10,71,10049
20210131,11,70,40,40,60,-15,-37,8,75,10042
20210131,12,90,40,40,60,6,-30,10,136,10031
20210131,13,80,40,40,70,16,-30,10,139,10020
20210131,14,90,40,50,70,20,-33,10,105,10008
20210131,15,80,40,50,70,20,-35,10,69,10000
20210131,16,90,40,40,70,8,-45,5,17,9992
20210131,17,80,40,40,70,-3,-41,0,1,9986
20210131,18,80,40,50,70,-7,-37,0,0,9974
20210131,19,90,50,50,80,-5,-37,0,0,9965
20210131,20,100,40,40,80,-3,-34,0,0,9958
20210131,21,90,40,40,60,-2,-32,0,0,9950
20210131,22,90,40,40,70,3,-25,0,0,9941
20210131,23,90,40,40,70,5,-23,0,0,9935
20210131,24,90,40,50,70,5,-23,0,0,9931
20210201,1,90,40,40,70,4,-20,0,0,9926
20210201,2,80,40,40,60,4,-15,0,0,9920
20210201,3,80,40,40,60,2,-11,0,0,9916
20210201,4,80,30,40,50,3,-9,0,0,9913
20210201,5,80,30,40,60,4,-8,0,0,9913
20210201,6,80,30,30,60,5,-7,0,0,9913
20210201,7,70,30,30,50,6,-4,0,0,9919
20210201,8,50,20,20,40,6,-2,0,1,9926
20210201,9,50,20,20,40,8,0,0,11,9928
20210201,10,60,20,20,40,13,5,0,32,9935
20210201,11,40,20,20,40,16,6,0,30,9942
20210201,12,30,20,20,30,17,8,0,30,9944
20210201,13,320,10,10,20,22,12,0,28,9950
20210201,14,330,20,20,40,21,13,0,25,9958
20210201,15,320,30,30,60,18,10,0,17,9967
20210201,16,340,30,30,50,14,6,0,6,9976
20210201,17,330,20,20,40,11,7,0,1,9987
20210201,18,350,10,20,30,10,7,0,0,9993
20210201,19,310,10,10,30,9,7,0,0,10003
20210201,20,290,10,20,30,11,3,0,0,10009
20210201,21,300,10,20,30,7,-3,0,0,10018
20210201,22,330,10,10,30,10,-2,0,0,10014
20210201,23,240,10,10,20,11,0,0,0,10022
20210201,24,260,10,10,20,15,1,0,0,10032
20210202,1,990,10,10,20,15,2,0,0,10029
20210202,2,180,10,10,20,13,6,0,0,10030
20210202,3,130,10,20,30,11,0,0,0,10021
20210202,4,150,20,20,40,8,-3,0,0,10018
20210202,5,130,20,20,40,9,0,0,0,10015
20210202,6,100,20,20,30,14,2,0,0,10013
20210202,7,100,30,30,40,14,6,0,0,10002
20210202,8,90,30,40,60,17,12,0,1,9994
20210202,9,80,40,40,70,21,17,0,8,9984
20210202,10,80,40,40,70,27,23,0,16,9980
20210202,11,110,40,40,70,33,29,0,19,9973
20210202,12,110,40,40,60,41,37,0,22,9968
20210202,13,120,30,30,60,48,43,0,26,9963
20210202,14,140,30,30,60,53,50,0,23,9963
20210202,15,200,20,20,50,66,62,0,20,9964
20210202,16,230,30,30,60,77,74,0,10,9965
20210202,17,220,30,30,60,85,78,0,2,9969
20210202,18,230,40,50,80,92,81,0,0,9974
20210202,19,230,40,40,80,94,88,0,0,9974
20210202,20,230,40,50,100,98,87,0,0,9972
20210202,21,220,50,50,90,96,85,0,0,9972
20210202,22,210,40,30,80,89,81,0,0,9971
20210202,23,210,40,50,90,93,82,0,0,9972
20210202,24,180,40,40,80,93,85,0,0,9970
20210203,1,210,50,50,110,98,85,0,0,9971
20210203,2,220,50,40,100,96,88,0,0,9968
20210203,3,220,50,50,110,98,83,0,0,9969
20210203,4,240,40,50,100,95,83,0,0,9966
20210203,5,210,40,30,100,89,80,0,0,9964
20210203,6,200,40,40,60,94,78,0,0,9958
20210203,7,210,40,30,80,90,82,0,0,9957
20210203,8,180,30,30,60,90,79,0,1,9956
20210203,9,180,30,30,60,91,80,0,5,9949
20210203,10,160,20,20,50,90,83,0,9,9944
20210203,11,180,30,40,60,90,78,0,12,9940
20210203,12,180,20,30,50,87,78,0,13,9934
20210203,13,220,30,30,50,82,76,0,8,9937
20210203,14,270,20,20,50,80,74,0,9,9936
20210203,15,260,20,20,50,80,72,0,8,9941
20210203,16,260,20,20,40,79,71,0,6,9944
20210203,17,260,20,10,30,77,71,0,1,9952
20210203,18,270,20,20,30,76,70,0,0,9961
20210203,19,280,30,30,60,77,72,0,0,9977
20210203,20,270,30,30,60,75,70,0,0,9991
20210203,21,260,30,30,70,77,68,0,0,10007
20210203,22,260,40,40,70,80,67,0,0,10020
20210203,23,250,40,40,80,81,61,0,0,10031
20210203,24,240,40,40,80,80,60,0,0,10042
20210204,1,240,40,40,90,79,57,0,0,10053
20210204,2,240,40,40,80,77,55,0,0,10063
20210204,3,250,40,30,80,73,52,0,0,10071
20210204,4,240,40,40,70,67,47,0,0,10082
20210204,5,240,30,30,60,57,43,0,0,10092
20210204,6,240,30,30,60,56,43,0,0,10100
20210204,7,220,30,40,60,54,42,0,0,10109
20210204,8,220,30,30,50,56,46,0,3,10119
20210204,9,220,30,30,50,59,47,0,14,10126
20210204,10,220,30,40,60,68,55,5,60,10134
20210204,11,220,40,40,60,70,58,4,63,10138
20210204,12,220,30,20,50,72,57,0,48,10137
20210204,13,230,20,20,40,75,57,0,38,10137
20210204,14,170,20,20,50,83,60,2,40,10135
20210204,15,130,20,20,40,80,57,2,39,10133
20210204,16,90,20,20,30,73,54,7,16,10132
20210204,17,90,30,30,40,62,50,0,2,10131
20210204,18,100,30,30,40,62,53,0,0,10132
20210204,19,100,30,30,40,64,54,0,0,10131
20210204,20,110,30,30,40,56,46,0,0,10128
20210204,21,100,30,40,50,63,49,0,0,10126
20210204,22,110,30,30,50,62,49,0,0,10127
20210204,23,120,30,30,50,59,48,0,0,10123
20210204,24,90,30,30,40,59,49,0,0,10120
20210205,1,100,30,40,50,58,46,0,0,10112
20210205,2,100,40,40,60,59,45,0,0,10110
20210205,3,90,30,30,50,58,42,0,0,10109
20210205,4,110,30,30,40,56,43,0,0,10106
20210205,5,110,30,30,50,53,40,0,0,10105
20210205,6,100,30,30,50,54,42,0,0,10103
20210205,7,120,30,20,60,52,40,0,0,10107
20210205,8,130,20,20,40,52,42,0,3,10110
20210205,9,90,20,40,50,53,40,0,9,10108
20210205,10,140,20,30,40,68,48,7,67,10113
20210205,11,160,30,20,50,74,54,0,45,10114
20210205,12,150,20,20,40,84,63,4,64,10111
20210205,13,160,20,20,40,86,69,0,36,10110
20210205,14,120,10,10,30,91,73,0,27,10110
20210205,15,130,20,10,20,89,74,0,17,10110
20210205,16,190,10,10,20,86,80,0,5,10111
20210205,17,130,10,10,20,80,76,0,2,10111
20210205,18,120,10,10,20,73,72,0,0,10113
20210205,19,0,10,0,20,73,71,0,0,10116
20210205,20,70,10,10,10,71,68,0,0,10115
20210205,21,70,10,10,20,70,67,0,0,10113
20210205,22,100,10,20,20,67,64,0,0,10114
20210205,23,80,10,10,20,64,61,0,0,10113
20210205,24,100,20,30,40,63,60,0,0,10112
20210206,1,80,20,20,40,65,63,0,0,10111
20210206,2,70,20,30,40,65,63,0,0,10111
20210206,3,80,40,40,60,61,59,0,0,10108
20210206,4,80,30,40,60,61,57,0,0,10108
20210206,5,80,40,40,60,55,51,0,0,10108
20210206,6,70,40,40,70,45,40,0,0,10106
20210206,7,80,40,40,70,41,35,0,0,10108
20210206,8,80,40,50,70,39,33,0,1,10110
20210206,9,70,60,60,100,39,32,0,7,10108
20210206,10,70,50,60,100,34,27,0,14,10106
20210206,11,70,60,70,100,30,22,0,18,10106
20210206,12,70,60,60,100,29,22,0,24,10102
20210206,13,70,60,60,110,26,17,0,16,10098
20210206,14,70,60,80,120,22,10,0,13,10093
20210206,15,70,70,70,110,21,5,0,15,10090
20210206,16,60,70,70,120,18,-4,0,12,10081
20210206,17,70,80,80,140,12,-12,0,2,10077
20210206,18,70,90,90,140,7,-18,0,0,10075
20210206,19,60,80,70,130,3,-22,0,0,10071
20210206,20,60,80,90,160,-1,-28,0,0,10067
20210206,21,60,80,80,140,-6,-25,0,0,10062
20210206,22,50,80,80,130,-13,-22,0,0,10054
20210206,23,60,80,80,150,-14,-24,0,0,10047
20210206,24,60,80,80,140,-15,-25,0,0,10035
20210207,1,60,90,80,150,-18,-29,0,0,10029
20210207,2,50,90,90,150,-19,-33,0,0,10019
20210207,3,50,90,80,180,-20,-37,0,0,10014
20210207,4,60,90,90,160,-27,-43,0,0,10012
20210207,5,60,90,70,160,-32,-49,0,0,10012
20210207,6,60,90,80,160,-35,-55,0,0,10009
20210207,7,60,80,80,160,-36,-60,0,0,10009
20210207,8,60,90,90,170,-37,-65,0,2,10008
20210207,9,60,100,90,160,-38,-64,0,12,10010
20210207,10,60,90,100,170,-38,-67,0,24,10008
20210207,11,60,90,80,160,-41,-71,0,20,10012
20210207,12,60,80,80,130,-47,-69,0,20,10009
20210207,13,60,70,70,120,-49,-68,0,21,10006
20210207,14,60,70,70,130,-52,-70,0,17,10007
20210207,15,60,70,60,120,-52,-71,0,12,10009
20210207,16,60,70,60,110,-51,-74,0,8,10010
20210207,17,70,70,60,120,-50,-78,0,1,10012
20210207,18,60,70,70,130,-50,-81,0,0,10017
20210207,19,70,70,70,120,-49,-81,0,0,10018
20210207,20,60,70,80,130,-47,-81,0,0,10018
20210207,21,70,70,70,130,-49,-78,0,0,10021
20210207,22,60,70,80,130,-49,-84,0,0,10021
20210207,23,70,80,80,130,-50,-84,0,0,10022
20210207,24,70,80,80,130,-51,-86,0,0,10022
20210208,1,60,70,70,120,-52,-84,0,0,10021
20210208,2,60,70,70,120,-51,-88,0,0,10020
20210208,3,70,70,70,120,-49,-90,0,0,10017
20210208,4,60,70,70,130,-49,-90,0,0,10019
20210208,5,70,70,70,130,-49,-94,0,0,10022
20210208,6,70,70,70,120,-50,-96,0,0,10023
20210208,7,70,70,70,130,-53,-92,0,0,10026
20210208,8,60,50,60,110,-57,-84,0,4,10029
20210208,9,60,60,50,100,-55,-83,0,20,10030
20210208,10,50,60,60,110,-54,-86,0,38,10030
20210208,11,60,70,70,120,-53,-84,0,55,10030
20210208,12,50,60,70,110,-55,-88,0,54,10027
20210208,13,50,60,50,120,-57,-85,0,43,10027
20210208,14,70,60,60,120,-58,-86,0,49,10025
20210208,15,70,50,50,100,-57,-81,0,36,10029
20210208,16,60,40,30,90,-58,-81,0,20,10032
20210208,17,60,30,20,50,-58,-80,0,4,10036
20210208,18,50,20,20,50,-58,-79,0,0,10041
20210208,19,50,20,20,40,-59,-80,0,0,10044
20210208,20,30,20,20,30,-62,-77,0,0,10046
20210208,21,80,10,20,20,-62,-76,0,0,10049
20210208,22,80,20,30,40,-60,-80,0,0,10055
20210208,23,50,30,20,50,-64,-86,0,0,10054
20210208,24,50,30,20,50,-65,-87,0,0,10060
20210209,1,40,20,20,40,-67,-88,0,0,10061
20210209,2,50,20,20,40,-72,-94,0,0,10065
20210209,3,10,20,20,40,-71,-93,0,0,10065
20210209,4,10,20,20,30,-75,-94,0,0,10069
20210209,5,10,20,20,40,-76,-94,0,0,10070
20210209,6,20,10,10,30,-68,-85,0,0,10073
20210209,7,100,10,10,30,-66,-85,0,0,10079
20210209,8,50,20,20,40,-51,-69,0,3,10087
20210209,9,50,20,30,40,-40,-64,0,20,10087
20210209,10,50,30,40,60,-29,-61,1,52,10089
20210209,11,50,40,40,90,-23,-62,4,80,10089
20210209,12,70,40,30,60,-16,-58,10,172,10088
20210209,13,40,30,30,60,-13,-59,10,136,10091
20210209,14,30,30,40,60,-14,-66,9,96,10092
20210209,15,30,40,40,60,-15,-67,7,63,10094
20210209,16,40,40,40,70,-19,-67,10,31,10093
20210209,17,40,30,30,60,-26,-70,0,5,10091
20210209,18,40,30,30,60,-34,-73,0,0,10090
20210209,19,40,30,30,50,-41,-77,0,0,10094
20210209,20,40,20,30,40,-48,-77,0,0,10097
20210209,21,40,30,30,50,-48,-76,0,0,10100
20210209,22,40,30,30,50,-52,-76,0,0,10100
20210209,23,60,40,30,60,-47,-73,0,0,10102
20210209,24,50,30,40,60,-48,-75,0,0,10100
20210210,1,50,30,30,60,-54,-76,0,0,10103
20210210,2,50,30,30,60,-56,-76,0,0,10103
20210210,3,30,30,30,60,-56,-77,0,0,10103
20210210,4,30,30,30,40,-58,-77,0,0,10105
20210210,5,40,30,30,60,-58,-78,0,0,10111
20210210,6,40,40,30,60,-47,-73,0,0,10113
20210210,7,50,40,40,80,-42,-75,0,0,10120
20210210,8,50,30,30,70,-45,-76,3,10,10126
20210210,9,40,30,30,60,-38,-73,8,48,10135
20210210,10,40,40,40,70,-29,-65,7,79,10141
20210210,11,30,30,40,60,-21,-61,10,128,10147
20210210,12,10,30,30,60,-18,-58,8,128,10153
20210210,13,360,30,30,50,-9,-56,10,136,10157
20210210,14,10,30,40,70,-14,-58,8,97,10164
20210210,15,30,40,40,80,-18,-67,7,63,10173
20210210,16,30,30,30,60,-18,-68,10,36,10180
20210210,17,20,30,20,50,-24,-64,0,6,10190
20210210,18,350,10,10,30,-37,-61,0,0,10196
20210210,19,30,20,30,40,-22,-58,0,0,10205
20210210,20,30,30,20,50,-30,-62,0,0,10215
20210210,21,60,20,20,40,-31,-66,0,0,10225
20210210,22,0,10,0,30,-51,-69,0,0,10233
20210210,23,30,20,10,30,-50,-72,0,0,10245
20210210,24,40,10,10,20,-55,-71,0,0,10253
20210211,1,990,10,10,20,-52,-68,0,0,10257
20210211,2,0,10,0,30,-48,-66,0,0,10265
20210211,3,30,20,20,30,-43,-64,0,0,10270
20210211,4,40,20,20,30,-52,-68,0,0,10276
20210211,5,40,20,10,30,-51,-68,0,0,10282
20210211,6,0,10,0,20,-73,-81,0,0,10286
20210211,7,0,10,0,10,-94,-97,0,0,10291
20210211,8,0,0,0,10,-72,-83,7,23,10298
20210211,9,80,10,10,10,-37,-68,10,71,10302
20210211,10,100,20,30,40,-16,-86,10,103,10305
20210211,11,110,30,30,50,-11,-85,10,133,10308
20210211,12,90,30,30,50,-9,-85,10,148,10304
20210211,13,70,30,30,50,-7,-82,10,146,10307
20210211,14,90,30,20,60,-5,-83,10,125,10308
20210211,15,130,20,10,40,-4,-77,10,90,10309
20210211,16,170,20,20,30,-9,-79,10,45,10309
20210211,17,40,10,20,30,-35,-80,2,7,10313
20210211,18,100,20,20,30,-50,-84,0,0,10318
20210211,19,70,20,20,30,-69,-86,0,0,10319
20210211,20,80,20,20,30,-73,-91,0,0,10320
20210211,21,90,20,20,30,-71,-94,0,0,10324
20210211,22,70,20,10,40,-79,-98,0,0,10326
20210211,23,90,10,10,20,-90,-104,0,0,10330
20210211,24,70,20,20,30,-100,-109,0,0,10331
20210212,1,70,20,20,30,-102,-112,0,0,10331
20210212,2,70,20,20,30,-97,-113,0,0,10331
20210212,3,50,30,30,50,-79,-104,0,0,10329
20210212,4,30,20,20,30,-87,-106,0,0,10335
20210212,5,60,20,20,40,-99,-115,0,0,10336
20210212,6,60,30,30,50,-80,-102,0,0,10339
20210212,7,70,30,30,50,-71,-92,0,0,10343
20210212,8,70,40,40,50,-68,-89,7,17,10347
20210212,9,70,50,50,80,-54,-86,10,62,10349
20210212,10,80,50,50,90,-41,-86,10,105,10352
20210212,11,80,60,70,100,-36,-88,10,136,10353
20210212,12,80,70,80,110,-36,-86,10,138,10352
20210212,13,70,70,70,120,-37,-88,10,144,10353
20210212,14,80,70,80,110,-34,-87,10,127,10349
20210212,15,60,70,70,110,-31,-87,10,93,10351
20210212,16,80,60,70,110,-31,-88,10,46,10353
20210212,17,70,50,40,100,-38,-91,2,8,10358
20210212,18,70,50,50,90,-41,-90,0,0,10363
20210212,19,70,50,50,80,-46,-92,0,0,10367
20210212,20,80,60,50,90,-51,-96,0,0,10370
20210212,21,80,60,60,100,-54,-99,0,0,10377
20210212,22,80,50,50,80,-58,-101,0,0,10379
20210212,23,80,50,50,80,-61,-102,0,0,10383
20210212,24,80,50,50,90,-67,-105,0,0,10388
20210213,1,80,40,30,80,-73,-106,0,0,10392
20210213,2,90,40,50,80,-74,-107,0,0,10391
20210213,3,90,40,40,70,-81,-110,0,0,10392
20210213,4,90,30,30,60,-88,-114,0,0,10393
20210213,5,90,30,30,50,-92,-116,0,0,10396
20210213,6,70,20,20,40,-100,-119,0,0,10396
20210213,7,100,30,20,40,-104,-123,0,0,10397
20210213,8,100,20,20,40,-91,-113,7,26,10401
20210213,9,90,30,30,60,-70,-107,10,78,10405
20210213,10,100,40,40,70,-50,-104,10,116,10406
20210213,11,100,40,40,70,-32,-97,10,142,10404
20210213,12,100,40,40,70,-16,-97,10,157,10399
20210213,13,150,40,40,70,-15,-108,10,155,10397
20210213,14,140,40,40,70,-11,-104,10,135,10393
20210213,15,90,50,50,80,-10,-101,10,98,10386
20210213,16,100,50,40,80,-14,-103,10,52,10388
20210213,17,100,40,40,70,-24,-105,2,7,10390
20210213,18,90,30,30,60,-41,-109,0,0,10392
20210213,19,100,40,50,70,-38,-111,0,0,10395
20210213,20,110,40,40,70,-43,-111,0,0,10397
20210213,21,100,40,30,60,-52,-111,0,0,10395
20210213,22,110,40,40,60,-50,-109,0,0,10392
20210213,23,120,50,50,70,-35,-103,0,0,10382
20210213,24,130,50,50,80,-39,-103,0,0,10384
20210214,1,130,50,40,80,-46,-102,0,0,10389
20210214,2,130,50,50,80,-47,-101,0,0,10382
20210214,3,140,40,40,80,-51,-101,0,0,10379
20210214,4,140,40,40,70,-49,-99,0,0,10372
20210214,5,130,40,50,70,-49,-100,0,0,10370
20210214,6,140,50,50,80,-47,-100,0,0,10369
20210214,7,130,40,40,80,-51,-103,0,0,10371
20210214,8,140,50,50,90,-39,-101,8,17,10368
20210214,9,140,60,60,100,-24,-96,10,75,10364
20210214,10,140,60,50,100,-18,-92,10,84,10364
20210214,11,140,50,50,90,-5,-85,10,114,10362
20210214,12,150,50,60,100,9,-86,10,146,10357
20210214,13,140,50,50,90,14,-84,10,95,10345
20210214,14,140,60,60,100,22,-76,10,110,10333
20210214,15,140,60,60,100,30,-80,10,98,10326
20210214,16,140,60,60,100,29,-87,10,37,10316
20210214,17,140,60,60,100,24,-83,2,7,10314
20210214,18,140,70,70,110,27,-85,0,0,10305
20210214,19,140,60,60,100,25,-88,0,0,10306
20210214,20,150,60,60,110,24,-92,0,0,10300
20210214,21,140,60,60,100,21,-91,0,0,10294
20210214,22,140,50,50,100,16,-84,0,0,10290
20210214,23,140,60,60,100,17,-84,0,0,10284
20210214,24,150,60,60,100,12,-79,0,0,10280
20210215,1,150,60,50,100,12,-75,0,0,10277
20210215,2,150,60,60,100,13,-76,0,0,10266
20210215,3,150,60,60,110,14,-73,0,0,10259
20210215,4,160,60,60,110,16,-62,0,0,10250
20210215,5,150,60,50,100,13,-53,0,0,10246
20210215,6,160,60,50,100,14,-40,0,0,10235
20210215,7,160,50,50,90,18,-34,0,0,10229
20210215,8,170,50,50,90,19,-21,0,2,10228
20210215,9,160,40,40,80,15,-14,0,9,10221
20210215,10,180,40,50,80,20,4,0,17,10222
20210215,11,170,50,40,70,22,15,0,18,10218
20210215,12,180,40,50,80,31,18,0,29,10209
20210215,13,200,50,50,80,33,24,0,27,10207
20210215,14,200,50,60,90,36,29,0,21,10204
20210215,15,200,50,50,80,36,33,0,12,10201
20210215,16,210,40,50,80,40,36,0,6,10204
20210215,17,220,50,40,90,43,41,0,1,10206
20210215,18,220,40,40,80,44,42,0,0,10208
20210215,19,210,50,50,80,44,42,0,0,10209
20210215,20,220,40,50,80,48,44,0,0,10213
20210215,21,200,40,40,70,47,41,0,0,10213
20210215,22,180,30,30,60,42,36,0,0,10213
20210215,23,190,30,30,50,40,33,0,0,10212
20210215,24,180,40,30,60,45,34,0,0,10210
20210216,1,170,30,30,50,44,33,0,0,10203
20210216,2,180,30,40,70,42,32,0,0,10195
20210216,3,180,40,30,60,43,36,0,0,10188
20210216,4,180,40,40,70,51,47,0,0,10178
20210216,5,150,30,30,60,49,44,0,0,10172
20210216,6,160,30,20,50,44,42,0,0,10167
20210216,7,160,30,30,60,47,43,0,0,10163
20210216,8,150,30,40,60,49,44,2,11,10156
20210216,9,160,30,30,60,54,44,0,24,10152
20210216,10,150,40,50,70,63,46,2,51,10138
20210216,11,170,40,50,70,90,49,9,123,10129
20210216,12,170,50,40,90,99,51,5,98,10119
20210216,13,190,40,40,70,105,49,0,62,10115
20210216,14,190,40,30,70,109,55,3,64,10106
20210216,15,160,30,30,50,103,59,0,30,10100
20210216,16,180,20,20,40,101,59,0,8,10094
20210216,17,190,30,40,60,101,56,0,3,10089
20210216,18,200,40,50,90,91,60,0,0,10090
20210216,19,220,40,50,80,84,67,0,0,10092
20210216,20,230,50,40,100,76,69,0,0,10094
20210216,21,230,40,50,80,74,65,0,0,10100
20210216,22,230,50,50,100,74,61,0,0,10103
20210216,23,230,60,50,110,76,62,0,0,10105
20210216,24,230,60,60,110,76,59,0,0,10110
20210217,1,230,60,60,110,74,58,0,0,10116
20210217,2,230,60,60,100,77,62,0,0,10121
20210217,3,230,50,50,100,79,65,0,0,10123
20210217,4,240,50,50,90,78,65,0,0,10129
20210217,5,230,50,50,100,77,63,0,0,10133
20210217,6,230,50,50,90,78,62,0,0,10135
20210217,7,220,50,50,90,78,62,0,0,10141
20210217,8,210,50,40,90,79,63,0,9,10145
20210217,9,210,50,50,80,83,62,0,22,10148
20210217,10,210,60,60,100,92,66,2,49,10149
20210217,11,210,60,50,100,100,69,3,83,10152
20210217,12,200,60,70,110,106,70,1,75,10150
20210217,13,200,50,50,100,109,71,0,54,10149
20210217,14,200,50,40,90,113,72,0,55,10150
20210217,15,210,50,50,90,113,71,0,18,10149
20210217,16,180,40,40,90,111,71,0,9,10148
20210217,17,180,40,40,70,109,70,0,3,10149
20210217,18,180,50,50,80,109,71,0,0,10151
20210217,19,180,40,50,80,108,70,0,0,10150
20210217,20,200,50,50,80,104,72,0,0,10151
20210217,21,180,40,50,80,104,66,0,0,10149
20210217,22,180,50,50,80,104,65,0,0,10149
20210217,23,180,50,50,80,101,64,0,0,10148
20210217,24,180,50,50,80,101,62,0,0,10144
20210218,1,180,50,50,80,99,60,0,0,10139
20210218,2,150,30,30,60,82,56,0,0,10136
20210218,3,160,40,40,70,78,54,0,0,10131
20210218,4,160,30,30,60,70,49,0,0,10125
20210218,5,150,40,40,60,65,46,0,0,10120
20210218,6,140,40,40,60,65,43,0,0,10112
20210218,7,150,40,50,70,67,42,0,0,10108
20210218,8,140,50,50,80,73,41,0,9,10101
20210218,9,140,60,60,100,82,41,0,37,10088
20210218,10,150,60,70,110,90,41,0,55,10082
20210218,11,140,60,60,110,90,44,0,41,10074
20210218,12,140,60,70,110,101,47,0,66,10059
20210218,13,150,60,60,110,109,51,2,67,10050
20210218,14,160,50,50,90,104,62,0,28,10049
20210218,15,160,40,40,70,98,68,0,10,10043
20210218,16,170,50,50,80,93,78,0,6,10042
20210218,17,170,50,40,90,90,81,0,1,10040
20210218,18,230,50,70,130,91,79,0,0,10050
20210218,19,230,50,40,110,76,62,0,0,10061
20210218,20,240,40,40,80,73,59,0,0,10072
20210218,21,230,40,40,80,65,52,0,0,10085
20210218,22,220,40,50,80,62,46,0,0,10097
20210218,23,220,50,50,90,57,40,0,0,10107
20210218,24,220,50,50,90,55,36,0,0,10114
20210219,1,220,50,50,90,52,36,0,0,10121
20210219,2,220,50,40,80,50,35,0,0,10129
20210219,3,210,40,40,80,47,35,0,0,10134
20210219,4,200,40,30,70,42,31,0,0,10138
20210219,5,200,40,40,60,42,27,0,0,10144
20210219,6,190,30,30,60,35,23,0,0,10146
20210219,7,190,30,30,60,36,22,0,1,10150
20210219,8,180,40,40,70,41,27,8,23,10154
20210219,9,180,40,50,70,54,37,8,64,10156
20210219,10,180,40,40,80,76,48,10,112,10155
20210219,11,170,50,50,90,83,52,9,127,10156
20210219,12,200,60,50,100,89,48,10,137,10156
20210219,13,180,50,60,100,95,46,4,100,10148
20210219,14,170,50,60,90,99,48,1,74,10145
20210219,15,170,50,50,90,103,52,5,62,10141
20210219,16,160,50,50,90,99,51,5,32,10136
20210219,17,170,40,40,80,95,49,0,6,10136
20210219,18,160,40,40,70,92,49,0,0,10134
20210219,19,160,30,30,60,79,44,0,0,10136
20210219,20,150,40,30,60,73,43,0,0,10135
20210219,21,160,30,30,60,79,47,0,0,10135
20210219,22,160,30,30,50,82,52,0,0,10131
20210219,23,150,30,30,50,81,54,0,0,10128
20210219,24,150,30,30,50,81,53,0,0,10125
20210220,1,160,40,40,60,87,57,0,0,10124
20210220,2,160,40,40,80,89,61,0,0,10124
20210220,3,160,30,40,60,93,64,0,0,10122
20210220,4,150,40,30,60,90,65,0,0,10118
20210220,5,140,30,30,60,89,66,0,0,10120
20210220,6,140,30,30,50,90,67,0,0,10125
20210220,7,140,40,50,70,96,69,0,0,10120
20210220,8,150,50,50,80,96,68,5,19,10122
20210220,9,160,50,50,80,106,70,10,60,10125
20210220,10,160,50,50,90,125,76,10,108,10119
20210220,11,160,60,60,110,134,73,9,138,10119
20210220,12,150,60,50,100,148,80,8,140,10111
20210220,13,150,60,70,110,154,79,10,147,10107
20210220,14,150,60,60,100,159,81,10,118,10101
20210220,15,140,60,70,110,158,79,9,89,10096
20210220,16,140,60,60,100,152,73,10,47,10094
20210220,17,140,50,40,90,141,73,3,12,10094
20210220,18,140,40,40,90,134,71,0,0,10097
20210220,19,150,50,50,90,126,71,0,0,10099
20210220,20,150,40,40,80,118,65,0,0,10100
20210220,21,150,40,40,70,111,63,0,0,10101
20210220,22,160,40,40,60,108,62,0,0,10103
20210220,23,160,40,40,60,105,60,0,0,10105
20210220,24,150,40,40,60,95,57,0,0,10107
20210221,1,150,30,30,50,90,56,0,0,10110
20210221,2,150,30,40,50,87,55,0,0,10112
20210221,3,150,30,30,50,81,52,0,0,10113
20210221,4,140,30,30,50,78,50,0,0,10115
20210221,5,160,30,30,50,85,51,0,0,10120
20210221,6,150,30,40,50,77,48,0,0,10119
20210221,7,150,30,30,50,79,49,0,2,10124
20210221,8,150,40,40,60,88,53,8,23,10129
20210221,9,160,40,40,60,103,58,8,64,10133
20210221,10,150,40,40,70,126,72,10,130,10136
20210221,11,170,40,50,70,141,66,10,141,10135
20210221,12,160,40,40,70,149,64,10,165,10132
20210221,13,150,40,50,70,155,67,10,162,10127
20210221,14,160,40,50,70,163,70,10,143,10126
20210221,15,130,40,40,70,164,80,10,105,10126
20210221,16,120,30,30,60,156,81,10,59,10126
20210221,17,130,20,20,40,133,75,5,14,10129
20210221,18,110,20,20,30,88,67,0,0,10132
20210221,19,120,20,20,40,89,65,0,0,10131
20210221,20,130,30,20,40,93,62,0,0,10131
20210221,21,130,30,30,40,81,54,0,0,10134
20210221,22,130,30,30,40,83,48,0,0,10134
20210221,23,140,30,30,50,99,42,0,0,10137
20210221,24,140,30,30,50,91,36,0,0,10138
20210222,1,150,30,30,50,89,30,0,0,10139
20210222,2,150,40,40,60,93,26,0,0,10141
20210222,3,150,40,30,60,84,24,0,0,10139
20210222,4,160,30,30,50,85,20,0,0,10142
20210222,5,160,30,30,40,85,21,0,0,10143
20210222,6,160,30,30,40,84,19,0,0,10144
20210222,7,160,30,30,40,84,22,0,1,10148
20210222,8,160,30,30,50,91,32,8,24,10155
20210222,9,180,40,50,80,118,35,3,47,10160
20210222,10,180,40,40,80,125,42,0,54,10165
20210222,11,190,40,50,80,137,47,1,78,10172
20210222,12,200,40,30,90,145,52,5,92,10174
20210222,13,190,40,30,70,160,56,9,131,10177
20210222,14,190,40,30,60,158,57,7,96,10182
20210222,15,190,30,30,60,159,58,0,59,10187
20210222,16,180,40,40,60,150,61,3,35,10193
20210222,17,190,30,40,60,144,59,3,10,10202
20210222,18,190,30,20,50,133,62,0,0,10210
20210222,19,200,20,30,50,141,60,0,0,10213
20210222,20,170,20,20,50,120,66,0,0,10220
20210222,21,200,30,30,50,135,59,0,0,10229
20210222,22,190,30,30,60,139,63,0,0,10236
20210222,23,200,40,40,70,136,67,0,0,10244
20210222,24,170,30,40,60,123,71,0,0,10242
20210223,1,190,30,30,60,117,73,0,0,10244
20210223,2,200,30,20,60,112,75,0,0,10251
20210223,3,190,20,20,40,106,74,0,0,10257
20210223,4,170,30,30,50,99,68,0,0,10255
20210223,5,160,20,30,40,86,61,0,0,10257
20210223,6,170,30,30,50,89,61,0,0,10262
20210223,7,180,40,40,70,109,70,0,1,10268
20210223,8,190,40,40,80,122,80,3,21,10273
20210223,9,190,40,40,80,135,86,4,49,10277
20210223,10,200,50,50,90,148,95,4,73,10280
20210223,11,200,60,60,110,150,96,4,106,10282
20210223,12,200,60,50,110,159,97,7,118,10277
20210223,13,210,60,70,120,175,93,7,129,10277
20210223,14,210,70,70,140,174,93,10,129,10273
20210223,15,210,60,60,100,175,93,10,105,10273
20210223,16,220,60,50,120,169,93,10,50,10282
20210223,17,220,50,40,100,159,91,5,16,10289
20210223,18,190,30,30,70,140,90,0,0,10291
20210223,19,180,40,30,60,139,89,0,0,10283
20210223,20,180,30,40,60,137,89,0,0,10282
20210223,21,170,30,40,60,128,88,0,0,10281
20210223,22,180,40,50,70,132,88,0,0,10285
20210223,23,200,40,40,80,134,89,0,0,10285
20210223,24,200,50,60,90,130,87,0,0,10288
20210224,1,200,50,40,90,125,83,0,0,10289
20210224,2,200,40,50,70,129,79,0,0,10283
20210224,3,180,40,50,80,113,80,0,0,10277
20210224,4,180,50,50,80,115,82,0,0,10278
20210224,5,180,50,40,70,108,79,0,0,10277
20210224,6,180,40,40,70,103,77,0,0,10276
20210224,7,180,40,50,80,112,80,2,3,10280
20210224,8,170,40,50,80,120,85,10,35,10284
20210224,9,200,50,50,90,135,89,10,75,10285
20210224,10,200,60,60,100,146,89,7,99,10285
20210224,11,200,50,50,90,158,90,7,124,10285
20210224,12,190,50,50,90,170,95,10,163,10281
20210224,13,180,50,50,90,179,93,10,163,10274
20210224,14,200,50,50,90,184,79,10,144,10268
20210224,15,190,60,50,100,182,79,10,110,10265
20210224,16,190,50,40,80,179,74,10,64,10259
20210224,17,190,30,30,60,162,71,5,18,10258
20210224,18,180,30,20,50,130,67,0,0,10259
20210224,19,170,20,20,40,113,66,0,0,10256
20210224,20,170,20,20,40,107,65,0,0,10254
20210224,21,170,30,30,50,117,72,0,0,10255
20210224,22,180,30,40,50,137,85,0,0,10253
20210224,23,180,40,40,70,133,87,0,0,10253
20210224,24,180,40,40,70,126,85,0,0,10252
20210225,1,180,30,40,60,115,81,0,0,10249
20210225,2,200,30,30,60,117,80,0,0,10245
20210225,3,200,40,40,70,116,80,0,0,10241
20210225,4,170,30,30,60,101,74,0,0,10240
20210225,5,200,30,30,50,107,75,0,0,10245
20210225,6,200,30,40,60,105,75,0,0,10245
20210225,7,170,20,20,60,88,68,2,4,10248
20210225,8,160,20,20,40,107,77,10,41,10253
20210225,9,200,30,30,50,122,80,7,63,10255
20210225,10,200,40,40,70,138,84,8,106,10261
20210225,11,230,40,40,70,148,86,9,138,10262
20210225,12,240,30,30,60,161,90,10,170,10260
20210225,13,230,40,40,70,163,88,10,159,10258
20210225,14,230,40,40,70,154,87,7,116,10260
20210225,15,320,40,40,70,134,86,2,59,10264
20210225,16,310,40,30,70,116,81,0,29,10269
20210225,17,310,30,20,50,109,79,2,9,10273
20210225,18,340,20,20,50,105,80,0,0,10281
20210225,19,350,30,40,60,98,68,0,0,10288
20210225,20,350,30,20,60,96,56,0,0,10291
20210225,21,340,20,10,40,89,46,0,0,10297
20210225,22,320,20,20,40,84,51,0,0,10308
20210225,23,340,20,20,50,84,43,0,0,10311
20210225,24,320,20,30,50,83,37,0,0,10316
20210226,1,360,20,20,50,80,40,0,0,10307
20210226,2,280,10,10,30,74,49,0,0,10318
20210226,3,260,20,10,40,73,48,0,0,10320
20210226,4,280,20,20,30,71,45,0,0,10322
20210226,5,280,20,20,40,64,46,0,0,10326
20210226,6,280,20,20,40,61,44,0,0,10329
20210226,7,300,20,20,30,46,39,0,1,10337
20210226,8,300,20,20,40,62,40,10,35,10342
20210226,9,320,30,30,50,72,41,10,86,10346
20210226,10,310,30,30,50,84,43,10,130,10350
20210226,11,300,30,40,60,96,33,10,161,10353
20210226,12,310,40,40,70,100,30,10,164,10353
20210226,13,320,40,40,80,100,17,10,157,10350
20210226,14,310,50,50,90,103,22,10,149,10351
20210226,15,320,40,40,80,97,17,10,134,10356
20210226,16,320,40,40,80,91,17,10,62,10357
20210226,17,350,30,40,60,79,13,7,22,10363
20210226,18,320,20,20,50,63,23,0,0,10368
20210226,19,310,20,20,30,53,22,0,0,10372
20210226,20,300,20,20,40,51,28,0,0,10373
20210226,21,300,10,10,30,32,22,0,0,10379
20210226,22,320,10,10,20,16,9,0,0,10385
20210226,23,320,10,10,20,5,2,0,0,10387
20210226,24,110,10,10,20,-2,-5,0,0,10389
20210227,1,0,0,0,20,2,2,0,0,10393
20210227,2,350,10,20,30,30,28,0,0,10391
20210227,3,30,20,10,30,31,31,0,0,10394
20210227,4,20,10,10,20,27,27,0,0,10397
20210227,5,340,20,20,40,30,29,0,0,10399
20210227,6,990,10,10,20,30,27,0,0,10401
20210227,7,360,10,10,20,31,28,0,1,10407
20210227,8,130,10,10,20,33,30,0,8,10412
20210227,9,160,10,10,20,35,32,0,22,10415
20210227,10,310,10,20,30,40,29,0,33,10419
20210227,11,10,10,10,30,47,31,0,57,10421
20210227,12,990,10,10,20,59,36,5,116,10420
20210227,13,990,10,10,40,79,39,9,161,10413
20210227,14,990,10,10,40,94,41,10,154,10409
20210227,15,320,10,30,40,94,45,10,117,10406
20210227,16,320,20,20,40,89,43,10,67,10404
20210227,17,50,20,20,40,74,36,7,24,10404
20210227,18,30,20,20,40,64,34,0,0,10406
20210227,19,40,20,20,30,55,30,0,0,10408
20210227,20,10,20,20,30,47,29,0,0,10407
20210227,21,40,10,10,30,21,16,0,0,10408
20210227,22,10,10,10,20,13,9,0,0,10406
20210227,23,20,10,10,10,4,1,0,0,10405
20210227,24,110,10,10,10,-4,-7,0,0,10406
20210228,1,20,10,10,20,1,-2,0,0,10405
20210228,2,360,10,10,20,-8,-11,0,0,10400
20210228,3,0,0,0,10,-12,-15,0,0,10393
20210228,4,350,10,10,20,-15,-18,0,0,10393
20210228,5,30,10,10,20,-4,-7,0,0,10391
20210228,6,30,20,10,30,-7,-7,0,0,10389
20210228,7,30,20,20,30,-5,-6,0,3,10391
20210228,8,30,10,10,20,1,1,5,28,10390
20210228,9,40,10,10,20,21,18,7,70,10392
20210228,10,40,10,10,20,43,38,9,126,10391
20210228,11,40,20,30,40,74,41,10,168,10388
20210228,12,60,30,20,50,93,45,10,184,10382
20210228,13,40,30,20,50,102,38,10,180,10375
20210228,14,30,30,30,70,102,44,10,160,10368
20210228,15,40,30,40,60,104,49,10,122,10363
20210228,16,40,30,40,60,98,50,10,76,10359
20210228,17,30,30,30,60,86,48,7,26,10356
20210228,18,40,30,30,50,67,47,0,0,10359
20210228,19,30,30,30,50,54,44,0,0,10357
20210228,20,40,30,30,60,46,41,0,0,10356
20210228,21,40,30,20,50,40,38,0,0,10356
20210228,22,60,10,10,30,30,26,0,0,10356
20210228,23,50,10,20,30,27,23,0,0,10352
20210228,24,50,30,20,50,31,28,0,0,10355
20210301,1,50,30,30,60,37,35,0,0,10355
20210301,2,70,30,40,60,39,35,0,0,10352
20210301,3,70,40,50,70,39,33,0,0,10350
20210301,4,80,40,30,60,40,34,0,0,10347
20210301,5,90,30,30,60,39,31,0,0,10346
20210301,6,70,40,50,70,33,24,0,0,10347
20210301,7,100,40,30,70,36,28,0,2,10349
20210301,8,70,50,50,70,28,19,0,14,10352
20210301,9,90,50,40,70,27,20,0,26,10354
20210301,10,80,40,40,60,36,27,0,46,10351
20210301,11,110,40,40,70,47,31,0,70,10351
20210301,12,100,40,40,60,57,34,6,142,10345
20210301,13,80,40,40,60,79,39,10,184,10337
20210301,14,90,30,30,60,95,41,10,162,10330
20210301,15,100,30,30,60,106,46,10,125,10325
20210301,16,80,30,40,50,106,43,10,77,10322
20210301,17,70,30,30,50,95,37,7,27,10320
20210301,18,60,30,30,40,76,31,0,1,10321
20210301,19,70,30,30,40,65,29,0,0,10321
20210301,20,70,30,30,50,62,29,0,0,10318
20210301,21,80,30,30,60,52,26,0,0,10320
20210301,22,80,30,30,50,46,24,0,0,10318
20210301,23,80,30,30,50,40,22,0,0,10318
20210301,24,80,30,30,40,36,19,0,0,10318
20210302,1,80,30,30,50,31,17,0,0,10317
20210302,2,80,20,10,40,23,13,0,0,10314
20210302,3,70,20,20,40,18,10,0,0,10311
20210302,4,40,20,20,30,13,8,0,0,10313
20210302,5,50,20,20,30,9,4,0,0,10310
20210302,6,60,20,10,30,3,-1,0,0,10310
20210302,7,60,20,20,30,5,1,3,5,10312
20210302,8,80,20,20,30,33,18,10,44,10314
20210302,9,100,30,30,40,76,36,10,95,10313
20210302,10,130,30,30,60,100,37,10,139,10312
20210302,11,150,40,40,70,111,35,10,170,10311
20210302,12,150,30,30,60,128,46,10,185,10305
20210302,13,150,30,30,50,142,50,10,183,10299
20210302,14,130,40,40,70,141,49,10,161,10294
20210302,15,150,40,40,60,142,41,10,123,10292
20210302,16,140,30,30,60,138,46,10,75,10289
20210302,17,140,30,20,50,123,45,7,27,10289
20210302,18,120,20,20,30,86,43,0,1,10292
20210302,19,100,10,20,20,55,37,0,0,10293
20210302,20,100,20,20,20,45,34,0,0,10292
20210302,21,100,10,20,20,32,24,0,0,10291
20210302,22,120,10,10,20,23,20,0,0,10290
20210302,23,110,10,10,10,18,16,0,0,10287
20210302,24,0,10,0,10,15,10,0,0,10286
20210303,1,0,10,0,10,8,5,0,0,10288
20210303,2,130,10,10,20,6,3,0,0,10283
20210303,3,140,10,10,20,5,2,0,0,10279
20210303,4,150,10,10,20,6,4,0,0,10280
20210303,5,170,10,10,20,4,2,0,0,10281
20210303,6,0,10,0,10,8,3,0,0,10278
20210303,7,220,0,10,10,14,11,0,3,10282
20210303,8,0,10,0,10,33,31,0,22,10287
20210303,9,310,10,20,20,48,38,0,44,10286
20210303,10,320,10,20,20,51,33,2,74,10284
20210303,11,320,20,20,30,61,43,8,132,10285
20210303,12,320,20,20,30,74,51,4,122,10282
20210303,13,300,20,20,30,93,53,10,154,10276
20210303,14,330,20,20,30,95,55,10,137,10270
20210303,15,330,20,20,40,96,56,10,103,10268
20210303,16,330,30,30,50,89,49,8,62,10265
20210303,17,320,20,30,40,78,48,8,23,10261
20210303,18,340,20,30,50,54,38,0,1,10265
20210303,19,340,20,20,50,48,36,0,0,10263
20210303,20,330,20,20,40,47,38,0,0,10260
20210303,21,330,20,20,40,44,36,0,0,10256
20210303,22,340,20,10,30,43,38,0,0,10255
20210303,23,10,20,30,40,41,38,0,0,10248
20210303,24,10,20,20,40,38,36,0,0,10247
20210304,1,50,20,20,30,36,34,0,0,10240
20210304,2,360,20,20,40,36,31,0,0,10238
20210304,3,340,20,10,40,36,33,0,0,10230
20210304,4,30,20,30,40,33,29,0,0,10225
20210304,5,20,20,20,40,32,25,0,0,10222
20210304,6,10,20,30,50,33,23,0,0,10219
20210304,7,360,20,30,40,35,21,0,0,10219
20210304,8,30,10,10,40,37,25,0,3,10219
20210304,9,350,20,30,40,39,26,0,12,10217
20210304,10,360,30,20,50,41,30,0,12,10216
20210304,11,20,30,40,60,39,22,0,16,10217
20210304,12,20,30,20,60,51,20,0,42,10217
20210304,13,360,30,30,50,55,15,0,57,10213
20210304,14,340,30,40,60,55,21,0,33,10213
20210304,15,350,30,50,80,52,24,0,18,10210
20210304,16,10,40,50,90,56,12,0,21,10211
20210304,17,360,50,50,80,51,9,0,10,10213
20210304,18,350,40,30,90,46,7,0,1,10218
20210304,19,330,30,40,70,43,-8,0,0,10220
20210304,20,330,30,20,80,41,-9,0,0,10223
20210304,21,340,30,40,60,41,-18,0,0,10227
20210304,22,350,20,20,60,40,-15,0,0,10232
20210304,23,30,30,40,60,35,5,0,0,10238
20210304,24,20,40,40,70,33,2,0,0,10243
20210305,1,20,40,40,80,25,-5,0,0,10251
20210305,2,360,20,30,60,17,-4,0,0,10254
20210305,3,360,20,20,50,11,-5,0,0,10258
20210305,4,10,20,20,30,2,-9,0,0,10264
20210305,5,20,20,20,30,-1,-13,0,0,10272
20210305,6,350,20,20,30,-10,-20,0,0,10276
20210305,7,20,20,30,40,-3,-16,3,8,10287
20210305,8,20,20,30,50,17,-16,10,51,10294
20210305,9,40,30,30,70,33,-34,10,107,10297
20210305,10,30,40,50,90,42,-69,10,154,10301
20210305,11,40,60,60,100,50,-54,10,186,10305
20210305,12,40,50,60,90,58,-42,10,202,10308
20210305,13,20,50,50,90,58,-43,10,196,10309
20210305,14,30,40,40,80,60,-40,9,155,10309
20210305,15,20,40,30,80,59,-38,10,127,10311
20210305,16,20,40,40,80,56,-36,10,90,10312
20210305,17,20,30,30,60,48,-36,8,35,10318
20210305,18,360,30,20,50,39,-28,0,2,10326
20210305,19,350,20,20,30,15,-26,0,0,10330
20210305,20,350,20,20,30,0,-24,0,0,10335
20210305,21,340,10,10,30,-15,-28,0,0,10338
20210305,22,10,10,10,20,-27,-30,0,0,10344
20210305,23,360,10,10,20,-34,-38,0,0,10348
20210305,24,350,10,10,10,-37,-41,0,0,10349
20210306,1,20,10,10,20,-40,-43,0,0,10349
20210306,2,20,10,10,20,-42,-46,0,0,10346
20210306,3,40,10,10,10,-46,-51,0,0,10344
20210306,4,0,0,0,10,-48,-52,0,0,10342
20210306,5,320,10,10,10,-50,-55,0,0,10347
20210306,6,0,0,0,10,-52,-58,0,0,10348
20210306,7,0,0,0,10,-36,-42,5,12,10354
20210306,8,0,0,0,10,4,-8,10,61,10356
20210306,9,50,10,10,20,33,-8,8,104,10356
20210306,10,60,20,20,40,46,-12,7,117,10355
20210306,11,60,40,50,100,50,-33,9,166,10352
20210306,12,90,30,40,70,65,-23,10,201,10345
20210306,13,100,40,30,70,60,-30,10,185,10339
20210306,14,30,20,30,40,64,-27,1,78,10333
20210306,15,30,30,30,70,59,-19,0,48,10328
20210306,16,30,30,40,60,60,-17,3,56,10322
20210306,17,40,30,30,50,49,-18,8,34,10319
20210306,18,30,20,20,40,36,-18,0,2,10320
20210306,19,30,30,30,40,23,-19,0,0,10318
20210306,20,20,30,20,40,17,-14,0,0,10313
20210306,21,20,20,20,30,-3,-17,0,0,10310
20210306,22,360,10,10,30,-16,-23,0,0,10310
20210306,23,20,10,10,20,-30,-33,0,0,10304
20210306,24,350,10,10,20,-33,-36,0,0,10301
20210307,1,320,10,10,10,-44,-47,0,0,10299
20210307,2,320,10,10,10,-37,-41,0,0,10292
20210307,3,0,10,0,10,-43,-47,0,0,10285
20210307,4,0,0,0,10,-43,-47,0,0,10281
20210307,5,310,10,10,10,-29,-32,0,0,10281
20210307,6,0,0,0,10,-20,-27,0,0,10278
20210307,7,0,0,0,10,-13,-17,0,2,10275
20210307,8,230,10,10,10,-1,-7,0,16,10273
20210307,9,0,10,0,10,23,-8,0,37,10271
20210307,10,290,10,10,20,44,-13,0,66,10270
20210307,11,300,20,20,40,52,-28,2,112,10265
20210307,12,330,20,30,50,51,-23,0,84,10263
20210307,13,340,30,30,60,45,-23,0,46,10257
20210307,14,290,20,30,50,54,-31,0,72,10249
20210307,15,310,30,30,50,54,-29,2,75,10244
20210307,16,310,30,20,50,49,-21,0,31,10241
20210307,17,290,20,20,50,47,-20,0,13,10238
20210307,18,310,20,20,40,43,-18,0,1,10242
20210307,19,340,10,10,30,38,-13,0,0,10245
20210307,20,310,10,10,20,32,-9,0,0,10243
20210307,21,300,10,10,20,6,-16,0,0,10244
20210307,22,300,10,10,20,-1,-10,0,0,10244
20210307,23,280,10,10,20,9,-5,0,0,10243
20210307,24,290,10,20,30,29,-4,0,0,10239
20210308,1,300,20,20,40,34,-3,0,0,10238
20210308,2,280,20,20,40,35,-2,0,0,10234
20210308,3,290,20,30,40,36,-2,0,0,10230
20210308,4,280,20,20,40,36,-1,0,0,10230
20210308,5,290,20,20,50,36,-1,0,0,10233
20210308,6,290,20,20,50,38,-1,0,0,10233
20210308,7,280,20,20,40,41,0,0,2,10235
20210308,8,270,20,20,30,47,5,0,14,10239
20210308,9,280,20,20,40,54,9,0,34,10239
20210308,10,280,20,20,40,62,13,0,63,10238
20210308,11,260,20,20,40,75,17,6,121,10237
20210308,12,260,20,30,40,78,10,8,157,10234
20210308,13,280,30,20,50,88,12,4,132,10228
20210308,14,300,30,30,50,82,0,0,84,10224
20210308,15,280,30,30,60,86,8,7,81,10218
20210308,16,270,30,20,60,80,5,5,55,10215
20210308,17,290,30,30,50,69,6,0,12,10214
20210308,18,290,20,20,50,58,9,0,1,10215
20210308,19,250,30,30,50,53,9,0,0,10217
20210308,20,230,40,30,80,46,22,0,0,10213
20210308,21,220,40,40,70,41,19,0,0,10209
20210308,22,220,40,40,80,41,24,0,0,10205
20210308,23,210,40,50,80,41,26,0,0,10201
20210308,24,210,40,40,80,39,26,0,0,10193
20210309,1,220,40,50,80,39,28,0,0,10189
20210309,2,220,50,50,80,41,32,0,0,10181
20210309,3,230,50,50,90,43,35,0,0,10173
20210309,4,220,40,40,80,44,38,0,0,10169
20210309,5,220,30,40,70,46,41,0,0,10166
20210309,6,250,30,30,60,51,48,0,0,10166
20210309,7,290,30,30,60,55,47,0,1,10169
20210309,8,300,30,30,60,58,43,0,17,10173
20210309,9,300,30,20,60,66,46,0,49,10174
20210309,10,290,30,40,70,63,37,1,56,10174
20210309,11,310,40,40,70,66,33,1,56,10174
20210309,12,320,30,30,60,66,35,0,47,10176
20210309,13,300,30,30,60,65,32,0,34,10174
20210309,14,290,30,30,60,69,32,0,40,10174
20210309,15,290,30,30,70,67,34,0,24,10176
20210309,16,300,20,30,50,65,36,0,13,10176
20210309,17,310,20,30,50,62,40,0,5,10181
20210309,18,310,10,10,40,59,32,0,0,10185
20210309,19,270,10,10,20,55,33,0,0,10189
20210309,20,270,10,20,40,56,26,0,0,10190
20210309,21,270,20,10,40,53,15,0,0,10188
20210309,22,0,0,0,20,27,11,0,0,10186
20210309,23,990,10,10,10,6,5,0,0,10183
20210309,24,160,10,10,10,-6,-12,0,0,10188
20210310,1,120,10,10,20,-1,-3,0,0,10185
20210310,2,150,10,10,20,5,1,0,0,10182
20210310,3,160,20,20,30,18,13,0,0,10178
20210310,4,170,20,20,30,21,14,0,0,10173
20210310,5,180,30,30,50,35,23,0,0,10170
20210310,6,170,20,20,40,35,26,0,0,10167
20210310,7,170,20,20,40,36,30,0,4,10165
20210310,8,180,30,30,50,44,34,0,14,10166
20210310,9,180,30,40,50,54,38,0,32,10162
20210310,10,180,40,40,80,68,37,0,44,10156
20210310,11,190,50,50,90,75,34,0,58,10151
20210310,12,190,50,60,90,84,32,0,72,10143
20210310,13,200,60,60,110,92,30,0,93,10131
20210310,14,200,60,50,100,97,25,0,59,10123
20210310,15,200,60,50,110,94,29,0,33,10116
20210310,16,200,80,80,180,83,31,0,12,10106
20210310,17,200,70,60,140,71,37,0,10,10093
20210310,18,190,60,60,120,71,33,0,1,10085
20210310,19,190,70,80,120,69,36,0,0,10074
20210310,20,180,70,80,130,62,43,0,0,10062
20210310,21,180,90,90,160,63,43,0,0,10045
20210310,22,190,90,90,160,61,46,0,0,10033
20210310,23,190,80,80,140,62,46,0,0,10019
20210310,24,190,80,80,140,62,51,0,0,10005
20210311,1,200,80,90,150,70,55,0,0,9991
20210311,2,190,80,70,160,74,62,0,0,9972
20210311,3,200,80,80,160,78,68,0,0,9962
20210311,4,200,80,80,140,88,73,0,0,9951
20210311,5,200,90,100,160,96,75,0,0,9940
20210311,6,200,100,90,160,94,81,0,0,9932
20210311,7,210,90,100,190,109,71,0,7,9928
20210311,8,220,100,90,180,111,56,0,31,9925
20210311,9,230,110,110,220,118,53,2,53,9923
20210311,10,230,130,150,280,116,43,4,84,9921
20210311,11,230,140,130,270,113,46,0,48,9927
20210311,12,240,130,120,250,113,50,0,58,9940
20210311,13,240,110,110,230,117,52,1,87,9948
20210311,14,250,100,80,220,106,46,4,71,9958
20210311,15,250,90,90,180,106,54,2,64,9961
20210311,16,240,90,90,190,97,55,2,42,9964
20210311,17,250,70,60,150,97,36,2,18,9970
20210311,18,230,70,70,130,85,44,0,3,9975
20210311,19,240,70,60,120,86,31,0,0,9980
20210311,20,240,70,60,120,77,22,0,0,9989
20210311,21,240,60,60,120,72,34,0,0,9996
20210311,22,250,60,60,140,76,38,0,0,10004
20210311,23,250,70,60,130,74,35,0,0,10011
20210311,24,250,60,70,110,73,30,0,0,10019
20210312,1,250,70,70,130,72,26,0,0,10031
20210312,2,240,60,50,130,68,27,0,0,10039
20210312,3,240,60,60,110,63,26,0,0,10042
20210312,4,230,60,50,120,56,22,0,0,10046
20210312,5,230,60,60,110,54,23,0,0,10049
20210312,6,220,60,60,120,52,23,0,0,10050
20210312,7,220,60,60,110,54,23,3,14,10051
20210312,8,220,60,70,110,66,30,3,47,10049
20210312,9,220,70,70,130,78,35,7,81,10046
20210312,10,210,80,70,160,76,39,3,57,10041
20210312,11,210,90,100,170,77,42,3,67,10036
20210312,12,210,80,80,150,80,45,1,69,10027
20210312,13,210,80,80,160,77,42,0,41,10017
20210312,14,210,80,90,190,72,47,0,21,10007
20210312,15,230,90,80,160,78,39,0,36,10005
20210312,16,240,70,70,130,82,42,0,29,10003
20210312,17,240,70,80,140,79,43,5,19,10001
20210312,18,230,60,70,140,78,42,0,4,10006
20210312,19,230,60,60,120,72,35,0,0,10007
20210312,20,230,60,70,120,72,33,0,0,10006
20210312,21,220,70,70,120,71,36,0,0,10007
20210312,22,230,70,60,120,71,35,0,0,10005
20210312,23,220,60,70,110,72,39,0,0,9999
20210312,24,210,60,60,120,72,41,0,0,9987
20210313,1,200,70,70,130,73,38,0,0,9975
20210313,2,200,70,80,120,63,43,0,0,9957
20210313,3,180,70,80,120,62,50,0,0,9933
20210313,4,190,80,90,150,67,52,0,0,9911
20210313,5,200,80,120,160,74,55,0,0,9894
20210313,6,230,110,110,230,76,37,0,0,9892
20210313,7,230,90,90,190,74,24,0,3,9895
20210313,8,230,80,90,160,76,27,0,25,9899
20210313,9,240,90,80,160,78,22,2,47,9900
20210313,10,250,80,90,180,83,17,2,42,9902
20210313,11,240,90,90,170,83,20,2,73,9902
20210313,12,250,100,100,220,85,21,3,85,9904
20210313,13,250,100,100,190,83,25,4,103,9906
20210313,14,250,110,110,230,85,21,4,68,9911
20210313,15,260,100,80,220,74,17,0,29,9929
20210313,16,270,90,100,180,35,18,2,26,9946
20210313,17,260,60,50,150,59,22,0,4,9946
20210313,18,260,70,50,170,59,23,0,1,9960
20210313,19,260,60,50,160,60,10,0,0,9970
20210313,20,250,50,40,90,61,19,0,0,9978
20210313,21,250,50,50,90,63,22,0,0,9985
20210313,22,270,50,40,90,62,24,0,0,9994
20210313,23,270,50,40,100,60,23,0,0,10000
20210313,24,270,40,40,90,61,21,0,0,10007
20210314,1,260,40,50,90,63,21,0,0,10016
20210314,2,260,40,40,90,61,20,0,0,10022
20210314,3,270,50,40,80,58,17,0,0,10029
20210314,4,250,40,40,80,58,20,0,0,10035
20210314,5,250,40,40,90,48,29,0,0,10044
20210314,6,260,30,40,80,50,34,0,0,10052
20210314,7,260,40,30,70,56,36,0,8,10064
20210314,8,270,30,30,70,62,39,0,29,10073
20210314,9,270,30,40,70,69,41,0,43,10083
20210314,10,290,50,50,120,66,34,1,65,10091
20210314,11,290,40,40,110,79,41,1,84,10098
20210314,12,290,50,50,110,82,38,1,75,10105
20210314,13,280,50,50,110,81,32,2,101,10110
20210314,14,280,60,60,110,74,29,1,62,10113
20210314,15,270,60,50,110,84,26,6,85,10114
20210314,16,290,50,60,110,77,24,5,76,10116
20210314,17,280,40,40,90,78,32,8,35,10116
20210314,18,260,40,40,70,74,28,2,4,10117
20210314,19,240,30,30,70,69,29,0,0,10116
20210314,20,240,30,40,70,66,34,0,0,10113
20210314,21,240,40,30,60,67,37,0,0,10110
20210314,22,270,40,30,80,66,39,0,0,10105
20210314,23,240,30,30,90,58,45,0,0,10097
20210314,24,260,30,30,70,59,47,0,0,10091
20210315,1,300,30,20,70,58,49,0,0,10090
20210315,2,300,30,30,60,56,49,0,0,10090
20210315,3,300,20,20,60,54,50,0,0,10092
20210315,4,300,20,20,40,56,47,0,0,10099
20210315,5,300,20,20,50,57,44,0,0,10105
20210315,6,290,30,30,60,55,39,0,0,10110
20210315,7,290,30,30,60,58,44,0,10,10117
20210315,8,330,30,50,90,62,35,2,44,10127
20210315,9,310,40,60,100,63,28,5,62,10133
20210315,10,310,50,50,100,74,20,2,70,10138
20210315,11,300,50,40,110,77,23,0,51,10144
20210315,12,310,60,70,120,80,31,1,85,10148
20210315,13,310,60,60,130,69,38,5,96,10152
20210315,14,310,60,50,120,75,40,3,85,10158
20210315,15,310,60,70,120,82,40,5,84,10164
20210315,16,310,50,60,120,79,29,10,88,10171
20210315,17,320,50,50,110,68,42,0,19,10179
20210315,18,320,50,40,120,66,40,0,3,10188
20210315,19,310,40,50,100,66,35,0,0,10195
20210315,20,320,40,40,90,64,35,0,0,10200
20210315,21,330,40,50,100,66,33,0,0,10207
20210315,22,320,40,40,90,65,37,0,0,10211
20210315,23,330,40,40,80,65,32,0,0,10215
20210315,24,330,40,40,90,64,29,0,0,10219
20210316,1,320,40,40,70,62,24,0,0,10222
20210316,2,310,30,30,90,61,29,0,0,10224
20210316,3,290,30,30,60,58,35,0,0,10225
20210316,4,280,20,20,50,56,33,0,0,10230
20210316,5,290,20,20,50,56,35,0,0,10232
20210316,6,290,20,20,40,56,38,0,1,10236
20210316,7,290,20,20,50,59,43,2,13,10237
20210316,8,290,20,30,60,63,42,0,26,10240
20210316,9,310,20,30,60,69,42,0,41,10244
20210316,10,290,30,30,70,66,33,0,43,10245
20210316,11,280,30,30,60,73,38,0,80,10243
20210316,12,300,30,30,70,70,37,0,65,10242
20210316,13,300,30,30,60,62,41,0,55,10241
20210316,14,320,30,20,50,60,40,0,31,10239
20210316,15,310,20,20,50,60,43,0,33,10239
20210316,16,310,20,20,40,55,39,0,16,10237
20210316,17,310,20,20,40,50,35,0,7,10236
20210316,18,330,10,10,30,47,37,0,2,10237
20210316,19,300,10,10,20,45,37,0,0,10237
20210316,20,330,10,10,40,44,36,0,0,10234
20210316,21,30,10,10,20,44,37,0,0,10237
20210316,22,30,10,10,20,43,35,0,0,10242
20210316,23,360,10,20,40,43,36,0,0,10248
20210316,24,360,30,30,60,44,31,0,0,10254
20210317,1,320,20,20,40,44,36,0,0,10255
20210317,2,320,20,30,50,44,33,0,0,10260
20210317,3,300,20,10,40,44,34,0,0,10253
20210317,4,330,20,30,70,46,39,0,0,10255
20210317,5,340,20,30,60,50,38,0,0,10259
20210317,6,340,30,40,60,49,32,0,0,10257
20210317,7,350,40,50,80,49,32,0,6,10263
20210317,8,360,40,50,90,45,27,0,18,10268
20210317,9,350,50,50,100,52,23,2,55,10271
20210317,10,340,50,50,100,61,22,0,80,10270
20210317,11,340,50,50,90,59,23,0,80,10270
20210317,12,360,50,50,90,73,35,3,132,10268
20210317,13,360,50,60,100,69,20,4,121,10268
20210317,14,350,50,50,100,74,21,4,111,10266
20210317,15,350,50,50,100,71,29,4,76,10269
20210317,16,360,50,60,110,67,21,1,47,10272
20210317,17,360,50,40,110,66,28,8,37,10276
20210317,18,360,50,30,110,52,29,2,7,10275
20210317,19,350,40,40,70,50,27,0,0,10280
20210317,20,350,30,30,60,50,27,0,0,10285
20210317,21,10,30,30,70,42,7,0,0,10288
20210317,22,360,20,20,60,34,2,0,0,10289
20210317,23,340,20,10,30,12,-2,0,0,10288
20210317,24,310,10,10,20,0,-3,0,0,10283
20210318,1,300,10,10,20,-2,-5,0,0,10280
20210318,2,270,10,10,20,-3,-6,0,0,10275
20210318,3,240,10,10,20,-2,-6,0,0,10271
20210318,4,0,10,0,20,6,3,0,0,10270
20210318,5,200,10,10,20,11,8,0,0,10265
20210318,6,250,10,20,20,17,14,0,0,10263
20210318,7,240,20,10,30,32,28,0,11,10255
20210318,8,270,10,20,30,49,33,0,38,10255
20210318,9,310,20,20,40,57,38,0,44,10256
20210318,10,320,20,30,40,62,38,0,58,10253
20210318,11,300,20,20,40,69,33,0,71,10248
20210318,12,320,20,30,40,77,34,0,97,10245
20210318,13,340,30,40,60,71,26,0,76,10237
20210318,14,300,20,20,60,84,36,4,134,10228
20210318,15,310,30,30,70,69,38,1,45,10223
20210318,16,340,30,20,70,68,36,2,48,10216
20210318,17,340,30,30,60,67,37,3,24,10212
20210318,18,350,40,30,70,60,37,0,3,10210
20210318,19,350,40,30,80,56,24,0,0,10208
20210318,20,360,40,30,70,54,23,0,0,10208
20210318,21,360,40,40,80,51,12,0,0,10203
20210318,22,10,40,40,90,42,7,0,0,10211
20210318,23,30,40,40,70,34,5,0,0,10212
20210318,24,30,30,30,70,27,3,0,0,10216
20210319,1,30,30,30,60,23,2,0,0,10220
20210319,2,20,30,30,60,17,2,0,0,10225
20210319,3,20,30,30,50,13,0,0,0,10229
20210319,4,20,30,30,50,9,-2,0,0,10234
20210319,5,10,30,30,40,7,-3,0,0,10238
20210319,6,20,20,20,40,5,-3,0,1,10246
20210319,7,20,20,30,40,19,6,10,30,10251
20210319,8,40,30,40,60,39,10,10,83,10258
20210319,9,40,40,40,70,53,10,10,137,10262
20210319,10,30,50,60,80,60,-5,10,161,10267
20210319,11,40,60,60,100,69,-11,10,186,10269
20210319,12,20,50,50,90,80,-5,10,226,10271
20210319,13,30,50,60,100,84,-25,10,197,10270
20210319,14,40,50,60,90,83,-9,10,197,10272
20210319,15,10,50,40,110,87,-1,7,117,10271
20210319,16,360,50,40,90,87,1,8,91,10271
20210319,17,360,50,40,90,79,-5,10,57,10275
20210319,18,350,50,40,80,63,1,2,10,10278
20210319,19,350,40,50,70,52,20,0,0,10282
20210319,20,350,30,30,70,48,18,0,0,10283
20210319,21,10,40,40,90,44,11,0,0,10290
20210319,22,10,40,30,70,38,9,0,0,10294
20210319,23,20,30,30,70,30,5,0,0,10298
20210319,24,20,30,30,60,22,2,0,0,10299
20210320,1,20,30,20,50,14,-1,0,0,10301
20210320,2,40,20,20,40,6,-8,0,0,10302
20210320,3,30,20,20,40,-1,-12,0,0,10302
20210320,4,30,10,20,20,-11,-18,0,0,10302
20210320,5,30,10,10,20,-20,-24,0,0,10305
20210320,6,290,10,10,20,-12,-15,0,1,10305
20210320,7,320,10,10,10,7,-5,8,29,10311
20210320,8,240,10,10,10,25,-2,2,44,10309
20210320,9,990,10,10,20,47,-8,2,84,10309
20210320,10,240,10,20,40,62,-33,10,184,10307
20210320,11,230,20,30,50,71,-18,10,212,10303
20210320,12,250,30,30,60,81,-12,10,224,10297
20210320,13,280,30,30,60,87,10,9,196,10288
20210320,14,280,40,40,90,80,12,2,117,10284
20210320,15,290,40,40,80,73,31,0,71,10279
20210320,16,290,40,30,70,66,32,0,33,10276
20210320,17,280,40,40,70,59,42,0,13,10273
20210320,18,270,30,30,70,57,46,0,3,10268
20210320,19,250,30,20,60,57,50,0,0,10264
20210320,20,270,30,30,60,59,50,0,0,10264
20210320,21,300,30,20,60,56,51,0,0,10266
20210320,22,290,20,20,50,56,46,0,0,10261
20210320,23,260,20,10,40,56,44,0,0,10250
20210320,24,260,20,20,40,56,46,0,0,10250
20210321,1,260,20,20,40,56,47,0,0,10247
20210321,2,270,30,20,50,56,48,0,0,10239
20210321,3,270,20,20,60,59,47,0,0,10232
20210321,4,320,30,30,70,62,53,0,0,10234
20210321,5,330,30,30,70,66,39,0,0,10233
20210321,6,340,30,30,60,66,34,0,0,10235
20210321,7,340,30,40,80,67,37,0,9,10238
20210321,8,340,50,50,100,70,22,0,32,10242
20210321,9,340,80,60,140,71,14,0,55,10246
20210321,10,350,60,60,110,70,15,1,73,10251
20210321,11,340,60,70,110,71,9,0,84,10254
20210321,12,350,60,70,100,71,8,0,80,10254
20210321,13,340,60,50,110,73,9,0,71,10252
20210321,14,350,60,60,100,72,13,0,62,10245
20210321,15,340,50,50,100,73,8,0,47,10244
20210321,16,340,50,50,120,72,8,0,48,10243
20210321,17,350,50,60,100,67,5,2,26,10245
20210321,18,340,50,40,90,63,11,0,5,10250
20210321,19,340,40,40,70,61,11,0,0,10253
20210321,20,330,30,30,60,53,15,0,0,10256
20210321,21,330,20,20,50,51,21,0,0,10256
20210321,22,330,20,20,50,44,26,0,0,10255
20210321,23,310,10,10,40,29,17,0,0,10253
20210321,24,310,10,20,30,23,18,0,0,10252
20210322,1,310,10,20,30,15,11,0,0,10251
20210322,2,320,20,20,30,19,16,0,0,10246
20210322,3,330,20,20,40,40,37,0,0,10244
20210322,4,310,20,10,40,47,36,0,0,10246
20210322,5,310,20,20,40,51,35,0,0,10248
20210322,6,330,20,20,40,51,33,0,0,10251
20210322,7,320,10,10,30,54,36,0,11,10253
20210322,8,340,20,30,60,65,31,7,68,10254
20210322,9,300,30,40,70,68,22,6,92,10256
20210322,10,320,30,40,70,73,19,3,98,10257
20210322,11,320,30,30,60,77,13,1,101,10259
20210322,12,310,30,30,60,75,24,0,67,10260
20210322,13,320,30,30,50,74,23,0,54,10261
20210322,14,300,30,20,50,79,25,0,52,10257
20210322,15,320,30,30,60,76,23,0,58,10256
20210322,16,300,20,20,50,76,21,0,32,10255
20210322,17,330,20,10,40,78,6,2,26,10255
20210322,18,280,10,10,20,71,15,2,6,10258
20210322,19,280,10,10,10,56,19,0,0,10260
20210322,20,300,10,10,30,66,20,0,0,10263
20210322,21,290,10,10,30,58,26,0,0,10261
20210322,22,290,0,10,30,51,29,0,0,10259
20210322,23,190,10,10,20,31,20,0,0,10258
20210322,24,160,10,10,20,21,14,0,0,10258
20210323,1,180,10,10,20,29,26,0,0,10257
20210323,2,200,20,30,40,52,24,0,0,10252
20210323,3,210,20,20,40,50,26,0,0,10248
20210323,4,200,20,20,30,48,26,0,0,10246
20210323,5,210,20,20,30,51,29,0,0,10248
20210323,6,240,20,30,50,58,37,0,0,10249
20210323,7,250,30,30,60,56,42,0,6,10252
20210323,8,220,30,20,50,66,51,0,19,10255
20210323,9,230,30,30,60,71,53,0,40,10255
20210323,10,240,40,40,70,80,49,0,65,10256
20210323,11,240,30,40,70,87,52,0,74,10256
20210323,12,220,40,40,60,92,56,0,84,10254
20210323,13,240,40,40,70,93,58,0,79,10250
20210323,14,220,50,40,80,91,57,0,60,10246
20210323,15,260,40,40,80,93,48,0,41,10244
20210323,16,240,40,40,80,97,47,0,35,10241
20210323,17,230,30,30,70,97,49,2,31,10240
20210323,18,260,30,30,60,92,46,0,3,10243
20210323,19,230,20,20,50,76,40,0,0,10244
20210323,20,220,20,10,40,79,43,0,0,10241
20210323,21,210,20,20,30,43,29,0,0,10241
20210323,22,220,10,10,20,28,22,0,0,10240
20210323,23,200,10,20,20,19,17,0,0,10239
20210323,24,160,20,30,40,20,16,0,0,10237
20210324,1,170,20,20,30,6,4,0,0,10233
20210324,2,170,20,20,30,8,5,0,0,10229
20210324,3,190,20,10,30,12,9,0,0,10226
20210324,4,170,10,20,30,-1,-1,0,0,10223
20210324,5,180,10,10,30,2,-1,0,0,10224
20210324,6,190,20,20,30,10,7,0,2,10225
20210324,7,200,20,20,40,37,32,8,32,10224
20210324,8,190,20,20,40,70,42,10,87,10223
20210324,9,190,30,30,50,94,46,10,141,10223
20210324,10,210,30,30,60,111,49,10,188,10222
20210324,11,200,40,60,70,118,53,9,205,10220
20210324,12,220,50,60,100,129,53,10,225,10216
20210324,13,240,60,60,90,134,46,9,209,10211
20210324,14,240,50,50,90,137,45,9,180,10207
20210324,15,250,50,40,90,133,46,8,132,10205
20210324,16,240,50,40,90,134,43,9,102,10203
20210324,17,320,40,30,80,116,53,10,43,10204
20210324,18,330,30,20,50,98,43,3,11,10207
20210324,19,0,10,0,40,68,39,0,0,10208
20210324,20,0,0,0,10,52,40,0,0,10209
20210324,21,160,10,10,20,43,30,0,0,10206
20210324,22,140,10,10,30,37,29,0,0,10204
20210324,23,140,10,10,20,33,30,0,0,10204
20210324,24,140,10,10,20,35,32,0,0,10202
20210325,1,190,10,10,20,40,36,0,0,10201
20210325,2,160,10,10,20,40,36,0,0,10197
20210325,3,160,10,10,20,28,27,0,0,10196
20210325,4,220,10,20,20,43,40,0,0,10196
20210325,5,130,10,10,20,52,48,0,0,10193
20210325,6,200,10,20,30,54,47,0,1,10193
20210325,7,190,20,30,40,70,58,5,28,10196
20210325,8,210,30,40,60,87,67,3,57,10198
20210325,9,230,30,30,50,92,67,1,72,10200
20210325,10,220,30,40,60,96,70,0,71,10200
20210325,11,220,40,40,80,98,78,0,52,10199
20210325,12,230,50,50,80,93,73,0,27,10201
20210325,13,240,50,50,90,116,61,4,104,10196
20210325,14,260,50,50,100,120,33,8,169,10193
20210325,15,230,50,60,100,129,1,10,157,10193
20210325,16,250,50,50,110,123,-4,10,123,10193
20210325,17,240,40,40,80,119,15,10,64,10193
20210325,18,230,40,30,80,105,24,3,14,10194
20210325,19,220,20,20,50,85,23,0,0,10194
20210325,20,210,30,30,50,82,20,0,0,10196
20210325,21,220,30,30,50,81,27,0,0,10195
20210325,22,180,30,30,50,68,24,0,0,10193
20210325,23,180,30,30,40,67,29,0,0,10189
20210325,24,200,30,30,50,73,32,0,0,10186
20210326,1,180,30,30,50,70,30,0,0,10181
20210326,2,170,40,40,60,62,27,0,0,10176
20210326,3,160,30,30,60,59,32,0,0,10172
20210326,4,170,30,20,50,66,50,0,0,10169
20210326,5,170,30,30,60,71,54,0,0,10165
20210326,6,160,30,30,60,75,54,0,1,10162
20210326,7,170,40,40,60,81,54,0,14,10159
20210326,8,180,40,50,80,94,57,5,66,10160
20210326,9,180,60,60,100,112,63,10,145,10158
20210326,10,200,60,80,140,125,55,10,188,10155
20210326,11,200,70,70,130,131,51,9,198,10150
20210326,12,200,80,70,150,134,49,7,189,10144
20210326,13,190,80,80,140,132,37,8,175,10138
20210326,14,200,70,60,130,133,44,3,119,10132
20210326,15,190,60,70,110,126,42,0,72,10128
20210326,16,190,60,50,110,126,35,2,50,10121
20210326,17,180,60,60,110,124,37,7,41,10117
20210326,18,180,60,70,100,118,36,5,9,10113
20210326,19,170,50,40,100,106,39,0,0,10108
20210326,20,170,40,50,70,105,40,0,0,10101
20210326,21,260,50,60,130,97,44,0,0,10107
20210326,22,270,50,60,110,63,43,0,0,10115
20210326,23,240,40,40,90,59,45,0,0,10116
20210326,24,220,40,40,70,56,38,0,0,10115
20210327,1,220,40,40,70,55,40,0,0,10118
20210327,2,230,50,50,100,50,29,0,0,10120
20210327,3,220,50,50,90,54,37,0,0,10124
20210327,4,230,50,50,90,58,36,0,0,10128
20210327,5,260,50,50,100,62,27,0,0,10135
20210327,6,260,50,50,110,58,8,0,1,10145
20210327,7,250,50,50,100,62,19,3,27,10154
20210327,8,260,50,50,110,73,18,9,80,10162
20210327,9,280,60,60,150,65,17,5,72,10175
20210327,10,270,70,60,140,74,-4,8,119,10188
20210327,11,270,70,80,140,75,2,3,109,10197
20210327,12,280,70,80,140,78,5,3,111,10209
20210327,13,260,70,70,150,84,5,5,161,10217
20210327,14,260,60,60,120,80,1,4,114,10227
20210327,15,260,70,50,140,85,-1,8,116,10233
20210327,16,260,50,60,110,90,-7,7,76,10237
20210327,17,250,50,50,100,87,-2,7,54,10242
20210327,18,240,40,40,90,76,-4,5,12,10246
20210327,19,220,30,20,60,63,1,0,0,10250
20210327,20,210,30,40,60,64,10,0,0,10252
20210327,21,210,30,30,60,64,21,0,0,10256
20210327,22,210,30,40,60,68,33,0,0,10256
20210327,23,200,30,30,70,70,33,0,0,10257
20210327,24,200,40,30,60,71,34,0,0,10253
20210328,1,210,40,40,70,71,38,0,0,10251
20210328,2,210,40,40,70,68,38,0,0,10246
20210328,3,210,40,40,80,67,34,0,0,10245
20210328,4,200,40,40,70,64,34,0,0,10244
20210328,5,210,40,40,80,63,34,0,0,10244
20210328,6,200,40,40,80,72,37,0,4,10241
20210328,7,190,40,40,80,78,42,2,26,10242
20210328,8,210,50,60,100,94,48,9,92,10243
20210328,9,220,60,70,140,106,44,1,86,10241
20210328,10,230,80,80,140,111,39,1,105,10244
20210328,11,230,80,70,150,108,45,0,74,10246
20210328,12,230,70,80,140,112,44,0,56,10247
20210328,13,230,80,70,150,115,49,0,49,10249
20210328,14,230,70,80,120,120,51,0,42,10244
20210328,15,230,70,80,140,123,53,1,86,10245
20210328,16,230,70,60,130,121,56,0,26,10248
20210328,17,230,60,70,110,118,57,0,18,10249
20210328,18,230,60,60,110,114,53,0,6,10251
20210328,19,220,60,50,110,108,54,0,0,10254
20210328,20,220,60,60,120,107,52,0,0,10257
20210328,21,220,60,50,110,103,52,0,0,10255
20210328,22,210,50,60,100,101,51,0,0,10256
20210328,23,210,40,40,100,94,52,0,0,10258
20210328,24,200,40,40,70,90,51,0,0,10254
20210329,1,200,50,50,80,89,49,0,0,10252
20210329,2,210,50,40,80,88,49,0,0,10252
20210329,3,210,40,40,70,89,48,0,0,10252
20210329,4,220,50,50,80,90,47,0,0,10253
20210329,5,220,50,50,90,91,49,0,0,10255
20210329,6,210,50,50,80,87,50,0,4,10260
20210329,7,210,50,60,100,94,55,0,27,10267
20210329,8,220,60,60,100,109,63,10,100,10271
20210329,9,230,60,70,110,118,65,10,155,10277
20210329,10,230,60,50,100,132,73,10,199,10282
20210329,11,230,60,60,110,143,72,10,230,10284
20210329,12,230,60,50,100,154,68,10,243,10285
20210329,13,230,60,50,100,166,57,10,238,10284
20210329,14,220,60,50,100,179,52,10,216,10282
20210329,15,210,60,60,100,181,42,10,177,10283
20210329,16,240,60,60,100,187,29,10,128,10282
20210329,17,220,60,50,100,179,14,10,70,10282
20210329,18,220,40,40,80,165,31,5,19,10284
20210329,19,220,30,30,60,148,38,0,0,10289
20210329,20,220,20,20,40,100,44,0,0,10294
20210329,21,210,20,20,40,107,42,0,0,10296
20210329,22,220,20,30,40,74,40,0,0,10296
20210329,23,210,30,20,40,78,26,0,0,10299
20210329,24,210,30,30,50,102,26,0,0,10301
20210330,1,170,20,10,40,45,25,0,0,10301
20210330,2,200,10,10,20,31,22,0,0,10299
20210330,3,130,10,20,20,26,20,0,0,10299
20210330,4,160,20,20,20,24,16,0,0,10301
20210330,5,170,20,20,30,20,12,0,0,10304
20210330,6,160,10,20,20,27,22,2,7,10308
20210330,7,150,20,20,30,78,52,10,53,10311
20210330,8,150,20,20,30,107,57,10,99,10313
20210330,9,150,20,20,40,138,58,10,164,10316
20210330,10,190,20,20,40,168,58,10,200,10316
20210330,11,160,20,30,50,184,63,10,234,10311
20210330,12,160,30,30,50,194,60,10,250,10304
20210330,13,160,30,30,60,199,46,10,243,10299
20210330,14,150,40,40,60,207,56,10,221,10291
20210330,15,160,40,30,60,208,35,10,180,10283
20210330,16,140,30,30,60,207,42,10,129,10276
20210330,17,150,20,10,40,204,26,10,69,10271
20210330,18,120,10,10,30,169,38,5,18,10271
20210330,19,100,10,10,20,118,57,0,0,10269
20210330,20,100,20,20,20,94,58,0,0,10267
20210330,21,110,20,20,20,81,54,0,0,10264
20210330,22,120,10,10,20,67,52,0,0,10259
20210330,23,120,10,10,20,55,46,0,0,10255
20210330,24,110,10,10,20,50,40,0,0,10251
20210331,1,120,10,10,20,47,43,0,0,10245
20210331,2,120,10,20,20,41,36,0,0,10238
20210331,3,120,10,10,20,38,33,0,0,10233
20210331,4,120,10,10,10,35,30,0,0,10231
20210331,5,160,10,10,20,33,27,0,0,10229
20210331,6,150,20,20,20,47,34,2,6,10225
20210331,7,160,20,20,30,104,48,10,48,10226
20210331,8,150,20,20,30,130,49,10,105,10224
20210331,9,140,20,20,30,154,70,10,157,10223
20210331,10,140,20,20,30,188,83,10,201,10219
20210331,11,170,20,20,30,212,94,10,231,10216
20210331,12,170,20,30,50,223,74,10,242,10210
20210331,13,180,30,40,60,229,77,10,236,10205
20210331,14,250,30,20,60,238,73,10,210,10202
20210331,15,260,30,30,60,232,32,10,170,10198
20210331,16,230,20,20,50,230,48,10,115,10196
20210331,17,320,30,20,60,208,43,5,48,10197
20210331,18,330,20,10,30,188,46,7,15,10197
20210331,19,340,20,10,30,143,70,0,0,10200
20210331,20,20,10,10,20,121,71,0,0,10200
20210331,21,70,10,10,10,127,79,0,0,10199
20210331,22,180,10,10,20,125,77,0,0,10199
20210331,23,0,10,0,10,113,79,0,0,10200
20210331,24,0,10,0,10,113,81,0,0,10198
20210401,1,140,10,10,20,112,76,0,0,10192
20210401,2,310,20,20,40,132,67,0,0,10199
20210401,3,330,10,10,30,98,66,0,0,10198
20210401,4,330,10,10,30,82,66,0,0,10196
20210401,5,310,20,20,30,83,63,0,0,10200
20210401,6,340,20,30,50,106,64,0,6,10207
20210401,7,350,30,30,50,109,72,0,38,10213
20210401,8,360,40,50,80,110,68,8,87,10219
20210401,9,20,50,60,90,115,68,10,142,10224
20210401,10,20,50,60,100,124,56,10,194,10228
20210401,11,20,60,60,90,122,62,10,226,10233
20210401,12,10,60,70,100,125,61,10,238,10237
20210401,13,10,60,60,100,120,56,10,224,10239
20210401,14,30,60,60,100,121,44,10,208,10241
20210401,15,20,60,60,100,112,42,10,180,10241
20210401,16,10,50,50,90,112,39,10,132,10242
20210401,17,10,50,60,90,100,34,10,72,10246
20210401,18,10,50,50,80,86,35,7,22,10249
20210401,19,10,40,40,90,74,37,0,0,10256
20210401,20,360,40,30,80,70,35,0,0,10261
20210401,21,20,40,40,70,60,29,0,0,10264
20210401,22,20,30,30,60,51,24,0,0,10267
20210401,23,30,30,20,60,46,24,0,0,10268
20210401,24,10,20,20,40,42,26,0,0,10268
20210402,1,20,20,20,40,39,20,0,0,10267
20210402,2,350,20,20,40,27,16,0,0,10266
20210402,3,350,20,20,30,18,11,0,0,10266
20210402,4,360,20,10,30,5,3,0,0,10265
20210402,5,20,10,10,20,5,1,0,0,10267
20210402,6,40,10,10,20,11,8,3,8,10268
20210402,7,30,20,20,40,44,23,2,35,10271
20210402,8,20,30,50,80,60,11,0,55,10275
20210402,9,10,40,40,80,64,12,0,70,10276
20210402,10,350,50,50,90,66,12,0,73,10276
20210402,11,350,50,60,100,72,15,0,101,10277
20210402,12,360,50,60,100,70,11,0,88,10276
20210402,13,340,50,50,100,72,16,0,56,10273
20210402,14,360,50,50,100,73,19,0,50,10270
20210402,15,330,50,50,100,75,16,0,47,10268
20210402,16,360,50,40,90,74,9,0,32,10268
20210402,17,340,40,40,80,73,19,0,18,10269
20210402,18,340,40,40,80,60,35,2,6,10269
20210402,19,330,30,30,70,64,36,0,0,10269
20210402,20,330,30,40,80,66,35,0,0,10269
20210402,21,330,40,30,70,56,27,0,0,10271
20210402,22,330,30,40,80,60,34,0,0,10271
20210402,23,350,50,50,100,59,24,0,0,10271
20210402,24,350,50,50,110,54,15,0,0,10270
20210403,1,340,30,30,80,56,13,0,0,10267
20210403,2,330,30,40,60,60,12,0,0,10265
20210403,3,360,40,30,80,63,6,0,0,10267
20210403,4,360,30,30,70,63,17,0,0,10267
20210403,5,350,30,40,60,60,20,0,0,10271
20210403,6,330,30,30,60,51,24,0,5,10277
20210403,7,350,40,40,80,63,24,2,33,10284
20210403,8,350,50,50,100,72,22,1,62,10288
20210403,9,10,40,50,80,83,21,7,132,10291
20210403,10,340,50,40,80,86,22,4,149,10293
20210403,11,10,50,60,90,90,20,4,165,10295
20210403,12,360,50,40,80,100,32,7,205,10293
20210403,13,330,50,50,90,97,15,9,227,10291
20210403,14,360,50,50,90,100,16,6,179,10289
20210403,15,340,50,50,80,90,11,4,129,10286
20210403,16,360,50,50,90,84,10,4,83,10285
20210403,17,10,50,50,100,73,4,0,28,10287
20210403,18,350,50,40,120,70,8,0,7,10286
20210403,19,360,50,60,90,64,-3,0,0,10288
20210403,20,360,40,40,90,63,-1,0,0,10288
20210403,21,360,40,40,80,62,5,0,0,10287
20210403,22,10,40,40,80,62,8,0,0,10286
20210403,23,360,40,40,70,62,10,0,0,10284
20210403,24,10,30,30,60,61,11,0,0,10281
20210404,1,340,20,30,60,60,13,0,0,10279
20210404,2,340,30,20,60,58,11,0,0,10276
20210404,3,350,20,30,60,57,12,0,0,10273
20210404,4,330,20,20,40,56,14,0,0,10270
20210404,5,340,20,20,40,54,15,0,0,10267
20210404,6,300,20,20,40,54,14,0,2,10268
20210404,7,310,20,20,40,55,13,0,10,10268
20210404,8,350,20,20,50,54,20,0,17,10267
20210404,9,320,20,20,50,60,10,0,32,10264
20210404,10,330,20,20,40,64,11,0,64,10262
20210404,11,280,30,30,60,68,15,0,63,10255
20210404,12,260,20,20,50,75,15,0,86,10246
20210404,13,260,30,30,60,78,18,0,110,10238
20210404,14,230,30,50,70,82,23,1,122,10228
20210404,15,230,40,40,70,91,26,4,125,10218
20210404,16,240,40,40,80,90,22,7,101,10208
20210404,17,250,40,40,70,78,20,8,55,10202
20210404,18,240,40,40,80,66,18,7,24,10193
20210404,19,240,40,40,70,57,20,0,0,10184
20210404,20,220,40,40,80,53,20,0,0,10171
20210404,21,220,50,40,80,49,20,0,0,10158
20210404,22,220,50,50,100,51,23,0,0,10141
20210404,23,230,50,50,110,55,27,0,0,10128
20210404,24,230,60,60,100,56,33,0,0,10114
20210405,1,240,50,50,100,55,37,0,0,10105
20210405,2,250,40,30,80,62,46,0,0,10094
20210405,3,270,50,50,120,82,39,0,0,10081
20210405,4,270,50,60,120,84,41,0,0,10071
20210405,5,270,60,70,120,85,43,0,0,10061
20210405,6,330,60,50,160,50,27,0,2,10072
20210405,7,340,60,70,120,36,9,0,11,10083
20210405,8,320,60,60,150,34,-3,0,31,10091
20210405,9,320,70,90,150,34,-13,0,59,10102
20210405,10,330,60,70,170,40,-38,1,94,10107
20210405,11,310,70,80,160,43,-59,6,171,10115
20210405,12,320,70,70,150,36,-39,8,223,10122
20210405,13,310,70,60,150,38,-21,8,179,10124
20210405,14,320,80,80,180,39,-27,10,182,10128
20210405,15,310,70,80,140,42,-47,8,129,10128
20210405,16,310,70,80,160,20,-21,10,121,10140
20210405,17,280,50,50,150,32,-20,7,61,10135
20210405,18,290,60,60,150,35,-34,7,27,10132
20210405,19,290,60,80,170,17,-12,0,1,10133
20210405,20,270,60,60,130,28,4,0,0,10124
20210405,21,310,60,70,160,31,6,0,0,10123
20210405,22,320,50,50,130,33,6,0,0,10127
20210405,23,320,60,60,130,34,-10,0,0,10130
20210405,24,290,50,40,90,29,-4,0,0,10134
20210406,1,310,40,50,110,33,-8,0,0,10137
20210406,2,310,50,40,110,25,-15,0,0,10133
20210406,3,290,40,30,110,12,-7,0,0,10134
20210406,4,290,30,40,80,16,-11,0,0,10132
20210406,5,290,40,40,80,15,-15,0,0,10134
20210406,6,290,40,30,80,8,-4,2,7,10133
20210406,7,310,30,30,80,22,-8,2,37,10135
20210406,8,340,40,50,90,16,-6,6,80,10134
20210406,9,300,40,60,90,37,-22,8,150,10129
20210406,10,300,60,70,140,27,-14,6,145,10131
20210406,11,290,50,60,120,50,-10,8,199,10122
20210406,12,290,60,60,150,46,-13,6,160,10120
20210406,13,310,50,60,150,41,-25,6,128,10119
20210406,14,300,50,60,120,48,-28,3,115,10116
20210406,15,300,60,50,130,44,-16,3,93,10117
20210406,16,300,50,50,120,41,-14,4,79,10116
20210406,17,340,60,40,140,19,-3,7,59,10121
20210406,18,310,40,40,120,17,-20,2,11,10124
20210406,19,300,40,30,100,11,-14,0,0,10129
20210406,20,320,30,40,90,19,-22,0,0,10134
20210406,21,290,30,20,100,15,-27,0,0,10131
20210406,22,270,30,30,70,16,-21,0,0,10134
20210406,23,300,40,20,110,6,-15,0,0,10136
20210406,24,290,30,30,80,10,-5,0,0,10140
20210407,1,290,30,20,80,10,-4,0,0,10137
20210407,2,270,20,20,40,7,-1,0,0,10135
20210407,3,270,30,40,90,12,1,0,0,10130
20210407,4,270,50,40,120,8,-1,0,0,10126
20210407,5,250,50,60,110,5,1,0,0,10119
20210407,6,310,40,40,100,27,22,0,2,10122
20210407,7,320,60,70,140,46,27,3,34,10133
20210407,8,320,50,50,120,57,29,2,53,10144
20210407,9,320,60,60,120,61,24,0,59,10154
20210407,10,300,60,60,140,60,16,3,90,10163
20210407,11,300,70,50,130,63,14,2,114,10170
20210407,12,300,60,70,140,64,0,1,119,10176
20210407,13,270,70,60,150,47,10,2,124,10184
20210407,14,300,60,60,130,61,-7,5,152,10186
20210407,15,300,70,70,160,35,-4,4,82,10197
20210407,16,290,60,70,150,54,3,8,120,10195
20210407,17,290,60,40,120,33,3,5,65,10200
20210407,18,290,50,50,110,22,3,5,22,10205
20210407,19,270,30,30,70,24,1,0,1,10208
20210407,20,280,30,20,80,24,-2,0,0,10212
20210407,21,250,20,20,40,21,-2,0,0,10214
20210407,22,290,20,30,60,23,-10,0,0,10220
20210407,23,250,20,20,50,19,-4,0,0,10222
20210407,24,270,20,30,50,25,-10,0,0,10225
20210408,1,270,30,20,70,23,-10,0,0,10227
20210408,2,230,20,20,50,23,-4,0,0,10229
20210408,3,230,20,10,40,23,-3,0,0,10227
20210408,4,250,10,10,30,24,-8,0,0,10228
20210408,5,210,20,20,30,12,-8,0,0,10228
20210408,6,220,20,20,40,28,-17,5,15,10230
20210408,7,230,30,20,50,38,-26,0,38,10233
20210408,8,230,30,40,80,56,-22,8,100,10233
20210408,9,210,40,50,70,59,-21,0,71,10233
20210408,10,210,50,60,90,60,-30,0,77,10232
20210408,11,230,60,70,100,68,-26,0,122,10230
20210408,12,240,60,60,110,72,-12,1,132,10226
20210408,13,240,60,60,110,80,-11,4,186,10220
20210408,14,220,70,60,110,85,-12,7,192,10215
20210408,15,210,60,60,100,88,-11,4,126,10209
20210408,16,220,60,60,100,83,-15,8,95,10204
20210408,17,210,50,40,90,86,-9,3,52,10198
20210408,18,220,40,40,80,80,-8,8,20,10193
20210408,19,210,30,30,60,67,-2,0,1,10188
20210408,20,200,30,40,50,61,-3,0,0,10185
20210408,21,200,40,40,60,54,-8,0,0,10180
20210408,22,200,40,30,60,49,-5,0,0,10172
20210408,23,200,30,30,60,45,-3,0,0,10165
20210408,24,190,30,40,60,45,-1,0,0,10157
20210409,1,200,40,40,80,49,-9,0,0,10153
20210409,2,210,40,40,70,49,-4,0,0,10146
20210409,3,210,40,40,70,51,-3,0,0,10141
20210409,4,210,40,40,70,51,1,0,0,10137
20210409,5,210,40,40,70,51,4,0,0,10133
20210409,6,220,40,50,90,52,9,3,13,10133
20210409,7,220,50,40,90,62,22,2,51,10133
20210409,8,230,50,50,90,73,31,5,84,10133
20210409,9,230,50,50,90,88,42,5,132,10134
20210409,10,230,50,50,90,95,44,6,177,10135
20210409,11,240,50,50,90,109,46,5,175,10133
20210409,12,290,40,40,80,101,38,2,92,10131
20210409,13,270,40,40,80,107,34,0,91,10131
20210409,14,240,50,50,100,119,31,5,168,10128
20210409,15,250,50,50,90,116,21,8,140,10128
20210409,16,260,50,50,90,117,17,9,132,10126
20210409,17,300,40,30,80,110,47,10,84,10126
20210409,18,340,30,20,60,89,48,8,29,10126
20210409,19,340,20,20,30,83,44,0,1,10130
20210409,20,20,20,30,40,76,41,0,0,10128
20210409,21,30,30,40,60,63,43,0,0,10129
20210409,22,30,30,30,70,58,39,0,0,10129
20210409,23,30,30,30,60,56,35,0,0,10132
20210409,24,50,30,20,40,51,34,0,0,10133
20210410,1,30,20,20,40,50,32,0,0,10132
20210410,2,20,20,30,50,52,32,0,0,10132
20210410,3,30,30,30,60,52,29,0,0,10134
20210410,4,30,30,20,50,51,31,0,0,10136
20210410,5,30,30,30,50,50,29,0,0,10138
20210410,6,50,30,30,60,50,29,0,8,10141
20210410,7,40,40,40,70,55,27,0,34,10144
20210410,8,50,40,50,80,66,28,0,72,10145
20210410,9,70,50,50,80,74,27,2,92,10146
20210410,10,80,50,50,80,76,25,0,67,10147
20210410,11,50,50,40,90,70,33,0,52,10143
20210410,12,50,50,60,90,71,32,0,67,10135
20210410,13,50,50,50,90,67,36,0,62,10130
20210410,14,50,50,50,90,61,37,0,29,10125
20210410,15,40,40,40,80,56,40,0,14,10121
20210410,16,40,50,60,90,51,37,0,14,10113
20210410,17,30,60,60,100,44,33,0,10,10109
20210410,18,30,60,60,100,40,27,0,4,10105
20210410,19,20,60,60,100,35,23,0,0,10102
20210410,20,30,60,60,110,33,21,0,0,10100
20210410,21,20,50,50,100,27,18,0,0,10097
20210410,22,10,60,50,110,24,16,0,0,10095
20210410,23,360,50,50,90,22,14,0,0,10096
20210410,24,10,50,50,100,24,16,0,0,10094
20210411,1,360,50,50,100,28,20,0,0,10094
20210411,2,360,50,50,100,30,22,0,0,10090
20210411,3,350,50,50,100,30,21,0,0,10095
20210411,4,360,50,50,100,31,21,0,0,10098
20210411,5,350,50,60,110,34,21,0,0,10102
20210411,6,350,50,40,90,36,21,0,4,10109
20210411,7,340,40,40,100,38,20,0,8,10117
20210411,8,350,50,50,90,41,14,0,24,10124
20210411,9,350,50,50,100,50,17,0,69,10130
20210411,10,360,60,60,100,57,12,2,102,10136
20210411,11,340,60,60,100,59,12,1,114,10141
20210411,12,340,50,50,100,68,6,1,140,10147
20210411,13,360,50,60,100,67,-7,4,165,10155
20210411,14,350,50,40,100,71,3,3,145,10160
20210411,15,330,40,30,90,70,2,5,108,10165
20210411,16,360,40,50,80,71,-13,7,100,10170
20210411,17,310,40,40,80,62,-16,6,63,10177
20210411,18,310,40,20,80,56,-16,8,41,10186
20210411,19,310,30,20,50,41,-5,0,2,10197
20210411,20,300,20,20,40,31,-4,0,0,10204
20210411,21,290,20,20,40,20,-4,0,0,10208
20210411,22,300,10,10,40,17,0,0,0,10213
20210411,23,260,10,10,30,0,-8,0,0,10219
20210411,24,280,20,10,30,5,-5,0,0,10224
20210412,1,230,20,20,30,-2,-10,0,0,10227
20210412,2,250,20,20,30,-4,-10,0,0,10232
20210412,3,260,20,20,50,10,-6,0,0,10235
20210412,4,260,20,10,50,14,-4,0,0,10238
20210412,5,230,20,20,30,-3,-11,0,0,10242
20210412,6,270,10,10,40,19,-3,5,18,10249
20210412,7,270,30,60,100,21,-4,8,77,10259
20210412,8,260,20,20,60,35,7,3,68,10260
20210412,9,250,40,50,90,26,5,3,94,10270
20210412,10,220,40,40,90,37,25,2,96,10271
20210412,11,260,40,30,60,60,15,10,259,10269
20210412,12,310,40,50,100,62,2,8,219,10273
20210412,13,310,50,40,90,68,-19,8,230,10276
20210412,14,270,50,50,100,79,-3,6,172,10277
20210412,15,290,60,50,110,77,-14,10,196,10278
20210412,16,310,50,40,100,50,1,7,119,10286
20210412,17,290,40,50,90,61,-8,10,82,10288
20210412,18,280,40,40,80,56,-27,10,30,10289
20210412,19,280,30,30,70,45,-20,0,3,10296
20210412,20,260,20,20,60,34,-2,0,0,10299
20210412,21,260,10,20,30,23,-1,0,0,10302
20210412,22,260,20,20,30,23,3,0,0,10305
20210412,23,260,20,20,30,19,0,0,0,10306
20210412,24,260,20,20,40,23,1,0,0,10309
20210413,1,270,20,20,40,13,-1,0,0,10310
20210413,2,260,20,20,30,4,-6,0,0,10310
20210413,3,260,20,10,30,-15,-19,0,0,10314
20210413,4,260,10,10,20,-21,-24,0,0,10315
20210413,5,260,10,10,20,-22,-27,0,0,10319
20210413,6,270,10,10,30,8,-14,7,22,10324
20210413,7,280,20,20,30,48,3,7,68,10330
20210413,8,320,30,30,50,67,5,8,121,10332
20210413,9,330,30,30,60,76,-3,10,187,10333
20210413,10,300,30,40,70,82,-9,10,209,10332
20210413,11,320,30,30,70,86,-28,8,217,10329
20210413,12,310,40,30,70,84,-28,4,159,10327
20210413,13,320,30,40,70,89,-26,3,138,10327
20210413,14,300,30,30,120,87,-29,2,113,10324
20210413,15,350,30,40,80,85,-34,3,99,10322
20210413,16,320,40,30,70,83,-38,0,51,10320
20210413,17,350,30,30,60,88,-36,7,70,10322
20210413,18,320,20,30,50,77,-42,10,45,10321
20210413,19,310,20,10,50,53,-28,0,3,10324
20210413,20,320,20,10,30,22,-18,0,0,10327
20210413,21,0,0,0,20,4,-7,0,0,10326
20210413,22,160,10,10,20,5,-14,0,0,10325
20210413,23,0,10,0,20,-2,-12,0,0,10321
20210413,24,0,0,0,10,-3,-11,0,0,10320
20210414,1,160,10,10,20,-5,-12,0,0,10317
20210414,2,140,10,10,10,2,-8,0,0,10316
20210414,3,0,10,0,10,3,-6,0,0,10314
20210414,4,120,10,10,20,3,-7,0,0,10311
20210414,5,350,10,10,20,8,-9,0,1,10313
20210414,6,220,10,10,20,13,-4,2,18,10317
20210414,7,290,20,40,60,30,5,2,21,10324
20210414,8,200,30,30,60,39,14,2,69,10323
20210414,9,220,20,20,40,55,18,2,122,10323
20210414,10,990,10,10,40,59,6,2,103,10322
20210414,11,10,10,20,60,79,8,3,126,10318
20210414,12,330,30,20,60,82,-36,6,204,10313
20210414,13,350,30,30,80,92,-9,5,168,10310
20210414,14,350,50,60,90,89,-14,7,155,10308
20210414,15,30,50,40,110,77,-25,2,114,10308
20210414,16,360,50,50,90,83,-21,8,135,10305
20210414,17,20,50,60,90,74,4,10,121,10305
20210414,18,40,50,40,80,65,-5,10,50,10307
20210414,19,360,40,40,70,55,1,0,4,10311
20210414,20,360,30,30,60,48,4,0,0,10314
20210414,21,10,30,20,50,42,4,0,0,10315
20210414,22,360,20,20,40,36,2,0,0,10316
20210414,23,330,20,10,30,12,-1,0,0,10315
20210414,24,20,20,30,60,33,6,0,0,10315
20210415,1,260,20,10,70,21,16,0,0,10309
20210415,2,0,10,0,20,14,10,0,0,10308
20210415,3,240,10,10,10,11,5,0,0,10306
20210415,4,0,10,0,10,10,7,0,0,10305
20210415,5,0,10,0,10,8,3,0,1,10308
20210415,6,330,10,10,10,19,16,3,17,10311
20210415,7,30,10,20,40,49,16,10,79,10313
20210415,8,40,30,30,60,51,16,8,114,10317
20210415,9,40,40,50,70,59,16,6,120,10318
20210415,10,30,50,40,80,68,13,7,197,10319
20210415,11,70,40,30,80,76,5,7,238,10318
20210415,12,40,40,30,70,80,-5,5,183,10314
20210415,13,50,30,30,60,77,-4,0,73,10313
20210415,14,120,20,20,50,95,-16,3,157,10308
20210415,15,50,20,40,90,86,-22,0,77,10305
20210415,16,40,40,40,80,85,-4,0,51,10304
20210415,17,10,30,20,60,83,-13,0,40,10302
20210415,18,350,30,30,60,81,-3,10,34,10301
20210415,19,360,30,30,50,71,-7,0,3,10305
20210415,20,10,20,30,60,62,-2,0,0,10307
20210415,21,30,30,30,60,55,-21,0,0,10308
20210415,22,20,30,30,40,43,-27,0,0,10309
20210415,23,30,30,30,50,36,-23,0,0,10309
20210415,24,20,30,20,50,27,-19,0,0,10307
20210416,1,10,20,20,40,21,-18,0,0,10302
20210416,2,350,20,20,40,-5,-20,0,0,10301
20210416,3,350,20,20,30,-13,-21,0,0,10299
20210416,4,360,20,20,20,-17,-26,0,0,10299
20210416,5,360,20,20,30,-15,-23,0,1,10300
20210416,6,350,20,20,30,1,-3,2,15,10300
20210416,7,20,20,30,50,58,2,10,81,10301
20210416,8,30,40,30,60,77,2,10,140,10300
20210416,9,360,30,30,60,88,2,10,192,10298
20210416,10,60,40,50,80,101,-5,10,234,10295
20210416,11,10,40,40,80,102,-11,9,257,10291
20210416,12,10,40,40,80,110,-8,8,230,10286
20210416,13,10,40,50,80,116,0,9,227,10283
20210416,14,30,40,50,100,108,-8,9,205,10280
20210416,15,10,50,60,100,113,-5,10,183,10275
20210416,16,20,60,50,100,113,-1,10,152,10274
20210416,17,350,60,60,100,105,13,10,96,10275
20210416,18,350,50,40,100,97,18,10,41,10275
20210416,19,360,40,40,80,86,17,0,5,10280
20210416,20,20,40,40,70,78,5,0,0,10283
20210416,21,20,30,30,60,69,2,0,0,10283
20210416,22,20,30,30,60,59,2,0,0,10286
20210416,23,10,30,30,50,53,5,0,0,10286
20210416,24,10,30,30,50,46,7,0,0,10286
20210417,1,10,30,20,50,39,3,0,0,10283
20210417,2,360,20,20,40,28,0,0,0,10282
20210417,3,350,20,30,40,21,2,0,0,10280
20210417,4,350,20,10,30,9,0,0,0,10280
20210417,5,350,20,20,20,1,-5,0,1,10280
20210417,6,350,20,10,30,33,20,8,26,10280
20210417,7,350,20,20,40,63,20,10,82,10280
20210417,8,360,30,40,60,88,19,10,142,10278
20210417,9,340,40,50,80,96,10,10,217,10276
20210417,10,30,50,50,80,109,8,10,257,10273
20210417,11,30,50,50,80,112,-1,10,269,10266
20210417,12,10,40,40,80,117,10,9,262,10261
20210417,13,350,50,60,90,110,10,7,218,10259
20210417,14,20,40,40,80,114,14,9,206,10254
20210417,15,340,40,50,80,113,10,9,180,10249
20210417,16,350,50,40,80,112,9,10,151,10247
20210417,17,360,50,50,80,102,6,10,85,10246
20210417,18,360,40,40,80,92,13,10,34,10247
20210417,19,360,30,30,70,80,11,0,3,10248
20210417,20,360,30,30,50,70,24,0,0,10249
20210417,21,330,20,20,40,59,33,0,0,10248
20210417,22,330,20,20,30,51,36,0,0,10247
20210417,23,320,20,20,40,46,28,0,0,10245
20210417,24,330,20,20,40,43,27,0,0,10244
20210418,1,340,20,10,40,33,23,0,0,10239
20210418,2,340,20,10,30,16,12,0,0,10237
20210418,3,340,10,10,20,4,3,0,0,10236
20210418,4,20,10,10,10,1,1,0,0,10235
20210418,5,0,0,0,10,13,10,0,1,10236
20210418,6,300,10,10,20,39,36,0,15,10238
20210418,7,320,10,20,30,50,48,0,40,10238
20210418,8,310,20,20,30,55,50,0,66,10236
20210418,9,330,20,20,40,81,52,5,149,10238
20210418,10,330,20,20,40,104,45,10,235,10235
20210418,11,320,20,20,40,122,42,10,264,10232
20210418,12,310,30,30,50,132,34,10,274,10228
20210418,13,320,40,40,70,142,33,10,287,10225
20210418,14,330,40,40,60,152,32,8,234,10224
20210418,15,340,30,30,70,151,31,8,187,10219
20210418,16,330,30,30,60,149,35,10,154,10218
20210418,17,330,30,30,60,144,53,10,93,10218
20210418,18,340,30,20,60,130,57,10,40,10221
20210418,19,320,20,20,50,110,54,0,5,10225
20210418,20,320,20,20,40,88,50,0,0,10225
20210418,21,320,20,20,30,83,50,0,0,10224
20210418,22,330,30,30,50,82,43,0,0,10223
20210418,23,340,20,20,40,73,43,0,0,10222
20210418,24,330,20,20,40,64,44,0,0,10218
20210419,1,330,20,20,40,63,50,0,0,10215
20210419,2,320,20,20,30,47,40,0,0,10212
20210419,3,330,20,20,40,51,48,0,0,10210
20210419,4,330,20,20,40,52,50,0,0,10209
20210419,5,350,20,30,40,52,48,0,1,10208
20210419,6,330,20,20,40,59,58,0,8,10208
20210419,7,40,20,20,30,67,65,0,19,10208
20210419,8,60,20,20,40,80,69,1,68,10207
20210419,9,30,20,20,30,101,72,3,120,10207
20210419,10,90,20,30,60,117,81,3,153,10207
20210419,11,90,30,30,80,123,62,2,154,10205
20210419,12,70,40,30,60,130,64,2,139,10203
20210419,13,80,30,40,60,138,61,7,209,10199
20210419,14,120,30,30,60,135,60,0,76,10197
20210419,15,170,30,20,60,130,74,1,90,10196
20210419,16,130,30,30,50,132,71,5,120,10195
20210419,17,150,20,20,40,130,59,6,87,10195
20210419,18,0,10,0,30,126,60,0,23,10194
20210419,19,160,10,10,10,100,70,2,4,10195
20210419,20,0,0,0,10,74,65,0,0,10195
20210419,21,160,10,10,10,62,57,0,0,10195
20210419,22,10,10,10,10,57,53,0,0,10195
20210419,23,30,10,10,20,49,47,0,0,10195
20210419,24,40,10,10,20,46,41,0,0,10192
20210420,1,60,10,10,20,53,50,0,0,10188
20210420,2,60,10,10,20,56,51,0,0,10186
20210420,3,50,10,10,10,42,41,0,0,10185
20210420,4,70,10,10,20,31,30,0,0,10183
20210420,5,50,10,10,20,29,26,0,2,10183
20210420,6,40,10,20,30,60,50,10,29,10185
20210420,7,80,10,10,20,99,50,10,84,10185
20210420,8,150,10,10,20,126,50,10,141,10184
20210420,9,140,10,10,30,146,51,10,194,10183
20210420,10,210,20,20,60,158,45,10,241,10182
20210420,11,210,10,20,50,156,46,1,139,10178
20210420,12,990,20,10,40,169,45,5,202,10174
20210420,13,360,20,20,40,163,52,2,142,10172
20210420,14,320,20,20,40,163,49,0,98,10169
20210420,15,320,20,20,50,165,53,5,150,10166
20210420,16,360,30,30,60,160,48,0,60,10166
20210420,17,320,20,20,40,158,50,0,40,10165
20210420,18,20,20,20,40,149,56,8,33,10164
20210420,19,20,30,20,50,127,62,2,5,10170
20210420,20,360,20,10,40,105,61,0,0,10173
20210420,21,340,20,20,30,97,53,0,0,10173
20210420,22,340,20,10,30,73,50,0,0,10172
20210420,23,340,20,20,30,73,48,0,0,10173
20210420,24,340,20,20,30,51,41,0,0,10171
20210421,1,330,10,10,20,42,38,0,0,10169
20210421,2,320,10,10,20,37,34,0,0,10168
20210421,3,320,20,30,30,53,49,0,0,10170
20210421,4,330,20,20,40,58,53,0,0,10169
20210421,5,330,20,30,40,59,54,0,3,10172
20210421,6,340,30,30,40,76,62,8,31,10175
20210421,7,350,30,30,50,93,63,7,74,10179
20210421,8,350,40,40,80,113,64,10,133,10183
20210421,9,360,50,50,90,120,64,9,188,10189
20210421,10,360,60,60,90,112,66,6,198,10194
20210421,11,360,60,60,100,108,61,1,135,10197
20210421,12,10,60,60,110,120,49,4,197,10198
20210421,13,360,60,50,100,124,45,8,232,10197
20210421,14,360,50,50,90,122,34,10,240,10199
20210421,15,350,60,70,100,112,26,10,214,10203
20210421,16,360,60,70,120,106,13,10,165,10206
20210421,17,360,70,70,120,95,7,10,110,10211
20210421,18,360,60,60,120,85,9,10,51,10216
20210421,19,360,50,40,100,73,7,2,5,10222
20210421,20,10,40,40,80,65,1,0,0,10229
20210421,21,20,30,30,60,59,0,0,0,10233
20210421,22,20,30,30,60,51,-2,0,0,10236
20210421,23,20,20,20,50,38,-1,0,0,10241
20210421,24,40,20,10,30,34,2,0,0,10243
20210422,1,10,10,10,20,42,7,0,0,10246
20210422,2,300,10,10,30,31,5,0,0,10248
20210422,3,330,10,10,20,34,11,0,0,10250
20210422,4,330,20,20,50,50,5,0,0,10251
20210422,5,310,20,20,40,51,3,0,2,10252
20210422,6,330,20,30,60,62,1,0,22,10259
20210422,7,340,30,40,70,68,-5,0,48,10263
20210422,8,360,40,30,70,81,2,1,87,10267
20210422,9,350,40,50,80,80,-2,1,113,10270
20210422,10,360,40,40,80,88,0,4,156,10270
20210422,11,340,40,40,80,100,-3,8,257,10271
20210422,12,320,40,50,80,105,6,10,278,10270
20210422,13,330,40,50,80,110,9,10,267,10270
20210422,14,350,40,40,80,110,6,10,261,10269
20210422,15,350,40,50,80,107,13,10,205,10271
20210422,16,350,40,50,80,105,8,10,166,10272
20210422,17,360,50,50,90,96,14,10,105,10274
20210422,18,360,40,50,90,85,12,10,50,10275
20210422,19,30,40,30,70,74,12,2,8,10281
20210422,20,10,30,20,60,65,12,0,0,10284
20210422,21,350,10,10,40,35,12,0,0,10285
20210422,22,300,10,10,20,21,13,0,0,10286
20210422,23,310,10,10,20,10,4,0,0,10288
20210422,24,330,10,10,20,6,3,0,0,10288
20210423,1,290,10,10,10,-1,-3,0,0,10289
20210423,2,0,0,0,30,-5,-6,0,0,10289
20210423,3,330,10,10,10,-11,-12,0,0,10291
20210423,4,330,10,10,20,-12,-15,0,0,10293
20210423,5,320,10,20,20,-9,-13,0,4,10299
20210423,6,320,10,10,20,32,9,10,42,10303
20210423,7,330,20,20,40,67,14,10,103,10305
20210423,8,340,30,30,50,75,16,10,145,10306
20210423,9,320,30,30,60,89,17,10,198,10305
20210423,10,330,30,30,60,107,25,10,250,10304
20210423,11,330,30,40,70,111,21,10,279,10303
20210423,12,340,40,30,70,120,17,10,290,10300
20210423,13,340,40,40,70,124,25,10,283,10297
20210423,14,340,40,50,80,127,10,10,258,10294
20210423,15,10,40,40,80,129,7,10,221,10291
20210423,16,10,40,40,80,127,4,10,170,10287
20210423,17,30,50,50,80,118,19,10,111,10286
20210423,18,20,40,40,70,108,28,10,52,10286
20210423,19,20,40,30,70,91,28,2,6,10289
20210423,20,20,40,30,70,80,30,0,0,10294
20210423,21,20,30,40,50,73,34,0,0,10292
20210423,22,20,30,30,50,66,35,0,0,10291
20210423,23,40,30,30,40,51,28,0,0,10291
20210423,24,30,20,20,30,45,25,0,0,10292
20210424,1,40,10,10,30,22,14,0,0,10290
20210424,2,30,10,20,30,33,22,0,0,10289
20210424,3,20,10,10,20,15,13,0,0,10289
20210424,4,20,10,10,20,7,4,0,0,10289
20210424,5,20,10,10,10,8,5,2,4,10289
20210424,6,30,10,20,20,41,15,8,36,10291
20210424,7,50,20,20,30,71,15,9,86,10292
20210424,8,50,40,40,60,86,15,9,151,10292
20210424,9,40,40,40,70,97,22,9,192,10291
20210424,10,20,40,50,80,108,19,8,218,10288
20210424,11,10,40,40,80,117,14,8,240,10283
20210424,12,10,40,50,90,112,26,4,203,10281
20210424,13,40,50,50,80,112,26,0,144,10281
20210424,14,20,50,50,80,118,19,0,128,10277
20210424,15,30,40,50,90,130,2,6,167,10271
20210424,16,40,60,60,100,127,-5,10,158,10268
20210424,17,30,60,70,110,110,-22,8,85,10271
20210424,18,40,50,50,80,106,-11,10,48,10272
20210424,19,20,50,30,100,92,-10,2,13,10273
20210424,20,30,40,40,70,79,-13,0,0,10278
20210424,21,30,40,40,70,66,-5,0,0,10282
20210424,22,30,40,40,70,59,13,0,0,10283
20210424,23,30,30,20,60,50,13,0,0,10283
20210424,24,30,20,10,40,54,15,0,0,10282
20210425,1,30,10,10,30,48,15,0,0,10282
20210425,2,30,20,20,30,54,15,0,0,10282
20210425,3,40,20,20,40,56,12,0,0,10280
20210425,4,20,20,30,60,59,1,0,0,10279
20210425,5,40,40,40,80,55,-5,0,2,10280
20210425,6,40,30,20,60,56,-5,0,12,10283
20210425,7,30,40,40,80,61,-4,0,30,10286
20210425,8,30,40,40,90,65,-4,0,59,10289
20210425,9,40,50,50,80,72,4,0,88,10288
20210425,10,20,50,40,80,78,4,0,104,10287
20210425,11,30,40,50,80,83,6,0,134,10283
20210425,12,20,40,50,80,88,4,2,179,10279
20210425,13,60,40,40,70,93,4,4,194,10280
20210425,14,40,40,40,70,98,2,10,269,10276
20210425,15,30,40,40,70,106,8,10,216,10270
20210425,16,40,40,50,80,98,3,10,171,10267
20210425,17,10,40,40,80,93,1,10,115,10265
20210425,18,20,50,40,90,86,6,10,56,10262
20210425,19,350,40,40,80,75,10,3,11,10262
20210425,20,360,30,30,60,67,11,0,0,10262
20210425,21,10,30,40,70,62,12,0,0,10260
20210425,22,20,40,30,80,54,6,0,0,10258
20210425,23,20,30,30,60,46,6,0,0,10257
20210425,24,20,30,30,60,39,6,0,0,10257
20210426,1,10,30,30,40,33,6,0,0,10251
20210426,2,10,30,30,50,29,6,0,0,10247
20210426,3,10,20,30,40,25,5,0,0,10242
20210426,4,20,30,20,50,22,4,0,0,10236
20210426,5,20,20,20,40,23,6,2,6,10234
20210426,6,30,20,30,50,42,5,10,45,10234
20210426,7,30,40,40,60,61,5,10,104,10232
20210426,8,30,40,40,60,76,5,10,164,10230
20210426,9,40,40,40,70,90,5,10,218,10225
20210426,10,40,30,30,60,102,9,10,258,10220
20210426,11,360,30,20,60,110,-8,10,283,10213
20210426,12,50,30,20,60,116,2,10,296,10206
20210426,13,30,30,40,70,121,6,10,291,10198
20210426,14,10,40,40,80,118,-4,10,267,10192
20210426,15,20,50,50,90,116,0,10,229,10183
20210426,16,20,50,50,100,113,2,10,170,10176
20210426,17,20,50,50,90,108,9,10,113,10168
20210426,18,10,50,50,80,97,16,8,44,10165
20210426,19,20,50,50,80,83,17,3,9,10165
20210426,20,30,40,40,70,74,10,0,0,10167
20210426,21,40,40,40,60,63,7,0,0,10165
20210426,22,40,40,40,60,53,3,0,0,10161
20210426,23,50,40,40,70,45,0,0,0,10156
20210426,24,50,40,30,60,38,-3,0,0,10150
20210427,1,40,20,30,40,30,-5,0,0,10143
20210427,2,40,30,30,50,27,-9,0,0,10138
20210427,3,50,20,20,50,21,-11,0,0,10133
20210427,4,50,20,20,40,13,-12,0,0,10130
20210427,5,60,20,20,30,16,-10,2,7,10128
20210427,6,80,20,20,40,43,0,10,51,10127
20210427,7,80,20,20,30,61,-1,5,77,10126
20210427,8,80,20,20,30,85,-1,3,104,10123
20210427,9,100,30,20,50,111,-1,8,187,10120
20210427,10,100,30,50,80,131,-10,10,256,10114
20210427,11,110,50,50,80,137,-6,10,283,10108
20210427,12,130,50,50,80,140,-8,10,294,10104
20210427,13,150,40,40,80,149,-2,10,287,10098
20210427,14,110,40,40,100,152,-6,10,261,10093
20210427,15,70,30,40,70,152,-15,10,223,10086
20210427,16,80,40,40,80,147,-23,10,173,10085
20210427,17,90,40,40,70,142,-23,10,115,10083
20210427,18,70,40,40,70,131,-33,10,57,10082
20210427,19,70,40,30,60,111,-30,3,9,10081
20210427,20,50,30,30,60,97,-32,0,0,10085
20210427,21,40,30,30,40,88,-33,0,0,10085
20210427,22,50,30,30,50,77,-32,0,0,10085
20210427,23,60,30,30,50,74,-32,0,0,10082
20210427,24,50,30,30,50,66,-29,0,0,10079
20210428,1,30,30,30,50,61,-24,0,0,10074
20210428,2,40,40,40,60,58,-27,0,0,10070
20210428,3,40,40,40,60,51,-25,0,0,10066
20210428,4,40,40,30,60,43,-28,0,0,10064
20210428,5,40,30,30,50,44,-28,2,7,10063
20210428,6,50,30,30,50,57,-22,10,46,10062
20210428,7,30,20,30,40,72,-18,6,83,10062
20210428,8,40,20,20,40,96,-6,8,143,10060
20210428,9,60,30,40,70,121,-5,10,231,10057
20210428,10,50,40,30,70,128,-1,5,192,10052
20210428,11,30,40,40,60,141,4,2,163,10047
20210428,12,20,40,40,80,165,9,8,264,10042
20210428,13,120,30,20,80,172,30,6,226,10038
20210428,14,30,30,40,70,165,18,2,164,10035
20210428,15,350,40,60,110,157,14,0,62,10032
20210428,16,10,60,50,100,160,12,1,84,10032
20210428,17,20,60,60,110,147,24,8,98,10026
20210428,18,20,60,60,120,131,38,2,23,10025
20210428,19,20,60,60,100,122,31,0,3,10027
20210428,20,30,50,40,90,115,24,0,0,10032
20210428,21,50,50,50,90,103,24,0,0,10028
20210428,22,40,50,50,80,96,26,0,0,10024
20210428,23,20,40,30,70,95,20,0,0,10024
20210428,24,340,30,30,60,85,26,0,0,10020
20210429,1,350,30,30,50,90,28,0,0,10018
20210429,2,10,40,30,70,91,39,0,0,10016
20210429,3,280,30,30,70,91,50,0,0,10018
20210429,4,300,30,30,70,78,66,0,0,10019
20210429,5,340,40,30,80,76,67,0,2,10017
20210429,6,350,40,40,80,75,63,0,5,10016
20210429,7,350,40,40,90,79,63,0,15,10018
20210429,8,330,30,20,100,80,56,0,17,10024
20210429,9,330,30,30,70,77,50,0,11,10030
20210429,10,320,40,40,80,72,42,0,9,10038
20210429,11,310,50,50,80,65,42,0,14,10046
20210429,12,300,50,40,110,69,54,0,42,10053
20210429,13,300,50,50,120,73,38,0,65,10063
20210429,14,300,60,60,140,75,34,0,59,10068
20210429,15,300,60,60,110,72,34,0,35,10074
20210429,16,290,50,50,100,87,39,0,33,10076
20210429,17,280,60,60,130,84,41,0,18,10083
20210429,18,280,60,60,120,81,40,0,9,10089
20210429,19,270,50,40,100,74,51,0,3,10095
20210429,20,270,40,30,90,73,53,0,0,10101
20210429,21,270,40,40,70,72,54,0,0,10105
20210429,22,280,30,30,70,72,56,0,0,10109
20210429,23,280,30,20,60,72,57,0,0,10114
20210429,24,280,20,20,50,71,59,0,0,10113
20210430,1,290,20,20,40,71,59,0,0,10113
20210430,2,280,20,20,40,72,61,0,0,10116
20210430,3,270,10,10,30,71,65,0,0,10118
20210430,4,260,20,20,30,72,65,0,0,10118
20210430,5,60,10,10,30,73,68,0,0,10121
20210430,6,350,20,20,40,74,68,0,3,10124
20210430,7,20,30,20,40,73,67,0,12,10126
20210430,8,360,20,20,40,76,66,0,19,10129
20210430,9,350,10,10,30,76,67,0,20,10131
20210430,10,20,20,20,30,76,66,0,20,10133
20210430,11,340,10,10,30,85,76,0,42,10133
20210430,12,360,20,20,30,86,70,0,83,10132
20210430,13,300,20,30,50,96,76,1,84,10133
20210430,14,330,30,30,60,98,59,4,189,10130
20210430,15,300,30,30,60,96,55,0,114,10131
20210430,16,320,40,30,70,94,58,5,109,10130
20210430,17,320,30,30,60,87,58,0,29,10131
20210430,18,310,30,30,50,85,53,5,30,10134
20210430,19,300,20,20,40,80,45,0,9,10137
20210430,20,310,10,10,30,74,49,0,0,10141
20210430,21,280,10,10,20,58,45,0,0,10142
20210430,22,280,20,20,30,63,43,0,0,10142
20210430,23,260,20,20,40,63,48,0,0,10144
20210430,24,260,20,10,40,66,48,0,0,10145
20210501,1,260,20,20,30,62,46,0,0,10142
20210501,2,240,20,10,40,47,39,0,0,10140
20210501,3,250,10,20,30,38,34,0,0,10137
20210501,4,250,10,10,20,22,16,0,0,10135
20210501,5,230,20,20,30,38,33,3,7,10137
20210501,6,240,20,20,40,62,43,10,49,10139
20210501,7,260,20,20,50,81,47,10,105,10141
20210501,8,290,30,30,60,87,38,8,123,10140
20210501,9,270,30,30,60,86,31,4,96,10141
20210501,10,290,40,30,80,100,28,5,169,10138
20210501,11,260,40,30,80,109,14,8,215,10139
20210501,12,300,40,40,80,115,28,8,257,10139
20210501,13,280,40,40,80,110,16,9,253,10137
20210501,14,300,40,40,80,112,20,6,209,10136
20210501,15,310,40,40,90,118,24,9,219,10135
20210501,16,310,50,50,90,103,19,9,134,10136
20210501,17,310,40,50,80,99,20,9,100,10138
20210501,18,310,40,40,70,89,33,10,51,10142
20210501,19,310,30,30,60,79,39,5,13,10147
20210501,20,340,20,20,60,68,40,0,0,10150
20210501,21,330,20,20,30,59,39,0,0,10150
20210501,22,330,20,20,40,59,42,0,0,10151
20210501,23,330,20,20,40,56,39,0,0,10154
20210501,24,330,20,20,40,55,33,0,0,10158
20210502,1,320,20,20,50,49,26,0,0,10159
20210502,2,310,20,10,40,34,17,0,0,10161
20210502,3,280,20,20,30,25,16,0,0,10163
20210502,4,280,20,20,30,30,22,0,0,10167
20210502,5,280,20,20,30,45,23,2,8,10172
20210502,6,300,20,30,50,69,25,10,53,10177
20210502,7,300,30,30,70,77,22,10,109,10180
20210502,8,300,30,30,60,83,22,7,99,10184
20210502,9,340,40,60,110,71,18,7,157,10188
20210502,10,300,40,30,90,90,18,2,122,10188
20210502,11,330,40,30,80,83,23,2,127,10189
20210502,12,310,50,40,110,101,11,6,219,10191
20210502,13,320,50,50,90,93,11,5,167,10192
20210502,14,290,50,50,100,97,21,4,152,10195
20210502,15,280,50,50,100,98,13,7,192,10196
20210502,16,310,50,50,90,103,13,6,131,10197
20210502,17,300,40,40,100,87,-2,7,84,10198
20210502,18,300,30,40,70,83,6,3,30,10199
20210502,19,290,30,30,60,75,14,3,13,10204
20210502,20,280,20,20,50,65,20,0,0,10208
20210502,21,260,20,20,40,57,20,0,0,10211
20210502,22,260,20,20,30,52,22,0,0,10212
20210502,23,210,20,10,40,32,18,0,0,10211
20210502,24,990,10,10,30,29,21,0,0,10209
20210503,1,210,20,20,30,25,19,0,0,10206
20210503,2,170,20,20,40,14,11,0,0,10203
20210503,3,200,20,20,40,25,18,0,0,10199
20210503,4,200,20,30,50,50,23,0,0,10197
20210503,5,200,30,40,60,57,23,0,2,10195
20210503,6,200,40,40,80,62,21,0,19,10195
20210503,7,210,40,50,70,71,28,0,46,10195
20210503,8,230,50,50,90,92,53,3,108,10193
20210503,9,220,50,50,90,104,56,6,166,10190
20210503,10,210,60,70,110,117,57,4,181,10185
20210503,11,230,60,50,110,122,37,3,194,10177
20210503,12,230,60,60,120,129,45,2,174,10172
20210503,13,250,60,60,110,131,26,2,155,10165
20210503,14,220,60,60,100,133,21,1,144,10156
20210503,15,210,60,60,130,133,11,2,134,10143
20210503,16,210,60,60,120,136,8,2,89,10133
20210503,17,200,60,60,100,132,5,0,55,10117
20210503,18,180,40,30,90,125,16,0,21,10105
20210503,19,180,40,50,80,123,15,0,6,10091
20210503,20,170,40,50,80,121,22,0,0,10074
20210503,21,170,50,60,110,120,25,0,0,10053
20210503,22,170,60,60,120,121,20,0,0,10034
20210503,23,180,70,70,120,124,17,0,0,10015
20210503,24,200,90,90,190,109,43,0,0,10000
20210504,1,210,80,80,150,93,57,0,0,9987
20210504,2,190,80,70,160,86,65,0,0,9970
20210504,3,200,80,80,140,84,65,0,0,9956
20210504,4,210,90,80,160,89,63,0,0,9944
20210504,5,210,90,90,160,88,70,0,2,9939
20210504,6,220,90,90,170,93,56,0,31,9934
20210504,7,220,90,90,190,100,65,2,41,9933
20210504,8,220,80,80,150,103,70,0,50,9933
20210504,9,250,80,70,170,96,68,0,63,9932
20210504,10,240,100,100,210,98,52,4,105,9941
20210504,11,240,100,90,200,101,36,1,85,9952
20210504,12,240,100,110,210,106,32,1,96,9956
20210504,13,250,90,90,200,103,42,1,53,9962
20210504,14,250,100,110,210,104,38,2,77,9966
20210504,15,260,80,80,200,89,53,2,66,9980
20210504,16,260,80,80,170,98,44,2,71,9984
20210504,17,270,80,80,160,101,42,5,74,9986
20210504,18,250,60,80,150,96,39,2,37,9988
20210504,19,240,60,60,120,79,45,3,11,9991
20210504,20,250,50,60,140,81,43,0,0,9999
20210504,21,260,50,40,120,64,46,0,0,9999
20210504,22,260,40,40,90,67,47,0,0,10000
20210504,23,260,50,50,100,65,38,0,0,9999
20210504,24,260,50,50,110,64,39,0,0,9999
20210505,1,250,50,50,130,54,38,0,0,10001
20210505,2,250,40,30,90,56,43,0,0,10000
20210505,3,270,40,50,80,58,36,0,0,10000
20210505,4,260,40,40,100,53,29,0,0,10001
20210505,5,260,40,30,80,59,33,0,5,10006
20210505,6,250,50,50,100,61,31,2,38,10011
20210505,7,270,50,50,110,69,35,8,82,10018
20210505,8,270,60,70,140,68,33,2,58,10024
20210505,9,280,60,60,170,80,41,7,149,10032
20210505,10,270,60,50,140,82,52,6,162,10041
20210505,11,280,70,70,150,88,25,5,156,10053
20210505,12,280,70,80,160,93,39,7,203,10063
20210505,13,310,70,60,140,92,35,10,282,10074
20210505,14,280,70,50,140,98,17,7,179,10082
20210505,15,290,70,70,150,89,0,8,194,10087
20210505,16,290,60,60,120,96,9,8,148,10089
20210505,17,270,50,60,110,87,7,8,119,10090
20210505,18,270,40,40,100,84,8,10,62,10091
20210505,19,280,30,20,80,73,2,2,9,10089
20210505,20,260,20,10,40,63,6,0,0,10092
20210505,21,270,10,20,30,64,16,0,0,10092
20210505,22,260,30,40,70,53,25,0,0,10092
20210505,23,200,20,20,60,45,31,0,0,10086
20210505,24,170,20,30,40,44,33,0,0,10081
20210506,1,190,30,20,50,44,34,0,0,10078
20210506,2,210,20,20,30,39,32,0,0,10076
20210506,3,200,20,20,30,31,26,0,0,10073
20210506,4,210,20,20,30,27,23,0,0,10068
20210506,5,190,20,10,40,38,32,7,15,10069
20210506,6,180,10,10,30,46,40,5,40,10069
20210506,7,220,20,30,60,70,42,10,105,10070
20210506,8,240,30,30,50,79,44,4,105,10068
20210506,9,250,30,20,60,92,34,5,143,10064
20210506,10,300,30,40,70,68,16,2,100,10065
20210506,11,360,30,30,60,57,34,0,43,10064
20210506,12,990,10,10,50,68,33,0,71,10061
20210506,13,330,20,20,50,73,33,0,74,10054
20210506,14,330,20,20,40,97,47,5,201,10049
20210506,15,990,20,10,40,100,27,6,179,10045
20210506,16,340,20,30,60,87,26,0,56,10046
20210506,17,200,30,30,70,60,34,0,13,10052
20210506,18,160,20,20,50,61,46,2,22,10052
20210506,19,280,20,10,40,65,42,5,16,10058
20210506,20,280,20,20,50,63,14,0,0,10066
20210506,21,280,20,10,40,49,21,0,0,10069
20210506,22,290,10,10,30,39,25,0,0,10072
20210506,23,270,10,20,30,29,19,0,0,10077
20210506,24,270,20,10,30,26,17,0,0,10079
20210507,1,270,10,10,20,10,8,0,0,10081
20210507,2,250,10,10,30,14,12,0,0,10082
20210507,3,310,10,20,40,35,23,0,0,10089
20210507,4,180,30,40,70,27,10,0,0,10090
20210507,5,990,10,10,40,24,19,0,7,10105
20210507,6,260,10,10,20,43,27,10,59,10115
20210507,7,220,20,20,40,55,31,10,118,10121
20210507,8,250,20,30,40,77,33,10,176,10129
20210507,9,280,40,40,70,92,35,8,193,10137
20210507,10,310,40,30,80,91,15,6,153,10146
20210507,11,270,50,40,90,111,22,8,251,10152
20210507,12,270,50,40,100,106,10,8,215,10158
20210507,13,290,50,40,90,115,26,5,196,10162
20210507,14,270,50,50,90,113,21,9,227,10168
20210507,15,280,50,60,100,107,29,6,151,10172
20210507,16,260,50,50,90,105,12,9,154,10174
20210507,17,260,40,40,90,105,17,10,117,10175
20210507,18,280,40,30,80,96,17,10,78,10178
20210507,19,280,30,20,70,83,18,7,21,10181
20210507,20,280,20,10,40,59,28,0,0,10184
20210507,21,210,10,10,20,38,26,0,0,10184
20210507,22,0,0,0,10,29,25,0,0,10184
20210507,23,110,10,10,10,16,14,0,0,10182
20210507,24,150,10,20,20,13,10,0,0,10178
20210508,1,140,20,10,30,17,14,0,0,10172
20210508,2,140,20,10,30,18,14,0,0,10168
20210508,3,140,30,30,40,27,16,0,0,10163
20210508,4,140,30,30,50,34,17,0,0,10158
20210508,5,140,30,30,50,48,18,3,12,10155
20210508,6,140,30,30,60,66,21,5,44,10152
20210508,7,140,40,40,60,79,28,0,47,10146
20210508,8,160,40,40,80,90,35,0,67,10141
20210508,9,150,40,40,70,104,43,0,78,10137
20210508,10,150,40,40,80,118,46,0,100,10128
20210508,11,180,60,60,100,112,60,0,92,10123
20210508,12,140,50,50,90,98,73,0,49,10108
20210508,13,140,60,60,90,101,76,0,44,10098
20210508,14,150,60,60,110,99,81,0,36,10086
20210508,15,160,50,40,100,108,89,0,20,10080
20210508,16,170,40,40,70,133,96,0,41,10071
20210508,17,180,40,50,90,153,109,0,42,10065
20210508,18,180,50,40,70,161,112,3,41,10063
20210508,19,190,50,40,80,163,111,5,11,10062
20210508,20,180,50,50,90,161,111,0,0,10062
20210508,21,180,50,50,80,159,111,0,0,10062
20210508,22,180,40,40,70,158,110,0,0,10061
20210508,23,180,40,40,60,150,104,0,0,10060
20210508,24,180,40,40,70,142,101,0,0,10055
20210509,1,170,40,30,80,134,98,0,0,10048
20210509,2,160,40,30,60,131,96,0,0,10043
20210509,3,170,30,30,60,126,93,0,0,10040
20210509,4,160,30,30,60,116,89,0,0,10037
20210509,5,160,30,30,50,122,94,8,23,10037
20210509,6,150,30,30,50,135,102,3,49,10033
20210509,7,150,40,40,60,151,107,4,76,10028
20210509,8,140,40,40,70,186,113,9,167,10018
20210509,9,160,40,40,100,192,123,4,161,10019
20210509,10,150,50,70,100,215,132,9,260,10008
20210509,11,170,60,50,110,222,130,5,202,10004
20210509,12,180,50,70,110,209,136,1,71,10010
20210509,13,190,50,30,120,211,146,1,120,9993
20210509,14,180,50,60,110,239,152,8,252,9992
20210509,15,180,70,70,130,246,137,9,214,9989
20210509,16,220,60,50,110,243,139,5,114,9991
20210509,17,200,40,40,80,239,131,6,89,9993
20210509,18,190,30,30,70,228,132,0,22,9990
20210509,19,150,20,20,50,206,140,2,10,9987
20210509,20,310,20,30,50,192,142,0,0,9995
20210509,21,250,40,20,80,179,131,0,0,10003
20210509,22,150,20,20,50,169,133,0,0,9997
20210509,23,160,20,20,40,170,136,0,0,9997
20210509,24,200,20,30,80,169,139,0,0,9996
20210510,1,130,30,20,70,160,137,0,0,9990
20210510,2,130,20,20,40,157,139,0,0,9985
20210510,3,110,30,30,40,151,132,0,0,9974
20210510,4,140,20,20,40,158,129,0,0,9971
20210510,5,200,50,60,110,185,110,0,3,9980
20210510,6,200,80,80,140,160,122,0,18,10002
20210510,7,200,70,50,140,163,127,2,59,10008
20210510,8,200,60,60,130,163,132,0,56,10017
20210510,9,230,50,40,130,142,121,0,50,10032
20210510,10,240,40,40,90,144,112,0,65,10044
20210510,11,220,40,30,90,138,114,0,47,10053
20210510,12,190,30,40,60,159,121,3,169,10060
20210510,13,220,50,60,100,180,107,5,202,10062
20210510,14,220,50,50,90,176,100,3,112,10063
20210510,15,210,40,50,90,192,93,6,172,10063
20210510,16,220,50,40,110,188,86,5,108,10067
20210510,17,210,40,30,80,186,95,9,124,10067
20210510,18,240,20,20,60,178,94,0,41,10070
20210510,19,350,20,20,40,161,103,7,15,10074
20210510,20,70,10,10,30,134,112,0,1,10079
20210510,21,350,20,20,50,141,100,0,0,10083
20210510,22,20,20,20,40,134,95,0,0,10085
20210510,23,20,20,30,50,132,88,0,0,10085
20210510,24,20,20,10,40,129,90,0,0,10085
20210511,1,30,10,10,30,120,93,0,0,10084
20210511,2,40,10,10,30,118,84,0,0,10080
20210511,3,30,10,20,20,112,86,0,0,10080
20210511,4,320,10,10,30,101,89,0,0,10081
20210511,5,300,10,10,20,104,96,0,4,10083
20210511,6,340,10,10,20,124,99,0,29,10082
20210511,7,40,10,10,30,139,111,0,64,10081
20210511,8,40,10,20,30,151,114,0,97,10077
20210511,9,110,10,10,30,155,118,0,74,10082
20210511,10,150,10,20,30,157,121,0,79,10086
20210511,11,170,10,10,30,163,127,0,89,10081
20210511,12,220,10,20,30,167,104,0,119,10079
20210511,13,190,10,10,20,164,118,0,53,10084
20210511,14,340,10,10,20,162,122,0,59,10083
20210511,15,350,10,20,30,162,121,0,57,10083
20210511,16,40,30,30,50,156,116,2,82,10083
20210511,17,990,10,10,40,160,107,2,65,10084
20210511,18,990,20,10,90,133,114,0,11,10088
20210511,19,280,10,10,20,132,119,0,8,10094
20210511,20,290,10,20,20,127,121,0,1,10101
20210511,21,300,10,10,20,121,118,0,0,10102
20210511,22,300,10,20,30,123,110,0,0,10103
20210511,23,290,20,10,50,111,92,0,0,10103
20210511,24,290,20,10,30,94,82,0,0,10104
20210512,1,250,10,10,20,91,85,0,0,10105
20210512,2,140,10,10,20,88,85,0,0,10106
20210512,3,220,10,10,20,81,76,0,0,10106
20210512,4,170,10,10,40,71,68,0,0,10108
20210512,5,230,10,20,30,87,79,2,11,10111
20210512,6,260,20,30,50,115,82,10,62,10112
20210512,7,260,30,30,70,125,80,10,122,10113
20210512,8,260,40,40,70,133,79,10,181,10114
20210512,9,260,40,40,80,146,71,10,237,10114
20210512,10,230,30,40,70,151,72,9,231,10114
20210512,11,270,30,30,70,155,74,5,178,10113
20210512,12,200,30,30,70,161,65,3,174,10111
20210512,13,250,30,30,80,168,45,5,221,10110
20210512,14,330,20,30,70,174,70,3,174,10106
20210512,15,330,30,20,50,157,64,2,89,10105
20210512,16,310,20,20,40,157,64,0,59,10105
20210512,17,260,50,40,110,109,87,0,11,10112
20210512,18,310,30,30,90,104,82,0,20,10109
20210512,19,10,20,10,40,102,85,0,9,10114
20210512,20,30,20,20,20,92,81,0,0,10111
20210512,21,70,20,20,30,86,72,0,0,10109
20210512,22,60,10,10,30,73,69,0,0,10104
20210512,23,90,10,10,20,65,61,0,0,10102
20210512,24,60,10,10,20,59,56,0,0,10099
20210513,1,60,10,10,10,53,52,0,0,10097
20210513,2,360,10,10,10,46,46,0,0,10096
20210513,3,10,10,10,10,41,41,0,0,10093
20210513,4,30,10,20,30,39,36,0,0,10089
20210513,5,50,20,20,30,61,58,7,20,10088
20210513,6,0,10,0,20,95,90,5,60,10084
20210513,7,80,10,10,20,125,98,10,121,10080
20210513,8,990,10,10,20,146,96,10,179,10080
20210513,9,990,10,10,30,162,98,10,244,10078
20210513,10,60,20,20,40,167,89,7,205,10075
20210513,11,60,20,20,60,181,96,10,343,10070
20210513,12,350,20,20,50,174,75,2,166,10070
20210513,13,50,30,20,60,189,84,8,276,10065
20210513,14,50,30,30,60,177,68,2,122,10061
20210513,15,40,50,50,90,172,85,4,148,10058
20210513,16,60,50,50,90,163,79,0,46,10058
20210513,17,210,40,60,110,136,95,0,17,10064
20210513,18,240,50,30,100,119,108,0,4,10070
20210513,19,280,20,20,60,115,108,0,1,10072
20210513,20,50,10,10,40,112,103,0,0,10078
20210513,21,350,10,10,40,111,106,0,0,10077
20210513,22,340,20,10,50,109,104,0,0,10074
20210513,23,340,10,20,30,106,100,0,0,10071
20210513,24,30,10,20,30,102,90,0,0,10071
20210514,1,360,20,20,30,98,88,0,0,10070
20210514,2,10,20,20,30,91,82,0,0,10071
20210514,3,360,20,20,40,89,82,0,0,10070
20210514,4,50,20,10,40,87,83,0,0,10070
20210514,5,50,10,20,30,86,83,0,5,10072
20210514,6,40,10,10,20,88,80,0,12,10075
20210514,7,30,20,20,30,93,80,0,29,10080
20210514,8,30,20,30,40,104,83,2,107,10081
20210514,9,340,20,10,40,103,79,1,92,10085
20210514,10,10,10,20,30,118,88,2,138,10086
20210514,11,340,20,20,40,133,91,4,215,10085
20210514,12,330,20,30,50,141,87,9,315,10084
20210514,13,310,20,30,50,141,83,7,263,10083
20210514,14,310,30,30,60,140,76,3,167,10083
20210514,15,320,30,30,50,145,74,4,153,10079
20210514,16,340,20,30,50,157,66,5,149,10079
20210514,17,310,20,10,40,140,82,1,37,10079
20210514,18,40,20,30,40,125,86,0,19,10074
20210514,19,100,10,10,30,119,93,2,10,10076
20210514,20,30,10,10,30,112,81,0,1,10080
20210514,21,20,20,20,40,102,77,0,0,10079
20210514,22,20,10,10,30,94,75,0,0,10081
20210514,23,50,10,10,30,78,70,0,0,10074
20210514,24,20,10,10,20,78,71,0,0,10071
20210515,1,290,10,20,30,87,75,0,0,10069
20210515,2,70,10,10,20,86,75,0,0,10063
20210515,3,70,10,10,20,84,71,0,0,10057
20210515,4,50,10,10,20,85,74,0,0,10054
20210515,5,120,0,10,20,88,74,0,5,10053
20210515,6,200,10,20,20,95,79,0,22,10051
20210515,7,220,20,30,50,101,69,0,33,10050
20210515,8,220,30,30,70,108,70,0,56,10046
20210515,9,210,30,30,60,108,70,1,108,10045
20210515,10,180,30,30,50,120,72,2,151,10039
20210515,11,200,20,20,50,132,72,1,139,10031
20210515,12,210,30,30,50,126,71,0,95,10026
20210515,13,180,20,20,50,127,90,0,84,10021
20210515,14,180,20,20,50,133,86,1,122,10015
20210515,15,120,20,10,100,114,87,1,60,10011
20210515,16,100,10,20,40,122,90,3,74,10006
20210515,17,80,20,20,40,110,97,0,23,10003
20210515,18,0,20,0,30,113,101,0,6,10000
20210515,19,990,10,10,20,110,103,0,6,9999
20210515,20,140,20,20,30,109,100,0,1,10001
20210515,21,150,20,20,30,102,96,0,0,10001
20210515,22,170,20,20,20,89,86,0,0,10001
20210515,23,180,20,20,50,94,86,0,0,10001
20210515,24,180,20,20,50,100,91,0,0,9999
20210516,1,210,20,20,40,104,96,0,0,9997
20210516,2,220,30,30,70,104,95,0,0,9997
20210516,3,210,40,40,70,103,92,0,0,9998
20210516,4,210,30,30,70,102,89,0,0,9998
20210516,5,210,40,40,60,103,91,0,8,10001
20210516,6,210,40,40,70,105,93,0,26,10002
20210516,7,220,40,50,70,112,90,4,66,10005
20210516,8,220,50,50,90,122,91,5,116,10007
20210516,9,220,50,50,90,129,86,9,205,10006
20210516,10,990,40,10,120,114,94,3,88,10007
20210516,11,290,20,20,70,119,93,2,94,10006
20210516,12,270,30,20,60,118,90,2,103,10005
20210516,13,250,30,30,90,122,82,4,153,10005
20210516,14,210,40,40,70,143,76,7,242,10000
20210516,15,230,40,40,70,146,63,7,204,9998
20210516,16,230,30,30,60,142,62,0,70,9995
20210516,17,300,40,20,90,123,81,2,39,9995
20210516,18,120,10,10,40,131,84,5,60,9994
20210516,19,180,10,10,30,124,83,8,28,9994
20210516,20,210,10,20,30,94,86,0,1,9998
20210516,21,180,10,10,30,89,81,0,0,9998
20210516,22,160,10,20,30,82,78,0,0,9999
20210516,23,190,30,50,80,112,81,0,0,10001
20210516,24,180,40,30,80,97,82,0,0,9998
20210517,1,180,20,30,50,99,81,0,0,9996
20210517,2,190,30,30,50,99,84,0,0,9994
20210517,3,160,20,20,50,99,89,0,0,9995
20210517,4,170,30,30,50,101,88,0,0,9994
20210517,5,200,30,20,60,101,95,0,5,9997
20210517,6,180,30,30,50,106,97,0,14,9997
20210517,7,190,30,20,60,108,100,0,20,10000
20210517,8,190,30,30,50,112,99,0,29,10002
20210517,9,200,30,40,70,127,106,0,97,10005
20210517,10,210,30,20,60,134,100,0,117,10008
20210517,11,310,30,30,50,113,99,0,65,10016
20210517,12,300,20,20,40,122,104,0,77,10022
20210517,13,300,40,30,100,121,110,4,161,10032
20210517,14,300,40,40,80,138,96,1,137,10040
20210517,15,300,50,40,100,141,94,6,139,10051
20210517,16,290,50,50,100,132,74,6,112,10061
20210517,17,310,40,30,90,126,78,0,52,10068
20210517,18,280,30,30,80,118,72,7,56,10076
20210517,19,280,30,20,70,109,75,3,18,10081
20210517,20,270,20,20,60,106,76,0,1,10088
20210517,21,260,20,20,60,104,72,0,0,10090
20210517,22,290,20,10,40,98,76,0,0,10094
20210517,23,220,10,10,20,85,75,0,0,10095
20210517,24,160,20,10,30,72,67,0,0,10095
20210518,1,140,10,10,20,70,68,0,0,10096
20210518,2,180,10,10,30,78,75,0,0,10097
20210518,3,160,10,10,20,85,82,0,0,10098
20210518,4,200,10,20,20,95,88,0,0,10100
20210518,5,230,10,10,30,101,94,0,5,10103
20210518,6,270,20,20,40,107,92,0,18,10108
20210518,7,260,20,20,40,116,91,2,64,10113
20210518,8,280,30,20,60,121,86,3,101,10118
20210518,9,270,20,20,50,126,86,3,91,10119
20210518,10,270,30,30,70,139,75,7,199,10118
20210518,11,300,30,40,70,140,71,3,177,10121
20210518,12,280,40,50,90,160,67,9,297,10124
20210518,13,280,50,40,100,155,67,10,265,10127
20210518,14,310,50,60,90,147,59,10,270,10129
20210518,15,300,40,40,90,146,63,9,188,10131
20210518,16,300,40,40,80,147,59,8,133,10135
20210518,17,280,40,40,80,148,64,10,144,10139
20210518,18,280,30,30,60,139,59,10,83,10143
20210518,19,300,30,20,60,123,55,8,31,10146
20210518,20,280,20,20,40,103,64,0,1,10150
20210518,21,20,10,10,20,77,67,0,0,10151
20210518,22,120,0,10,20,66,63,0,0,10153
20210518,23,0,10,0,20,59,55,0,0,10154
20210518,24,190,10,10,30,68,63,0,0,10152
20210519,1,150,10,10,20,69,65,0,0,10149
20210519,2,200,20,20,30,76,68,0,0,10147
20210519,3,210,20,20,40,91,83,0,0,10147
20210519,4,220,20,30,40,95,79,0,0,10148
20210519,5,210,30,30,50,94,77,0,11,10149
20210519,6,210,20,30,50,108,87,9,67,10151
20210519,7,210,30,20,50,108,96,0,37,10153
20210519,8,210,20,20,50,122,94,1,87,10153
20210519,9,220,40,40,60,123,93,1,97,10153
20210519,10,990,20,10,80,94,84,0,7,10161
20210519,11,140,10,10,40,102,85,0,32,10162
20210519,12,200,20,20,50,122,82,4,212,10160
20210519,13,270,20,20,40,137,95,2,159,10162
20210519,14,350,20,20,80,122,93,0,95,10164
20210519,15,350,10,20,30,131,96,1,86,10165
20210519,16,340,30,30,60,137,104,8,167,10167
20210519,17,320,30,20,60,126,93,6,109,10171
20210519,18,20,20,30,50,122,80,2,33,10176
20210519,19,0,10,0,40,111,89,3,14,10181
20210519,20,270,10,10,20,105,88,0,1,10188
20210519,21,280,20,20,30,89,82,0,0,10193
20210519,22,280,20,10,30,74,69,0,0,10195
20210519,23,280,20,20,30,80,78,0,0,10198
20210519,24,270,10,20,30,69,68,0,0,10201
20210520,1,270,10,20,20,51,50,0,0,10201
20210520,2,270,20,20,40,83,80,0,0,10204
20210520,3,250,10,10,30,72,69,0,0,10202
20210520,4,210,20,10,30,75,75,0,1,10203
20210520,5,220,10,10,30,84,83,0,10,10204
20210520,6,200,20,20,30,88,86,0,30,10205
20210520,7,210,20,20,40,96,91,1,61,10209
20210520,8,200,20,20,40,102,92,5,126,10207
20210520,9,180,30,30,50,126,96,7,205,10201
20210520,10,190,40,40,70,135,89,9,244,10198
20210520,11,170,40,50,80,153,87,9,294,10189
20210520,12,180,50,50,90,155,84,3,203,10179
20210520,13,190,40,40,80,156,72,0,131,10171
20210520,14,200,50,50,90,155,68,0,104,10165
20210520,15,210,50,50,110,151,52,0,61,10160
20210520,16,210,60,60,100,147,52,0,71,10147
20210520,17,190,50,50,90,145,58,0,51,10138
20210520,18,190,40,30,80,140,64,0,19,10131
20210520,19,170,40,60,100,137,64,2,11,10116
20210520,20,170,40,40,80,134,66,0,2,10103
20210520,21,160,40,30,80,129,68,0,0,10092
20210520,22,170,40,50,80,132,72,0,0,10078
20210520,23,180,60,60,100,137,76,0,0,10068
20210520,24,180,60,70,120,139,77,0,0,10056
20210521,1,240,50,50,110,123,80,0,0,10057
20210521,2,220,60,50,120,114,66,0,0,10047
20210521,3,210,50,50,100,109,75,0,0,10040
20210521,4,220,50,40,80,104,75,0,1,10036
20210521,5,210,50,60,110,116,69,8,24,10029
20210521,6,210,70,70,160,123,62,8,67,10023
20210521,7,220,80,90,170,131,55,4,87,10019
20210521,8,220,90,90,180,132,57,4,124,10018
20210521,9,210,90,100,190,129,71,3,120,10018
20210521,10,210,90,90,180,133,66,1,93,10017
20210521,11,210,90,80,160,144,77,7,216,10016
20210521,12,210,100,100,180,148,72,9,266,10011
20210521,13,220,100,120,200,141,69,7,220,10015
20210521,14,210,100,100,210,157,61,8,256,10007
20210521,15,220,100,120,210,163,37,8,211,10004
20210521,16,220,100,110,210,163,33,10,180,9998
20210521,17,220,110,110,190,155,23,10,128,9995
20210521,18,230,100,90,180,144,21,8,71,9991
20210521,19,220,90,80,170,137,25,0,11,9989
20210521,20,220,80,80,150,130,31,0,2,9989
20210521,21,210,80,70,170,124,41,0,0,9985
20210521,22,210,90,80,190,120,45,0,0,9980
20210521,23,210,90,100,180,119,48,0,0,9978
20210521,24,200,90,90,160,118,50,0,0,9972
20210522,1,210,70,80,150,112,59,0,0,9969
20210522,2,200,80,80,160,106,63,0,0,9967
20210522,3,200,80,90,150,105,64,0,0,9963
20210522,4,200,80,80,160,100,69,0,0,9962
20210522,5,210,80,70,140,97,77,0,2,9965
20210522,6,210,70,60,150,96,84,0,7,9970
20210522,7,210,60,60,120,100,88,0,19,9975
20210522,8,210,60,60,110,102,93,0,32,9981
20210522,9,220,60,60,110,107,98,0,48,9989
20210522,10,220,50,50,100,112,104,0,65,9995
20210522,11,270,40,40,110,109,94,0,68,10009
20210522,12,270,50,50,110,112,85,0,81,10023
20210522,13,270,60,50,120,121,81,3,125,10033
20210522,14,270,50,60,120,120,75,4,112,10043
20210522,15,280,50,40,110,117,77,1,90,10053
20210522,16,290,40,50,90,117,75,1,71,10059
20210522,17,290,30,30,80,112,72,2,48,10065
20210522,18,290,30,30,80,105,74,2,27,10069
20210522,19,280,20,20,50,97,76,0,4,10073
20210522,20,280,20,20,40,96,76,0,0,10077
20210522,21,240,10,10,30,94,77,0,0,10080
20210522,22,270,10,10,30,94,75,0,0,10085
20210522,23,270,10,10,30,94,73,0,0,10087
20210522,24,220,10,10,20,85,76,0,0,10088
20210523,1,220,10,10,20,80,77,0,0,10090
20210523,2,200,10,10,20,79,74,0,0,10090
20210523,3,200,20,10,30,79,76,0,0,10091
20210523,4,180,20,20,30,91,85,0,0,10093
20210523,5,200,30,30,60,93,82,0,7,10095
20210523,6,210,30,30,70,101,89,0,21,10100
20210523,7,220,20,30,60,101,84,0,11,10106
20210523,8,210,40,40,80,107,80,1,66,10110
20210523,9,230,60,70,120,117,68,4,146,10119
20210523,10,230,60,60,110,123,60,1,136,10124
20210523,11,230,70,70,120,121,42,1,100,10129
20210523,12,220,70,80,130,133,35,6,233,10131
20210523,13,230,60,60,130,133,44,5,237,10134
20210523,14,210,60,60,120,139,38,3,186,10132
20210523,15,220,50,50,100,147,49,3,154,10129
20210523,16,200,50,50,90,142,49,2,113,10126
20210523,17,200,50,40,90,144,51,4,94,10120
20210523,18,180,40,40,80,140,55,1,44,10116
20210523,19,180,30,30,60,136,61,0,4,10116
20210523,20,160,30,20,60,125,69,0,0,10117
20210523,21,200,20,30,50,124,72,0,0,10113
20210523,22,140,20,20,50,109,84,0,0,10106
20210523,23,170,40,40,80,126,71,0,0,10099
20210523,24,150,30,40,60,122,67,0,0,10091
20210524,1,160,40,40,80,125,68,0,0,10081
20210524,2,170,40,50,80,128,73,0,0,10074
20210524,3,180,50,50,90,131,74,0,0,10073
20210524,4,220,40,50,110,115,74,0,0,10075
20210524,5,190,50,50,90,107,72,0,3,10073
20210524,6,190,50,40,90,109,80,0,19,10073
20210524,7,190,50,50,100,111,80,0,48,10072
20210524,8,190,50,50,100,108,81,0,62,10070
20210524,9,180,50,60,90,110,88,0,66,10068
20210524,10,190,50,50,100,110,93,0,74,10071
20210524,11,190,50,50,90,119,99,0,96,10068
20210524,12,190,50,50,90,123,90,0,120,10066
20210524,13,180,50,50,80,133,85,0,133,10063
20210524,14,160,50,40,100,129,104,4,148,10062
20210524,15,200,40,40,90,145,86,3,130,10060
20210524,16,0,20,0,120,116,100,2,45,10059
20210524,17,60,10,10,20,122,100,5,98,10057
20210524,18,240,50,40,140,95,84,0,4,10066
20210524,19,200,20,30,60,96,88,0,4,10067
20210524,20,150,20,20,50,93,88,0,0,10069
20210524,21,190,20,20,40,93,86,0,0,10072
20210524,22,190,20,20,40,94,87,0,0,10073
20210524,23,180,20,30,50,94,85,0,0,10072
20210524,24,210,30,30,60,86,69,0,0,10074
20210525,1,230,40,30,70,81,64,0,0,10076
20210525,2,200,30,30,50,76,63,0,0,10078
20210525,3,200,30,40,60,72,61,0,0,10081
20210525,4,190,30,20,50,67,58,0,1,10083
20210525,5,200,30,30,60,76,65,3,19,10087
20210525,6,210,30,30,60,90,75,7,60,10090
20210525,7,220,40,40,70,101,77,5,77,10094
20210525,8,240,40,40,80,116,83,6,141,10097
20210525,9,260,40,50,110,115,89,3,83,10105
20210525,10,270,50,50,110,125,80,3,139,10111
20210525,11,270,60,60,130,128,66,6,198,10115
20210525,12,250,70,70,140,125,49,4,169,10121
20210525,13,240,60,50,130,125,69,2,114,10124
20210525,14,270,50,40,120,113,73,2,71,10125
20210525,15,250,40,40,100,116,80,1,94,10123
20210525,16,270,50,40,100,121,78,2,74,10123
20210525,17,250,40,30,110,116,82,1,34,10122
20210525,18,270,50,60,100,110,76,0,19,10126
20210525,19,270,40,40,90,105,77,0,10,10129
20210525,20,240,30,30,80,95,76,0,1,10132
20210525,21,230,30,30,50,89,74,0,0,10133
20210525,22,230,20,20,40,96,81,0,0,10130
20210525,23,220,20,30,40,91,80,0,0,10125
20210525,24,210,30,30,50,88,77,0,0,10120
20210526,1,210,30,40,60,89,68,0,0,10116
20210526,2,230,40,60,90,85,71,0,0,10114
20210526,3,190,30,30,70,86,77,0,0,10108
20210526,4,210,30,40,60,91,83,0,1,10106
20210526,5,220,40,40,70,93,80,0,13,10106
20210526,6,220,40,50,80,99,84,2,44,10104
20210526,7,220,50,50,80,104,85,2,64,10103
20210526,8,220,50,50,90,116,84,4,113,10103
20210526,9,220,50,40,90,100,84,3,83,10100
20210526,10,250,30,50,100,120,76,5,168,10099
20210526,11,270,50,40,110,129,81,3,175,10103
20210526,12,270,50,50,100,133,75,7,229,10105
20210526,13,270,50,60,110,132,62,7,234,10108
20210526,14,280,60,60,110,123,56,7,197,10112
20210526,15,270,50,60,120,120,57,0,69,10113
20210526,16,250,50,40,120,110,75,0,43,10113
20210526,17,260,50,60,110,109,82,0,22,10114
20210526,18,260,50,40,100,104,94,0,9,10117
20210526,19,280,40,30,70,108,98,0,6,10123
20210526,20,280,30,30,70,108,91,0,1,10129
20210526,21,260,30,40,70,107,91,0,0,10131
20210526,22,260,40,40,90,108,92,0,0,10133
20210526,23,290,40,50,100,105,87,0,0,10135
20210526,24,280,50,50,120,101,82,0,0,10138
20210527,1,270,50,40,100,97,81,0,0,10141
20210527,2,270,40,50,90,95,83,0,0,10143
20210527,3,270,40,40,80,94,85,0,0,10146
20210527,4,270,40,40,80,93,84,0,0,10147
20210527,5,270,40,30,70,94,87,0,4,10149
20210527,6,280,40,40,70,95,85,0,7,10153
20210527,7,270,40,40,90,95,84,0,16,10158
20210527,8,270,40,40,80,99,89,0,41,10162
20210527,9,280,40,40,90,102,85,0,45,10167
20210527,10,290,40,40,90,107,86,0,48,10172
20210527,11,280,40,30,80,103,91,0,39,10177
20210527,12,300,40,50,80,111,91,0,80,10180
20210527,13,300,40,40,80,122,85,1,101,10186
20210527,14,310,50,40,100,124,82,0,92,10194
20210527,15,310,40,40,80,126,83,1,83,10198
20210527,16,310,40,40,90,127,76,1,50,10202
20210527,17,310,40,30,80,128,79,3,66,10206
20210527,18,330,30,30,70,126,75,4,44,10211
20210527,19,320,30,30,60,118,76,0,10,10218
20210527,20,340,30,30,60,107,76,0,5,10222
20210527,21,330,20,20,50,97,76,0,0,10228
20210527,22,330,20,20,40,90,77,0,0,10234
20210527,23,330,20,20,40,82,73,0,0,10236
20210527,24,330,20,20,30,76,70,0,0,10237
20210528,1,320,20,20,40,66,63,0,0,10237
20210528,2,360,10,10,30,44,43,0,0,10238
20210528,3,320,10,10,20,38,35,0,0,10241
20210528,4,350,10,10,20,34,33,2,3,10245
20210528,5,340,10,10,10,71,68,10,36,10247
20210528,6,50,10,10,20,104,84,10,85,10250
20210528,7,60,10,10,30,121,91,10,141,10254
20210528,8,990,10,10,20,138,87,10,190,10256
20210528,9,990,10,10,20,148,82,10,255,10254
20210528,10,990,10,10,40,153,85,8,252,10252
20210528,11,140,20,20,40,158,92,7,253,10249
20210528,12,180,20,20,40,167,78,10,330,10246
20210528,13,990,20,10,50,185,79,10,351,10242
20210528,14,50,20,20,40,173,67,1,100,10241
20210528,15,990,20,10,40,183,73,5,181,10238
20210528,16,110,10,10,30,184,67,6,130,10235
20210528,17,300,30,30,60,184,96,9,160,10232
20210528,18,30,30,40,60,166,87,7,83,10234
20210528,19,30,30,30,50,155,82,7,32,10237
20210528,20,30,30,20,50,138,74,0,6,10241
20210528,21,30,20,30,40,121,70,0,0,10246
20210528,22,30,20,20,40,110,70,0,0,10249
20210528,23,10,20,10,40,85,74,0,0,10247
20210528,24,40,20,30,50,96,73,0,0,10250
20210529,1,60,20,10,40,83,70,0,0,10251
20210529,2,10,10,10,20,66,62,0,0,10251
20210529,3,40,10,10,20,58,53,0,0,10252
20210529,4,10,10,10,20,56,53,0,3,10254
20210529,5,30,10,20,30,91,74,10,32,10258
20210529,6,40,20,20,30,112,85,10,81,10262
20210529,7,30,30,30,40,123,90,10,138,10267
20210529,8,40,30,30,50,134,98,10,195,10269
20210529,9,20,30,30,50,142,90,10,245,10272
20210529,10,10,20,30,50,157,97,10,279,10273
20210529,11,330,30,30,60,162,91,9,304,10273
20210529,12,330,30,40,110,161,90,5,241,10273
20210529,13,360,40,30,70,170,93,7,266,10273
20210529,14,340,40,40,70,164,83,8,258,10274
20210529,15,20,40,40,70,168,90,10,249,10276
20210529,16,20,40,40,80,165,91,10,201,10275
20210529,17,20,40,40,70,161,93,10,152,10274
20210529,18,40,40,40,70,154,99,10,93,10276
20210529,19,360,40,30,70,143,97,10,40,10278
20210529,20,20,30,30,60,126,95,2,5,10282
20210529,21,20,30,30,60,114,92,0,0,10285
20210529,22,360,30,30,60,107,92,0,0,10286
20210529,23,20,20,30,50,101,87,0,0,10287
20210529,24,30,30,30,50,89,77,0,0,10288
20210530,1,40,30,20,40,79,65,0,0,10289
20210530,2,40,20,20,50,77,62,0,0,10287
20210530,3,30,20,20,40,79,64,0,0,10286
20210530,4,30,20,20,30,80,64,0,3,10287
20210530,5,10,20,20,40,89,65,10,28,10287
20210530,6,50,30,30,50,103,75,10,80,10287
20210530,7,50,30,30,50,119,83,10,140,10287
20210530,8,60,30,20,50,139,92,10,196,10288
20210530,9,90,20,30,50,157,96,10,246,10286
20210530,10,150,20,20,50,176,89,10,280,10285
20210530,11,990,20,10,40,188,101,10,308,10281
20210530,12,100,10,20,30,196,77,10,317,10275
20210530,13,330,30,40,50,203,111,10,311,10271
20210530,14,320,30,30,60,208,106,10,279,10265
20210530,15,40,40,50,80,199,107,8,200,10262
20210530,16,40,50,50,90,205,112,10,203,10257
20210530,17,30,50,50,80,201,94,10,148,10253
20210530,18,30,50,40,80,196,110,10,92,10252
20210530,19,30,40,40,80,181,126,10,40,10252
20210530,20,30,40,40,80,167,125,2,6,10253
20210530,21,40,40,40,70,153,115,0,0,10255
20210530,22,40,40,40,60,139,103,0,0,10254
20210530,23,40,30,30,50,130,94,0,0,10253
20210530,24,50,30,30,50,118,89,0,0,10251
20210531,1,40,20,20,40,110,88,0,0,10249
20210531,2,30,20,20,40,103,88,0,0,10248
20210531,3,30,10,10,30,95,89,0,0,10247
20210531,4,40,10,10,30,94,87,0,3,10246
20210531,5,40,20,20,30,108,92,10,32,10246
20210531,6,50,20,20,30,132,101,10,81,10244
20210531,7,70,20,10,30,161,99,10,139,10242
20210531,8,990,10,10,30,185,105,10,195,10240
20210531,9,40,10,20,40,200,94,10,244,10238
20210531,10,50,30,40,60,208,73,10,285,10234
20210531,11,70,30,30,70,213,99,10,310,10229
20210531,12,50,30,40,80,215,90,10,291,10224
20210531,13,30,40,40,80,223,93,9,286,10219
20210531,14,60,40,30,80,223,90,10,285,10212
20210531,15,60,40,40,80,228,103,10,246,10208
20210531,16,40,40,40,80,227,85,10,192,10203
20210531,17,70,40,50,70,224,59,10,150,10199
20210531,18,70,40,30,80,218,79,10,93,10197
20210531,19,60,30,30,60,204,68,10,40,10196
20210531,20,60,20,20,40,160,101,2,6,10200
20210531,21,20,20,10,20,130,103,0,0,10199
20210531,22,50,20,20,30,113,99,0,0,10199
20210531,23,60,20,20,30,111,85,0,0,10196
20210531,24,70,20,20,30,114,68,0,0,10195
20210601,1,70,20,20,40,112,62,0,0,10192
20210601,2,100,20,20,30,108,64,0,0,10190
20210601,3,60,20,10,30,92,70,0,0,10189
20210601,4,100,10,10,20,87,74,0,3,10189
20210601,5,110,20,20,30,135,71,10,33,10188
20210601,6,110,20,30,40,163,74,10,83,10187
20210601,7,130,30,30,60,187,77,10,142,10187
20210601,8,110,30,30,50,205,73,10,199,10185
20210601,9,160,20,20,40,221,73,10,249,10181
20210601,10,80,40,50,70,230,59,10,288,10178
20210601,11,110,40,40,110,236,47,10,315,10173
20210601,12,100,40,40,80,243,34,10,326,10168
20210601,13,110,40,40,90,246,29,10,320,10163
20210601,14,110,50,50,90,248,50,10,297,10159
20210601,15,110,50,50,90,247,61,10,259,10155
20210601,16,110,40,40,90,250,61,10,209,10151
20210601,17,100,40,30,80,246,66,10,153,10149
20210601,18,90,50,50,80,238,67,10,95,10148
20210601,19,90,40,30,70,220,67,10,43,10149
20210601,20,70,30,20,50,177,95,2,7,10152
20210601,21,70,20,20,40,161,102,0,0,10153
20210601,22,50,20,20,30,141,89,0,0,10154
20210601,23,60,20,10,30,123,99,0,0,10155
20210601,24,40,20,20,30,133,87,0,0,10156
20210602,1,60,20,20,30,125,90,0,0,10154
20210602,2,50,20,30,40,133,104,0,0,10153
20210602,3,70,20,10,40,120,105,0,0,10149
20210602,4,50,20,20,40,132,109,2,4,10151
20210602,5,50,20,20,30,148,118,10,36,10149
20210602,6,80,20,40,50,174,121,10,81,10150
20210602,7,100,30,30,40,196,121,10,138,10148
20210602,8,100,20,20,40,217,112,10,194,10147
20210602,9,90,20,30,40,234,107,10,242,10148
20210602,10,110,20,20,50,248,86,10,281,10147
20210602,11,170,30,30,60,254,81,10,307,10145
20210602,12,160,30,30,60,260,90,10,318,10144
20210602,13,150,30,20,70,261,101,10,311,10143
20210602,14,160,30,30,60,267,82,10,289,10140
20210602,15,130,30,20,60,270,92,10,251,10139
20210602,16,110,30,20,60,270,87,10,204,10136
20210602,17,130,20,30,50,269,62,10,150,10135
20210602,18,120,20,20,40,259,88,10,82,10137
20210602,19,100,20,10,30,250,112,10,42,10139
20210602,20,80,10,10,20,193,139,2,6,10145
20210602,21,90,10,10,20,171,144,0,0,10150
20210602,22,100,10,20,20,170,146,0,0,10150
20210602,23,170,20,30,50,199,107,0,0,10152
20210602,24,220,30,30,60,208,143,0,0,10150
20210603,1,210,20,20,50,198,148,0,0,10151
20210603,2,180,30,30,80,194,145,0,0,10160
20210603,3,190,30,20,60,177,141,0,0,10162
20210603,4,150,10,20,30,156,140,0,1,10165
20210603,5,170,20,20,30,170,143,0,10,10170
20210603,6,200,20,30,40,193,154,4,50,10174
20210603,7,210,30,30,60,212,162,8,132,10178
20210603,8,190,30,30,50,221,169,7,159,10181
20210603,9,200,40,40,60,229,171,7,215,10184
20210603,10,230,40,30,70,238,164,6,205,10185
20210603,11,210,40,30,70,240,172,6,226,10187
20210603,12,210,40,30,70,246,179,4,209,10187
20210603,13,240,30,30,60,243,171,2,156,10185
20210603,14,280,30,30,60,243,167,1,119,10184
20210603,15,300,30,20,70,235,167,1,101,10186
20210603,16,280,30,30,70,234,163,1,103,10189
20210603,17,270,40,40,70,234,150,9,123,10190
20210603,18,290,30,20,70,224,149,10,80,10194
20210603,19,330,20,20,50,207,154,10,33,10196
20210603,20,330,20,20,40,194,153,2,9,10201
20210603,21,310,10,20,30,182,145,0,0,10205
20210603,22,300,20,10,30,176,139,0,0,10207
20210603,23,340,10,10,20,163,146,0,0,10207
20210603,24,330,0,10,10,158,143,0,0,10207
20210604,1,320,10,10,20,143,137,0,0,10205
20210604,2,330,10,10,20,136,133,0,0,10205
20210604,3,310,10,10,20,131,125,0,0,10205
20210604,4,320,10,10,20,134,131,0,3,10209
20210604,5,0,10,0,20,153,144,5,24,10210
20210604,6,0,0,0,10,189,147,10,79,10210
20210604,7,270,10,10,20,206,143,10,132,10213
20210604,8,300,10,10,40,217,144,10,170,10215
20210604,9,310,10,20,40,230,156,10,229,10213
20210604,10,290,20,30,50,238,156,8,274,10213
20210604,11,320,30,30,50,243,160,6,260,10211
20210604,12,350,30,30,60,246,156,6,260,10204
20210604,13,30,30,30,50,256,160,5,228,10201
20210604,14,30,40,40,70,252,151,9,280,10199
20210604,15,20,40,40,70,248,151,8,211,10194
20210604,16,20,40,40,70,238,141,3,125,10192
20210604,17,20,40,30,70,228,134,0,37,10195
20210604,18,40,40,30,70,209,142,0,9,10192
20210604,19,360,20,20,60,196,152,0,4,10193
20210604,20,350,20,20,40,191,147,0,2,10195
20210604,21,30,20,20,40,185,143,0,0,10200
20210604,22,990,10,10,30,175,163,0,0,10200
20210604,23,340,20,30,40,175,163,0,0,10197
20210604,24,340,30,30,60,170,161,0,0,10197
20210605,1,360,20,20,50,166,156,0,0,10195
20210605,2,350,20,20,60,166,156,0,0,10195
20210605,3,360,30,20,50,164,154,0,0,10192
20210605,4,340,20,20,40,164,154,0,1,10193
20210605,5,330,20,20,40,164,157,0,14,10193
20210605,6,310,20,20,40,166,155,0,21,10198
20210605,7,320,30,30,50,167,148,0,49,10204
20210605,8,300,20,20,50,166,152,0,37,10205
20210605,9,300,20,20,40,170,148,0,40,10206
20210605,10,270,20,30,40,175,147,0,57,10209
20210605,11,270,30,40,60,172,146,0,137,10212
20210605,12,310,30,30,60,164,139,0,84,10214
20210605,13,280,30,30,50,163,140,0,77,10216
20210605,14,270,40,30,70,163,137,0,63,10216
20210605,15,290,30,30,70,158,135,0,41,10219
20210605,16,300,40,30,70,155,134,0,39,10220
20210605,17,280,30,30,70,151,132,0,26,10222
20210605,18,310,30,30,70,144,126,0,18,10225
20210605,19,290,30,30,70,140,127,0,4,10229
20210605,20,280,30,30,70,136,128,0,1,10234
20210605,21,290,30,30,70,138,125,0,0,10236
20210605,22,280,30,20,60,138,124,0,0,10237
20210605,23,290,20,30,60,136,120,0,0,10237
20210605,24,290,20,20,50,135,122,0,0,10237
20210606,1,280,20,20,40,135,120,0,0,10238
20210606,2,290,30,30,60,133,121,0,0,10237
20210606,3,290,20,30,60,134,123,0,0,10235
20210606,4,280,30,30,60,134,119,0,1,10236
20210606,5,280,20,30,40,133,114,0,7,10238
20210606,6,290,20,30,40,138,117,0,25,10239
20210606,7,310,30,30,60,147,120,2,81,10241
20210606,8,330,30,30,50,166,117,9,176,10240
20210606,9,350,30,40,60,180,117,10,248,10242
20210606,10,320,30,40,70,188,117,10,290,10243
20210606,11,340,40,30,80,198,87,10,312,10245
20210606,12,360,40,40,70,203,93,10,322,10242
20210606,13,350,40,30,80,205,82,10,316,10242
20210606,14,350,40,40,70,207,63,10,296,10241
20210606,15,20,40,40,80,206,49,10,261,10240
20210606,16,10,40,50,70,202,44,10,213,10239
20210606,17,10,40,50,80,197,44,10,158,10239
20210606,18,10,40,30,80,192,49,10,101,10239
20210606,19,350,40,40,60,178,80,10,47,10241
20210606,20,10,30,30,60,162,82,2,8,10246
20210606,21,350,20,20,50,148,92,0,0,10248
20210606,22,10,20,20,40,139,96,0,0,10247
20210606,23,360,20,20,30,129,95,0,0,10247
20210606,24,60,10,10,30,103,92,0,0,10248
20210607,1,350,10,10,10,91,87,0,0,10246
20210607,2,340,10,10,10,86,82,0,0,10245
20210607,3,340,10,10,20,81,78,0,0,10244
20210607,4,330,10,10,20,84,81,0,4,10246
20210607,5,0,10,0,10,113,83,10,35,10248
20210607,6,40,10,20,30,148,83,10,84,10249
20210607,7,30,20,30,50,170,85,10,141,10248
20210607,8,10,30,30,60,182,77,10,196,10248
20210607,9,30,30,40,70,194,99,10,244,10246
20210607,10,40,40,40,80,199,103,10,283,10246
20210607,11,360,40,40,80,207,94,10,308,10244
20210607,12,40,40,50,80,208,100,10,319,10243
20210607,13,20,50,40,80,214,91,10,314,10240
20210607,14,20,40,40,90,212,80,10,293,10238
20210607,15,40,40,40,80,221,101,10,256,10236
20210607,16,20,30,30,70,219,101,10,209,10232
20210607,17,30,30,40,60,214,113,10,153,10229
20210607,18,360,40,50,70,205,119,10,96,10231
20210607,19,360,40,40,70,193,119,10,44,10232
20210607,20,20,30,20,60,177,118,2,8,10237
20210607,21,360,20,20,40,167,120,0,0,10241
20210607,22,360,20,20,40,155,126,0,0,10239
20210607,23,30,20,20,40,147,131,0,0,10238
20210607,24,50,20,20,40,137,126,0,0,10237
20210608,1,70,10,10,30,121,115,0,0,10237
20210608,2,90,10,10,20,113,110,0,0,10237
20210608,3,70,10,10,10,103,100,0,0,10239
20210608,4,50,10,10,20,106,101,0,4,10240
20210608,5,40,10,10,10,140,105,10,34,10242
20210608,6,50,10,10,20,158,105,10,83,10243
20210608,7,120,10,10,20,185,105,10,139,10243
20210608,8,90,10,10,30,201,88,10,195,10242
20210608,9,150,20,20,40,214,82,10,245,10238
20210608,10,140,20,20,30,222,89,10,283,10236
20210608,11,60,20,20,40,234,94,10,307,10233
20210608,12,90,20,20,50,237,86,10,316,10231
20210608,13,340,20,30,100,245,92,10,312,10228
20210608,14,280,30,30,90,248,108,10,282,10225
20210608,15,300,30,30,60,250,110,10,245,10221
20210608,16,300,30,40,60,245,116,9,209,10220
20210608,17,20,30,30,60,242,112,10,153,10217
20210608,18,30,40,40,60,232,111,10,92,10217
20210608,19,20,40,30,60,224,114,10,44,10219
20210608,20,360,20,20,50,208,117,3,8,10222
20210608,21,340,20,20,30,186,128,0,0,10227
20210608,22,30,20,20,40,182,134,0,0,10226
20210608,23,30,20,10,40,158,135,0,0,10224
20210608,24,20,10,10,20,139,129,0,0,10222
20210609,1,330,10,10,10,134,129,0,0,10222
20210609,2,330,10,10,10,127,124,0,0,10221
20210609,3,0,0,0,10,124,124,0,0,10219
20210609,4,330,0,10,10,124,121,0,4,10217
20210609,5,0,0,0,10,152,139,10,35,10218
20210609,6,0,0,0,20,186,148,5,71,10218
20210609,7,210,10,10,20,201,146,5,96,10218
20210609,8,250,10,10,30,221,135,9,177,10218
20210609,9,260,20,20,40,230,121,10,223,10220
20210609,10,230,30,30,50,238,131,10,267,10222
20210609,11,260,30,30,60,241,124,9,295,10220
20210609,12,220,30,40,70,248,121,9,320,10218
20210609,13,260,40,40,80,245,122,9,291,10216
20210609,14,230,40,40,80,250,127,9,257,10214
20210609,15,240,40,40,80,247,114,10,245,10213
20210609,16,250,40,40,80,238,55,10,210,10213
20210609,17,250,40,40,80,237,67,10,160,10210
20210609,18,290,20,20,60,229,100,10,101,10210
20210609,19,330,20,20,40,215,116,10,47,10211
20210609,20,0,10,0,30,167,130,3,9,10211
20210609,21,70,0,10,10,142,130,0,0,10214
20210609,22,0,0,0,10,128,121,0,0,10216
20210609,23,0,0,0,10,119,114,0,0,10218
20210609,24,0,0,0,10,109,104,0,0,10216
20210610,1,120,10,10,10,106,101,0,0,10213
20210610,2,140,10,10,10,105,102,0,0,10211
20210610,3,130,10,10,20,103,100,0,0,10206
20210610,4,100,10,10,20,103,98,0,4,10205
20210610,5,990,10,10,10,143,122,10,35,10205
20210610,6,180,10,20,30,174,120,10,83,10207
20210610,7,190,20,20,40,197,116,10,137,10210
20210610,8,180,20,30,40,214,114,10,190,10213
20210610,9,220,30,40,60,223,124,10,240,10215
20210610,10,240,30,30,70,233,107,10,268,10215
20210610,11,260,20,20,50,242,78,10,262,10213
20210610,12,180,30,30,50,245,76,10,309,10209
20210610,13,990,20,10,50,258,72,10,308,10207
20210610,14,200,20,30,50,258,86,10,283,10202
20210610,15,270,20,20,50,266,116,9,231,10199
20210610,16,330,30,20,60,250,127,4,131,10197
20210610,17,320,30,40,70,245,147,7,131,10195
20210610,18,300,40,30,70,231,150,10,94,10196
20210610,19,320,30,30,60,211,153,10,45,10198
20210610,20,330,30,20,50,196,149,3,10,10202
20210610,21,310,20,20,40,180,150,0,0,10205
20210610,22,310,10,10,20,159,147,0,0,10204
20210610,23,0,0,0,10,147,145,0,0,10199
20210610,24,240,10,10,20,140,136,0,0,10201
20210611,1,360,10,10,20,134,134,0,0,10201
20210611,2,360,0,10,10,125,124,0,0,10200
20210611,3,180,10,10,20,121,121,0,0,10192
20210611,4,220,10,10,20,126,124,0,4,10194
20210611,5,240,20,30,40,142,139,7,27,10197
20210611,6,220,20,20,40,155,152,0,34,10197
20210611,7,250,20,20,40,168,157,0,50,10200
20210611,8,200,20,30,50,178,160,0,86,10200
20210611,9,220,20,20,50,192,163,0,114,10199
20210611,10,240,30,30,50,206,163,4,201,10200
20210611,11,210,30,40,60,216,169,6,242,10198
20210611,12,240,40,40,60,224,166,4,217,10198
20210611,13,220,30,40,70,231,170,5,215,10194
20210611,14,240,40,40,70,234,167,9,264,10191
20210611,15,250,40,40,70,235,162,8,230,10190
20210611,16,230,40,40,80,236,150,8,179,10187
20210611,17,270,40,40,80,223,152,7,129,10191
20210611,18,250,40,40,80,211,153,4,70,10190
20210611,19,250,30,30,70,205,149,8,34,10189
20210611,20,240,20,30,50,194,154,3,11,10187
20210611,21,250,20,20,40,186,156,0,0,10190
20210611,22,220,20,20,40,177,154,0,0,10188
20210611,23,240,20,20,40,175,155,0,0,10188
20210611,24,240,30,20,50,171,153,0,0,10188
20210612,1,230,30,20,50,167,152,0,0,10185
20210612,2,230,20,20,40,167,152,0,0,10183
20210612,3,250,20,30,50,170,151,0,0,10182
20210612,4,270,30,30,60,169,144,0,1,10184
20210612,5,270,30,30,70,164,141,0,6,10188
20210612,6,270,20,30,60,176,138,2,52,10191
20210612,7,270,30,40,70,179,119,2,90,10194
20210612,8,280,30,40,70,181,111,0,88,10200
20210612,9,290,40,40,70,192,112,2,165,10204
20210612,10,320,40,40,90,191,103,1,160,10209
20210612,11,320,50,50,90,199,104,5,244,10212
20210612,12,340,50,40,100,198,99,8,243,10216
20210612,13,310,50,60,100,199,85,10,310,10219
20210612,14,310,50,50,100,198,90,10,287,10224
20210612,15,310,50,60,90,183,92,8,218,10233
20210612,16,310,50,50,90,179,96,9,188,10236
20210612,17,310,50,40,90,176,88,9,127,10240
20210612,18,320,40,40,90,172,81,10,93,10243
20210612,19,330,40,30,70,158,81,10,48,10248
20210612,20,340,30,20,60,142,88,3,7,10254
20210612,21,300,20,20,40,130,92,0,0,10258
20210612,22,310,10,10,40,114,94,0,0,10263
20210612,23,300,10,10,30,113,95,0,0,10266
20210612,24,300,20,10,30,96,89,0,0,10268
20210613,1,320,10,10,20,87,84,0,0,10268
20210613,2,0,10,0,20,82,79,0,0,10268
20210613,3,290,10,10,20,76,72,0,0,10268
20210613,4,310,10,10,20,77,74,0,4,10272
20210613,5,330,10,10,20,119,95,10,35,10277
20210613,6,340,10,20,30,141,95,10,84,10279
20210613,7,240,10,10,30,157,92,10,141,10283
20210613,8,990,10,10,30,174,78,10,198,10288
20210613,9,350,20,20,40,179,81,10,248,10288
20210613,10,340,20,30,50,186,67,10,286,10289
20210613,11,330,20,20,50,197,87,10,312,10286
20210613,12,310,20,30,50,204,83,10,321,10284
20210613,13,300,20,30,50,214,83,10,316,10279
20210613,14,320,30,30,50,222,94,10,295,10272
20210613,15,230,20,20,50,227,98,10,259,10268
20210613,16,990,20,10,40,231,87,10,210,10262
20210613,17,330,10,20,30,233,97,10,156,10258
20210613,18,30,10,10,30,226,100,10,98,10256
20210613,19,990,20,10,40,217,113,10,46,10254
20210613,20,20,20,20,30,198,111,3,9,10254
20210613,21,60,10,10,20,152,129,0,0,10250
20210613,22,40,10,10,10,135,121,0,0,10247
20210613,23,90,10,10,20,124,116,0,0,10245
20210613,24,110,10,10,10,120,113,0,0,10242
20210614,1,130,10,20,20,113,109,0,0,10235
20210614,2,150,20,20,30,112,101,0,0,10229
20210614,3,150,10,10,20,105,102,0,0,10227
20210614,4,140,10,10,20,109,104,0,4,10227
20210614,5,160,10,10,20,153,110,10,35,10225
20210614,6,140,10,10,30,180,112,10,83,10223
20210614,7,180,30,40,50,199,123,10,140,10215
20210614,8,190,30,30,50,224,115,10,195,10211
20210614,9,200,30,30,60,235,103,10,245,10211
20210614,10,210,20,20,50,255,103,10,283,10205
20210614,11,250,20,30,60,258,79,10,308,10202
20210614,12,220,30,30,60,268,91,10,321,10199
20210614,13,280,30,20,60,270,93,9,307,10197
20210614,14,320,40,40,80,265,108,10,285,10193
20210614,15,290,30,30,60,265,104,10,249,10191
20210614,16,290,30,30,60,263,98,10,206,10190
20210614,17,310,40,40,80,250,107,10,152,10190
20210614,18,310,40,40,80,225,131,10,93,10191
20210614,19,340,30,20,70,214,134,7,34,10192
20210614,20,340,20,30,50,199,141,2,6,10196
20210614,21,360,30,30,60,190,149,0,0,10200
20210614,22,20,30,20,60,181,152,0,0,10201
20210614,23,20,20,20,60,175,149,0,0,10201
20210614,24,20,30,30,50,172,145,0,0,10201
20210615,1,20,30,20,60,165,136,0,0,10204
20210615,2,40,20,20,30,161,140,0,0,10207
20210615,3,40,20,20,40,160,116,0,0,10207
20210615,4,50,20,20,30,156,107,0,2,10210
20210615,5,50,20,20,40,154,113,0,10,10214
20210615,6,30,20,20,30,157,116,0,18,10217
20210615,7,50,30,20,50,165,90,0,59,10223
20210615,8,10,30,20,40,176,75,1,121,10224
20210615,9,70,20,20,40,190,99,8,222,10221
20210615,10,350,20,20,50,202,89,10,280,10221
20210615,11,330,30,40,80,209,99,10,301,10219
20210615,12,30,20,30,60,211,101,9,302,10216
20210615,13,340,30,40,70,225,103,9,294,10213
20210615,14,330,30,30,70,224,94,10,286,10210
20210615,15,310,40,40,60,227,93,10,246,10206
20210615,16,360,30,30,60,221,91,10,201,10203
20210615,17,20,30,30,60,215,87,10,138,10201
20210615,18,20,30,30,60,211,88,10,98,10198
20210615,19,40,30,30,50,197,88,10,47,10196
20210615,20,30,20,20,40,181,99,3,12,10195
20210615,21,60,20,20,40,157,108,0,0,10196
20210615,22,40,20,20,30,148,104,0,0,10190
20210615,23,50,10,20,30,141,105,0,0,10187
20210615,24,50,10,10,20,134,107,0,0,10182
20210616,1,70,10,10,20,119,107,0,0,10178
20210616,2,70,10,10,20,116,105,0,0,10174
20210616,3,60,10,10,20,106,100,0,0,10169
20210616,4,70,10,20,20,110,107,0,4,10167
20210616,5,90,10,10,20,160,119,10,33,10163
20210616,6,120,10,20,30,187,117,10,87,10161
20210616,7,130,20,30,50,215,123,10,138,10155
20210616,8,120,30,30,60,233,122,10,192,10151
20210616,9,150,30,30,60,243,129,10,242,10146
20210616,10,100,30,30,50,252,134,10,277,10143
20210616,11,130,30,20,50,264,139,10,302,10139
20210616,12,120,30,20,60,265,143,10,326,10133
20210616,13,170,30,30,60,276,151,10,307,10128
20210616,14,170,30,20,60,286,155,10,285,10123
20210616,15,150,20,20,70,282,153,10,257,10119
20210616,16,990,20,10,50,285,158,9,172,10115
20210616,17,110,10,20,30,284,161,8,112,10111
20210616,18,100,20,10,30,278,172,10,75,10110
20210616,19,10,20,20,40,267,160,10,38,10108
20210616,20,350,20,10,40,230,169,3,8,10110
20210616,21,10,10,10,20,202,173,0,0,10113
20210616,22,40,10,10,30,185,165,0,0,10110
20210616,23,60,10,10,20,176,163,0,0,10107
20210616,24,70,20,20,30,174,161,0,0,10100
20210617,1,80,10,10,30,169,159,0,0,10098
20210617,2,90,10,10,20,168,160,0,0,10097
20210617,3,110,20,10,20,173,160,0,0,10090
20210617,4,120,20,20,30,176,161,0,4,10089
20210617,5,140,20,20,40,215,169,7,29,10090
20210617,6,140,30,30,50,237,169,7,71,10091
20210617,7,160,30,30,60,240,171,2,67,10095
20210617,8,230,40,50,90,265,166,8,174,10096
20210617,9,300,30,20,90,274,170,9,225,10091
20210617,10,990,20,10,40,281,179,4,182,10089
20210617,11,160,30,40,70,285,176,6,248,10094
20210617,12,190,40,50,90,303,175,7,277,10097
20210617,13,240,60,50,110,295,171,8,287,10103
20210617,14,240,60,60,110,288,177,10,289,10108
20210617,15,250,50,40,100,279,169,8,229,10112
20210617,16,260,40,40,80,280,173,10,202,10114
20210617,17,280,40,30,80,277,178,9,141,10116
20210617,18,310,30,30,70,253,181,4,82,10122
20210617,19,310,30,20,60,239,179,5,28,10127
20210617,20,310,30,20,50,231,175,3,7,10131
20210617,21,350,20,30,50,222,172,0,0,10136
20210617,22,30,30,20,60,205,171,0,0,10140
20210617,23,50,20,20,40,200,176,0,0,10142
20210617,24,40,30,20,50,196,175,0,0,10139
20210618,1,40,30,30,50,194,178,0,0,10133
20210618,2,360,20,10,40,198,178,0,0,10138
20210618,3,10,20,10,40,196,178,0,0,10136
20210618,4,330,20,20,40,191,183,0,0,10148
20210618,5,340,20,20,40,188,184,0,0,10149
20210618,6,60,30,40,70,191,185,0,26,10137
20210618,7,70,40,50,70,199,184,0,43,10134
20210618,8,90,40,40,60,201,184,0,34,10135
20210618,9,70,30,30,60,214,194,1,62,10127
20210618,10,100,50,50,80,245,186,10,258,10126
20210618,11,100,40,40,70,264,199,9,287,10122
20210618,12,130,40,30,60,277,207,8,285,10117
20210618,13,140,30,30,60,283,194,8,287,10110
20210618,14,130,40,40,70,289,192,10,267,10103
20210618,15,120,50,60,110,270,181,8,209,10094
20210618,16,120,50,50,130,257,180,4,119,10089
20210618,17,150,40,40,80,271,188,5,69,10089
20210618,18,330,30,30,90,233,196,0,15,10105
20210618,19,270,30,30,70,214,196,8,46,10104
20210618,20,120,20,20,70,214,203,3,19,10107
20210618,21,160,10,10,60,205,201,0,0,10113
20210618,22,140,20,30,40,199,195,0,0,10113
20210618,23,120,20,20,30,192,189,0,0,10116
20210618,24,170,20,30,50,198,187,0,0,10116
20210619,1,200,30,40,60,202,181,0,0,10116
20210619,2,220,40,30,80,197,180,0,0,10118
20210619,3,250,30,30,70,194,176,0,0,10122
20210619,4,240,40,30,80,185,172,0,1,10127
20210619,5,240,30,40,80,183,167,0,9,10134
20210619,6,220,40,40,80,188,166,0,23,10138
20210619,7,220,50,50,100,183,157,0,33,10143
20210619,8,220,40,30,90,182,156,0,43,10147
20210619,9,230,40,50,80,179,149,0,41,10151
20210619,10,250,40,30,80,178,150,0,56,10152
20210619,11,260,20,30,50,176,147,0,56,10151
20210619,12,220,30,20,50,176,150,0,59,10150
20210619,13,210,20,20,40,181,154,0,71,10154
20210619,14,280,20,20,40,184,151,1,96,10150
20210619,15,320,20,20,40,182,148,0,72,10149
20210619,16,40,20,20,30,186,148,2,82,10138
20210619,17,350,20,20,40,187,150,1,66,10132
20210619,18,30,30,30,50,184,149,1,52,10125
20210619,19,40,40,30,80,178,148,10,36,10121
20210619,20,40,30,30,60,170,146,3,7,10110
20210619,21,30,30,30,50,168,147,0,0,10107
20210619,22,30,40,40,80,170,149,0,0,10087
20210619,23,280,30,20,80,163,157,0,0,10093
20210619,24,350,40,40,70,162,158,0,0,10072
20210620,1,330,30,20,60,163,160,0,0,10066
20210620,2,300,20,20,40,163,159,0,0,10060
20210620,3,280,30,40,70,156,151,0,0,10058
20210620,4,990,30,10,70,157,151,0,0,10062
20210620,5,250,10,10,30,161,156,0,10,10065
20210620,6,210,20,20,40,164,154,0,25,10069
20210620,7,240,30,30,50,168,156,0,49,10074
20210620,8,210,30,30,60,181,159,1,91,10080
20210620,9,220,40,40,70,195,158,5,176,10084
20210620,10,220,40,30,70,208,169,2,147,10084
20210620,11,230,30,30,60,210,159,1,103,10087
20210620,12,330,30,30,90,205,163,1,120,10086
20210620,13,990,20,10,50,217,155,4,201,10086
20210620,14,310,30,20,60,220,161,2,126,10088
20210620,15,320,20,20,40,212,156,4,125,10086
20210620,16,340,30,30,70,221,156,8,180,10082
20210620,17,40,30,30,70,205,159,2,83,10087
20210620,18,20,20,20,50,207,157,3,49,10083
20210620,19,30,30,30,50,199,156,10,47,10084
20210620,20,10,30,30,60,188,154,3,11,10085
20210620,21,20,30,40,50,183,155,0,0,10087
20210620,22,20,40,50,80,174,152,0,0,10079
20210620,23,30,50,60,90,158,136,0,0,10079
20210620,24,20,60,60,100,150,127,0,0,10078
20210621,1,20,50,40,90,146,125,0,0,10079
20210621,2,20,50,50,90,145,125,0,0,10076
20210621,3,20,50,50,90,138,129,0,0,10076
20210621,4,20,40,40,90,135,128,0,0,10072
20210621,5,10,40,40,80,133,126,0,2,10069
20210621,6,30,50,40,100,132,124,0,11,10074
20210621,7,360,30,30,70,133,126,0,15,10078
20210621,8,10,40,30,70,135,126,0,25,10084
20210621,9,350,30,40,70,137,129,0,38,10089
20210621,10,10,40,30,70,140,133,0,52,10096
20210621,11,360,40,50,90,145,132,0,96,10100
20210621,12,350,40,30,100,150,133,0,116,10108
20210621,13,10,40,40,80,157,133,1,138,10111
20210621,14,10,40,30,70,157,129,0,108,10116
20210621,15,10,40,40,70,156,122,0,79,10122
20210621,16,10,40,40,70,157,126,1,65,10125
20210621,17,20,40,50,80,147,120,0,43,10129
20210621,18,30,40,20,80,144,115,0,21,10135
20210621,19,30,40,30,80,142,111,0,17,10140
20210621,20,40,30,20,70,135,102,0,4,10148
20210621,21,20,30,30,60,130,104,0,0,10150
20210621,22,40,20,10,50,122,103,0,0,10156
20210621,23,20,20,30,50,125,104,0,0,10156
20210621,24,30,20,20,50,121,102,0,0,10159
20210622,1,60,20,30,40,114,100,0,0,10157
20210622,2,40,20,20,40,116,102,0,0,10159
20210622,3,40,20,20,40,118,104,0,0,10159
20210622,4,40,20,20,40,120,102,0,2,10163
20210622,5,40,30,40,60,130,100,3,31,10164
20210622,6,50,40,50,90,133,97,2,53,10168
20210622,7,50,40,30,70,136,92,1,60,10170
20210622,8,30,40,30,70,148,93,2,108,10172
20210622,9,30,40,50,80,161,89,7,220,10174
20210622,10,10,50,40,90,161,87,8,240,10174
20210622,11,20,50,40,90,172,86,2,159,10173
20210622,12,10,50,50,90,166,96,3,186,10174
20210622,13,20,50,50,90,166,95,1,134,10174
20210622,14,30,60,60,100,169,98,1,160,10177
20210622,15,20,60,60,100,169,93,2,159,10178
20210622,16,10,50,40,100,168,93,1,114,10181
20210622,17,10,50,50,100,164,84,7,92,10184
20210622,18,10,50,40,90,156,82,5,63,10190
20210622,19,360,40,40,80,151,78,2,19,10193
20210622,20,10,40,40,80,146,76,2,7,10197
20210622,21,20,30,30,70,142,84,0,0,10200
20210622,22,30,30,30,60,137,87,0,0,10203
20210622,23,50,30,30,50,126,87,0,0,10209
20210622,24,50,10,10,40,117,98,0,0,10208
20210623,1,40,20,20,20,117,98,0,0,10208
20210623,2,40,10,10,20,118,100,0,0,10207
20210623,3,0,10,0,10,113,104,0,0,10213
20210623,4,990,0,10,20,111,105,0,2,10213
20210623,5,310,10,10,20,120,103,0,17,10214
20210623,6,330,20,20,30,128,101,0,37,10216
20210623,7,30,20,20,30,138,89,0,65,10219
20210623,8,50,20,20,40,148,92,0,99,10220
20210623,9,30,30,20,60,152,94,2,127,10220
20210623,10,360,30,40,70,164,100,5,243,10221
20210623,11,350,40,30,70,161,91,3,218,10221
20210623,12,350,30,30,60,166,91,0,127,10221
20210623,13,20,30,30,70,165,94,0,119,10221
20210623,14,40,20,20,50,168,97,0,117,10220
20210623,15,350,30,30,60,170,99,0,116,10221
20210623,16,10,30,40,60,167,99,0,108,10219
20210623,17,40,40,40,60,162,106,0,85,10218
20210623,18,30,40,40,60,158,104,0,50,10219
20210623,19,10,40,30,60,155,104,0,18,10220
20210623,20,360,30,30,60,152,105,0,4,10222
20210623,21,360,30,20,60,149,107,0,0,10222
20210623,22,20,30,30,50,146,101,0,0,10221
20210623,23,30,30,20,60,142,101,0,0,10219
20210623,24,30,20,20,40,140,102,0,0,10223
20210624,1,30,30,30,60,135,101,0,0,10222
20210624,2,40,20,20,50,130,99,0,0,10221
20210624,3,30,20,20,40,128,97,0,0,10218
20210624,4,30,30,20,40,127,97,0,1,10217
20210624,5,10,20,20,30,129,98,0,7,10216
20210624,6,20,20,20,40,133,100,0,28,10212
20210624,7,40,20,10,40,144,103,0,71,10211
20210624,8,360,30,30,50,152,99,0,111,10213
20210624,9,30,30,30,50,157,102,1,141,10212
20210624,10,40,30,20,50,162,108,0,147,10214
20210624,11,340,20,20,40,169,105,1,163,10211
20210624,12,310,20,30,50,179,101,4,240,10208
20210624,13,280,20,20,40,185,99,2,193,10206
20210624,14,340,20,10,40,189,107,2,176,10204
20210624,15,90,10,10,30,187,108,0,115,10200
20210624,16,990,10,10,20,190,109,0,83,10195
20210624,17,50,10,10,20,187,112,0,39,10191
20210624,18,310,20,30,50,189,119,2,43,10192
20210624,19,290,30,30,60,167,105,10,52,10195
20210624,20,290,30,20,60,153,102,3,12,10197
20210624,21,280,10,10,30,127,103,0,0,10199
20210624,22,270,10,20,30,109,95,0,0,10198
20210624,23,270,20,20,30,93,86,0,0,10197
20210624,24,270,10,10,30,75,72,0,0,10195
20210625,1,110,10,10,10,74,71,0,0,10191
20210625,2,150,10,10,20,72,71,0,0,10187
20210625,3,160,20,10,20,90,87,0,0,10182
20210625,4,160,10,20,40,108,96,0,4,10179
20210625,5,160,20,20,30,115,98,0,8,10175
20210625,6,170,20,20,40,127,99,0,32,10174
20210625,7,190,20,30,40,140,107,0,65,10172
20210625,8,180,30,30,50,149,120,0,43,10174
20210625,9,190,30,30,60,166,126,2,138,10171
20210625,10,170,30,40,60,182,136,2,180,10169
20210625,11,200,40,40,80,181,135,0,124,10170
20210625,12,220,50,60,80,176,134,0,113,10170
20210625,13,200,40,30,80,173,145,0,54,10173
20210625,14,220,40,50,80,181,140,0,80,10172
20210625,15,200,50,40,80,183,140,0,71,10173
20210625,16,210,40,30,70,177,145,0,72,10173
20210625,17,220,30,30,60,166,147,0,31,10174
20210625,18,190,20,20,40,165,151,0,23,10175
20210625,19,200,20,20,40,162,152,0,12,10177
20210625,20,160,20,10,30,160,153,0,5,10181
20210625,21,190,20,20,30,161,153,0,0,10182
20210625,22,210,20,20,30,158,152,0,0,10183
20210625,23,0,10,0,30,147,144,0,0,10185
20210625,24,100,10,20,20,145,143,0,0,10185
20210626,1,110,10,10,20,150,147,0,0,10185
20210626,2,0,10,0,20,150,147,0,0,10188
20210626,3,120,10,20,30,151,149,0,0,10189
20210626,4,80,10,10,20,150,148,0,1,10189
20210626,5,90,10,10,20,152,148,0,11,10188
20210626,6,110,10,20,20,162,151,2,45,10189
20210626,7,100,20,20,30,171,148,0,62,10192
20210626,8,80,20,20,40,187,156,6,134,10192
20210626,9,110,20,30,50,203,157,7,207,10190
20210626,10,160,30,30,70,218,151,6,244,10191
20210626,11,150,30,30,60,228,146,10,302,10188
20210626,12,180,30,30,60,232,138,3,201,10189
20210626,13,140,30,10,60,240,147,6,262,10187
20210626,14,80,30,30,60,246,122,9,303,10180
20210626,15,80,30,20,60,245,136,6,202,10176
20210626,16,80,40,40,70,235,137,3,119,10175
20210626,17,80,40,30,70,234,141,5,100,10174
20210626,18,40,30,30,50,228,148,5,57,10175
20210626,19,30,30,20,50,220,173,10,45,10175
20210626,20,20,20,20,40,207,171,3,7,10179
20210626,21,20,20,30,40,195,172,0,0,10183
20210626,22,40,30,40,60,185,169,0,0,10183
20210626,23,50,40,30,60,179,169,0,0,10181
20210626,24,50,30,30,50,176,163,0,0,10180
20210627,1,50,30,30,50,173,159,0,0,10178
20210627,2,40,30,30,40,171,159,0,0,10175
20210627,3,50,30,30,50,171,159,0,0,10175
20210627,4,70,30,30,50,170,156,0,4,10170
20210627,5,60,40,40,60,184,157,3,30,10167
20210627,6,70,40,30,70,187,153,3,57,10164
20210627,7,80,30,30,60,193,156,0,65,10166
20210627,8,80,40,40,70,208,159,1,114,10166
20210627,9,70,30,30,50,225,161,3,160,10165
20210627,10,80,30,30,60,242,160,10,264,10159
20210627,11,90,40,40,60,260,175,9,304,10154
20210627,12,80,50,50,90,258,164,6,216,10152
20210627,13,90,50,40,90,261,144,5,216,10148
20210627,14,80,60,60,100,257,143,8,220,10143
20210627,15,90,50,50,100,261,137,7,196,10136
20210627,16,90,60,50,100,256,142,5,159,10134
20210627,17,130,30,20,80,248,149,0,30,10133
20210627,18,160,50,80,140,184,167,0,7,10154
20210627,19,140,30,30,120,181,175,0,1,10148
20210627,20,50,20,10,50,180,173,0,2,10143
20210627,21,40,20,30,60,180,173,0,0,10153
20210627,22,50,30,30,60,180,173,0,0,10151
20210627,23,70,20,20,40,178,173,0,0,10151
20210627,24,40,20,10,40,176,173,0,0,10146
20210628,1,40,10,10,20,176,170,0,0,10141
20210628,2,60,20,20,30,171,166,0,0,10138
20210628,3,70,10,10,20,157,154,0,0,10139
20210628,4,70,10,10,20,153,152,0,2,10140
20210628,5,80,10,10,20,172,165,3,26,10139
20210628,6,80,20,10,30,190,172,10,76,10138
20210628,7,70,20,20,30,203,175,9,137,10134
20210628,8,50,10,10,30,218,180,8,180,10136
20210628,9,60,10,10,30,227,182,8,217,10138
20210628,10,120,10,10,20,237,177,3,189,10138
20210628,11,210,10,10,30,229,179,0,52,10140
20210628,12,0,10,0,30,229,185,0,43,10138
20210628,13,310,10,20,30,230,189,0,53,10136
20210628,14,320,20,20,30,222,187,0,36,10138
20210628,15,350,20,20,40,221,191,0,45,10136
20210628,16,320,20,20,40,224,182,1,66,10139
20210628,17,330,10,20,30,227,191,2,63,10133
20210628,18,330,20,20,30,220,188,0,34,10126
20210628,19,320,10,10,30,213,191,0,13,10126
20210628,20,340,10,10,30,206,187,2,6,10130
20210628,21,320,20,20,40,200,182,0,0,10131
20210628,22,350,10,10,30,181,177,0,0,10131
20210628,23,310,10,20,20,179,176,0,0,10128
20210628,24,330,20,20,30,183,178,0,0,10127
20210629,1,0,10,0,30,176,172,0,0,10124
20210629,2,300,10,10,20,175,172,0,0,10119
20210629,3,330,20,20,30,178,173,0,0,10116
20210629,4,320,20,10,30,176,171,0,1,10114
20210629,5,290,10,10,20,176,172,0,3,10113
20210629,6,300,10,10,20,180,177,0,10,10117
20210629,7,270,10,20,30,185,180,0,31,10116
20210629,8,280,20,20,50,189,176,0,74,10117
20210629,9,280,20,10,50,194,177,0,74,10117
20210629,10,310,20,30,50,191,169,0,70,10117
20210629,11,300,30,40,50,202,172,2,140,10118
20210629,12,330,30,30,60,200,170,1,153,10115
20210629,13,340,30,30,60,185,160,0,71,10117
20210629,14,350,30,30,70,184,160,0,70,10116
20210629,15,350,40,40,80,178,150,0,46,10113
20210629,16,340,40,40,70,174,147,0,36,10115
20210629,17,340,30,30,60,171,145,0,22,10114
20210629,18,330,40,30,80,164,141,0,14,10116
20210629,19,330,30,40,70,159,138,0,4,10115
20210629,20,320,30,40,70,153,138,0,2,10117
20210629,21,330,30,40,80,145,136,0,0,10120
20210629,22,320,40,40,70,141,133,0,0,10119
20210629,23,320,40,40,80,139,126,0,0,10118
20210629,24,330,40,30,80,135,127,0,0,10116
20210630,1,320,30,30,70,134,130,0,0,10114
20210630,2,320,30,30,60,136,126,0,0,10112
20210630,3,320,30,40,80,135,127,0,0,10107
20210630,4,320,30,30,60,134,119,0,0,10112
20210630,5,320,30,30,70,133,127,0,3,10110
20210630,6,330,30,30,70,133,129,0,5,10112
20210630,7,330,30,30,60,134,130,0,11,10113
20210630,8,320,30,40,70,135,130,0,22,10115
20210630,9,320,30,30,70,139,134,0,26,10118
20210630,10,320,30,30,70,141,136,0,34,10120
20210630,11,330,30,30,70,144,136,0,58,10121
20210630,12,330,30,30,70,152,133,0,50,10123
20210630,13,340,30,30,70,159,128,0,65,10125
20210630,14,330,30,30,60,153,128,0,44,10128
20210630,15,340,30,30,60,152,128,0,43,10131
20210630,16,310,30,20,60,143,133,0,39,10133
20210630,17,300,30,20,50,137,130,0,24,10135
20210630,18,280,30,30,50,141,133,0,13,10135
20210630,19,290,30,30,60,138,127,0,5,10139
20210630,20,270,20,20,50,135,130,0,1,10141
20210630,21,270,20,20,40,137,129,0,0,10144
20210630,22,270,20,20,40,137,129,0,0,10145
20210630,23,280,20,20,50,135,129,0,0,10145
20210630,24,280,20,30,60,134,127,0,0,10145
20210701,1,270,30,30,90,131,125,0,0,10144
20210701,2,280,20,20,50,132,124,0,0,10142
20210701,3,260,30,30,50,132,123,0,0,10141
20210701,4,260,20,10,60,133,122,0,1,10142
20210701,5,270,20,30,60,131,127,0,3,10143
20210701,6,260,30,30,60,136,129,0,11,10143
20210701,7,280,30,30,70,142,130,0,23,10144
20210701,8,280,30,30,60,149,133,0,42,10146
20210701,9,280,30,40,80,155,125,0,52,10148
20210701,10,280,40,40,80,157,124,0,61,10149
20210701,11,280,40,40,70,164,124,0,65,10151
20210701,12,280,40,30,80,167,127,0,79,10152
20210701,13,270,40,50,70,166,122,0,68,10155
20210701,14,270,40,40,80,165,118,0,62,10159
20210701,15,280,40,40,80,163,119,0,58,10160
20210701,16,270,40,40,80,164,120,0,47,10161
20210701,17,260,40,40,80,162,121,0,66,10161
20210701,18,270,40,30,80,159,124,0,32,10161
20210701,19,270,30,30,60,156,119,3,20,10162
20210701,20,270,30,20,60,152,121,2,6,10164
20210701,21,240,20,10,40,147,122,0,0,10165
20210701,22,230,20,20,40,147,123,0,0,10165
20210701,23,230,20,20,50,148,125,0,0,10164
20210701,24,210,30,30,50,147,124,0,0,10161
20210702,1,200,20,20,40,143,126,0,0,10160
20210702,2,200,20,20,40,144,124,0,0,10157
20210702,3,200,20,20,40,144,125,0,0,10156
20210702,4,200,20,10,30,145,128,0,1,10158
20210702,5,200,20,20,30,146,127,0,4,10159
20210702,6,210,20,10,30,143,136,0,14,10160
20210702,7,200,20,20,30,152,138,0,34,10163
20210702,8,200,20,20,30,153,144,0,32,10166
20210702,9,200,20,10,30,157,150,0,44,10169
20210702,10,210,20,20,40,160,154,0,43,10173
20210702,11,210,20,30,40,174,153,0,103,10176
20210702,12,990,20,10,40,180,146,0,111,10176
20210702,13,210,20,20,50,202,145,5,224,10172
20210702,14,230,20,20,50,202,142,3,153,10172
20210702,15,240,20,20,50,217,143,3,149,10173
20210702,16,250,30,30,50,205,144,2,110,10175
20210702,17,260,20,20,50,204,139,1,69,10174
20210702,18,330,10,10,40,204,147,2,49,10171
20210702,19,320,10,10,30,197,148,10,43,10171
20210702,20,330,20,20,30,182,150,3,10,10175
20210702,21,60,20,10,30,153,143,0,0,10175
20210702,22,50,10,10,20,134,129,0,0,10174
20210702,23,60,10,10,20,124,122,0,0,10172
20210702,24,80,10,10,20,116,114,0,0,10170
20210703,1,100,10,10,20,115,115,0,0,10168
20210703,2,110,10,10,10,109,109,0,0,10168
20210703,3,90,10,10,20,109,106,0,0,10163
20210703,4,70,10,10,20,125,122,0,5,10161
20210703,5,100,10,10,20,136,133,2,20,10161
20210703,6,140,20,20,30,168,148,8,75,10159
20210703,7,110,20,20,40,188,155,4,84,10158
20210703,8,140,30,30,50,207,156,10,191,10156
20210703,9,130,30,30,60,221,152,10,238,10152
20210703,10,120,40,30,60,227,150,5,224,10150
20210703,11,150,30,30,60,226,151,0,110,10147
20210703,12,130,40,30,70,229,160,1,154,10141
20210703,13,150,30,40,60,229,157,0,83,10136
20210703,14,140,30,40,60,232,155,0,112,10133
20210703,15,140,30,30,50,232,162,0,87,10131
20210703,16,130,30,30,60,230,165,0,92,10128
20210703,17,140,30,30,50,219,161,0,36,10124
20210703,18,230,30,30,130,184,175,0,5,10131
20210703,19,170,10,10,40,180,176,0,6,10129
20210703,20,130,10,10,20,173,171,0,5,10129
20210703,21,160,10,10,20,170,167,0,1,10130
20210703,22,100,10,10,10,168,165,0,0,10126
20210703,23,0,10,0,10,170,167,0,0,10122
20210703,24,160,10,10,20,167,164,0,0,10119
20210704,1,160,10,10,30,169,166,0,0,10116
20210704,2,170,10,10,20,170,167,0,0,10112
20210704,3,190,10,10,30,173,170,0,0,10111
20210704,4,220,20,20,40,172,170,0,2,10112
20210704,5,220,10,10,30,174,171,0,14,10111
20210704,6,240,10,10,30,178,172,2,39,10109
20210704,7,990,10,10,30,192,166,4,90,10107
20210704,8,190,10,10,30,198,160,7,151,10101
20210704,9,180,20,20,30,207,155,6,196,10102
20210704,10,210,20,20,40,212,146,5,222,10097
20210704,11,990,10,10,30,225,148,3,198,10092
20210704,12,230,20,20,40,220,150,1,159,10087
20210704,13,990,20,10,40,222,151,0,135,10081
20210704,14,310,10,20,30,222,144,0,120,10080
20210704,15,280,40,40,80,180,155,0,23,10084
20210704,16,310,20,20,70,172,163,0,27,10080
20210704,17,280,10,20,30,183,164,2,72,10086
20210704,18,260,20,30,50,175,156,2,53,10086
20210704,19,260,20,20,50,174,161,3,24,10088
20210704,20,300,10,10,20,164,157,2,7,10087
20210704,21,210,10,10,10,147,144,0,0,10090
20210704,22,150,10,10,20,139,138,0,0,10090
20210704,23,120,10,10,20,134,133,0,0,10085
20210704,24,150,20,20,30,146,143,0,0,10084
20210705,1,160,30,20,60,156,154,0,0,10082
20210705,2,210,20,20,40,157,153,0,0,10079
20210705,3,220,30,30,60,153,145,0,0,10080
20210705,4,190,20,20,60,146,139,0,1,10079
20210705,5,170,20,20,40,146,140,0,4,10077
20210705,6,200,30,40,60,146,133,0,12,10078
20210705,7,200,30,40,60,157,137,2,64,10082
20210705,8,220,30,40,70,162,136,1,93,10082
20210705,9,200,40,50,80,175,135,2,143,10083
20210705,10,200,40,40,70,185,137,2,180,10082
20210705,11,200,40,40,70,183,132,1,132,10083
20210705,12,190,50,60,90,180,131,0,148,10084
20210705,13,190,40,30,90,180,142,1,167,10085
20210705,14,170,30,30,60,187,142,3,174,10080
20210705,15,260,30,30,70,169,150,0,49,10081
20210705,16,220,10,20,30,176,147,0,70,10078
20210705,17,200,20,10,40,170,143,0,18,10078
20210705,18,120,20,20,30,175,151,8,81,10074
20210705,19,120,20,10,30,174,155,10,41,10070
20210705,20,110,20,20,30,167,155,3,6,10068
20210705,21,110,20,20,30,165,154,0,0,10065
20210705,22,130,30,30,50,167,151,0,0,10058
20210705,23,120,30,30,50,165,152,0,0,10048
20210705,24,140,30,30,60,166,156,0,0,10044
20210706,1,160,30,30,60,172,158,0,0,10036
20210706,2,160,30,30,60,173,160,0,0,10027
20210706,3,140,40,50,60,173,157,0,0,10014
20210706,4,140,40,50,80,174,157,0,2,10006
20210706,5,160,40,50,80,180,157,2,10,10012
20210706,6,180,50,60,100,188,158,0,18,10009
20210706,7,190,50,50,90,192,157,0,41,10011
20210706,8,190,40,50,80,204,162,2,77,10013
20210706,9,220,80,80,160,200,120,7,184,10018
20210706,10,200,80,80,150,197,112,8,212,10025
20210706,11,200,80,100,160,198,114,2,168,10031
20210706,12,190,80,80,160,196,112,2,150,10035
20210706,13,200,70,80,130,195,115,0,76,10043
20210706,14,200,80,70,180,191,123,2,116,10052
20210706,15,200,60,60,140,176,133,1,79,10061
20210706,16,200,70,60,150,176,124,1,98,10065
20210706,17,190,60,50,120,181,130,7,110,10066
20210706,18,220,60,70,120,181,103,7,74,10079
20210706,19,220,60,60,130,175,102,7,33,10086
20210706,20,210,40,40,100,167,99,3,11,10093
20210706,21,200,40,40,70,158,100,0,0,10100
20210706,22,200,40,40,70,155,107,0,0,10105
20210706,23,190,30,30,60,152,106,0,0,10107
20210706,24,180,30,30,50,154,106,0,0,10110
20210707,1,170,30,20,50,144,103,0,0,10109
20210707,2,160,20,20,50,137,111,0,0,10109
20210707,3,170,30,30,50,144,118,0,0,10111
20210707,4,170,30,20,50,142,119,0,3,10113
20210707,5,150,20,30,40,142,123,8,26,10117
20210707,6,160,30,30,50,160,132,3,55,10121
20210707,7,170,30,20,60,167,138,5,81,10125
20210707,8,190,40,40,70,190,147,8,162,10129
20210707,9,210,50,60,110,191,132,8,185,10133
20210707,10,210,50,40,110,200,136,6,206,10140
20210707,11,210,50,50,100,196,128,3,157,10143
20210707,12,220,50,50,100,214,138,6,244,10149
20210707,13,220,40,40,90,201,130,2,123,10154
20210707,14,200,40,40,80,210,139,1,140,10156
20210707,15,220,30,30,90,211,132,2,131,10157
20210707,16,230,30,30,60,217,131,3,122,10159
20210707,17,210,30,40,60,206,125,1,66,10161
20210707,18,220,20,10,50,205,135,2,47,10164
20210707,19,320,20,10,40,183,142,0,18,10170
20210707,20,320,20,10,30,166,140,0,6,10175
20210707,21,40,10,10,20,140,134,0,0,10179
20210707,22,0,0,0,10,130,125,0,0,10183
20210707,23,0,0,0,20,122,117,0,0,10186
20210707,24,50,10,10,20,117,112,0,0,10188
20210708,1,50,0,10,10,116,114,0,0,10190
20210708,2,0,10,0,20,124,119,0,0,10191
20210708,3,310,10,10,20,118,115,0,0,10188
20210708,4,100,10,10,20,124,119,0,2,10191
20210708,5,110,0,10,10,140,135,0,18,10193
20210708,6,0,10,0,10,158,135,0,32,10200
20210708,7,990,10,10,20,197,133,6,107,10200
20210708,8,310,20,10,50,198,128,4,122,10204
20210708,9,330,20,20,40,203,135,3,159,10203
20210708,10,340,20,10,40,213,137,6,244,10207
20210708,11,310,20,20,40,226,127,8,278,10207
20210708,12,340,20,20,70,222,138,6,240,10204
20210708,13,300,20,30,60,220,132,1,125,10206
20210708,14,290,30,30,50,223,138,2,162,10205
20210708,15,290,30,30,60,219,140,2,156,10206
20210708,16,300,30,40,70,215,145,2,108,10205
20210708,17,320,30,30,60,214,141,4,102,10207
20210708,18,330,30,30,60,209,138,10,81,10208
20210708,19,330,20,20,50,202,138,10,43,10211
20210708,20,340,20,20,40,191,136,3,16,10218
20210708,21,330,20,20,30,181,133,0,0,10220
20210708,22,300,20,20,40,170,131,0,0,10222
20210708,23,320,10,10,30,144,132,0,0,10224
20210708,24,320,10,10,20,128,124,0,0,10219
20210709,1,80,10,10,10,119,116,0,0,10218
20210709,2,0,0,0,10,115,112,0,0,10219
20210709,3,290,10,10,10,109,106,0,0,10218
20210709,4,0,0,0,10,108,105,0,2,10218
20210709,5,230,10,10,20,136,133,8,28,10219
20210709,6,270,10,10,20,169,140,10,76,10217
20210709,7,280,20,20,40,181,142,10,129,10220
20210709,8,230,20,30,50,192,144,10,176,10221
20210709,9,220,30,30,50,200,148,8,203,10219
20210709,10,210,30,40,70,209,148,8,250,10216
20210709,11,240,30,30,70,216,132,9,309,10214
20210709,12,230,40,40,80,221,132,10,347,10214
20210709,13,260,30,20,70,228,128,8,279,10212
20210709,14,230,30,30,70,238,136,10,294,10209
20210709,15,250,40,30,70,220,134,8,222,10206
20210709,16,310,30,20,60,208,146,6,153,10204
20210709,17,340,30,30,50,201,145,0,59,10202
20210709,18,360,20,20,40,199,148,0,41,10200
20210709,19,320,20,20,40,199,141,8,35,10200
20210709,20,350,10,10,30,184,148,3,9,10203
20210709,21,10,10,10,10,158,144,0,0,10203
20210709,22,310,10,10,20,145,138,0,0,10201
20210709,23,350,10,10,20,136,134,0,0,10200
20210709,24,350,10,10,10,132,129,0,0,10197
20210710,1,310,10,10,20,142,140,0,0,10194
20210710,2,10,10,10,20,144,142,0,0,10189
20210710,3,290,10,10,20,141,138,0,0,10183
20210710,4,320,10,10,20,131,129,0,2,10181
20210710,5,310,10,10,10,143,140,0,16,10180
20210710,6,330,10,10,20,164,145,2,46,10178
20210710,7,990,10,10,20,176,144,2,82,10178
20210710,8,20,10,10,20,179,145,1,111,10179
20210710,9,290,10,10,30,190,137,3,160,10174
20210710,10,990,10,10,30,200,134,2,173,10171
20210710,11,180,20,20,40,210,140,3,211,10168
20210710,12,340,10,10,40,215,132,4,227,10160
20210710,13,990,20,10,40,227,132,3,197,10157
20210710,14,280,10,10,40,220,122,0,126,10155
20210710,15,290,10,10,30,217,141,0,73,10151
20210710,16,320,20,20,30,214,133,0,83,10148
20210710,17,300,30,30,60,208,161,4,86,10148
20210710,18,320,30,20,50,204,151,4,70,10147
20210710,19,330,20,20,40,201,152,7,33,10150
20210710,20,360,20,10,40,186,154,2,6,10152
20210710,21,20,20,20,40,180,146,0,0,10151
20210710,22,30,20,10,30,173,146,0,0,10156
20210710,23,20,20,20,30,174,147,0,0,10155
20210710,24,340,10,10,20,167,149,0,0,10155
20210711,1,30,10,10,20,165,150,0,0,10155
20210711,2,360,10,20,30,172,150,0,0,10154
20210711,3,0,10,0,10,165,153,0,0,10158
20210711,4,350,10,10,20,163,155,0,1,10160
20210711,5,0,10,0,20,162,154,0,6,10156
20210711,6,310,10,10,20,173,157,0,21,10156
20210711,7,290,10,10,10,180,156,0,36,10160
20210711,8,240,20,20,50,177,154,0,24,10167
20210711,9,280,20,30,40,186,158,0,68,10167
20210711,10,320,20,20,50,199,154,2,157,10168
20210711,11,990,20,10,40,203,154,3,180,10169
20210711,12,990,10,10,30,224,163,4,229,10163
20210711,13,220,20,30,60,220,146,3,177,10163
20210711,14,200,40,40,60,228,164,6,224,10162
20210711,15,220,30,30,70,226,141,9,235,10160
20210711,16,220,30,40,70,229,136,10,203,10155
20210711,17,220,30,30,60,225,141,7,122,10154
20210711,18,340,20,20,50,212,154,3,58,10155
20210711,19,330,20,20,50,200,156,8,30,10155
20210711,20,360,20,20,50,188,159,3,10,10151
20210711,21,20,20,10,30,171,156,0,0,10153
20210711,22,40,10,10,20,154,149,0,0,10150
20210711,23,40,10,10,10,145,144,0,0,10147
20210711,24,0,10,0,20,143,140,0,0,10145
20210712,1,70,10,10,20,138,135,0,0,10140
20210712,2,70,10,10,30,136,133,0,0,10137
20210712,3,70,10,10,20,129,127,0,0,10130
20210712,4,100,10,10,20,139,136,0,2,10129
20210712,5,90,10,10,20,154,152,0,15,10126
20210712,6,100,20,20,30,182,159,2,53,10120
20210712,7,110,20,20,40,202,159,5,97,10122
20210712,8,130,30,20,50,220,160,8,176,10116
20210712,9,120,30,30,60,232,152,9,227,10112
20210712,10,150,40,40,70,235,145,10,284,10108
20210712,11,110,30,30,60,240,161,3,185,10105
20210712,12,120,30,20,60,243,150,3,202,10103
20210712,13,130,30,30,50,233,149,2,138,10099
20210712,14,120,30,20,50,239,150,0,90,10097
20210712,15,110,30,30,60,243,149,5,187,10094
20210712,16,90,40,30,60,237,145,4,131,10093
20210712,17,90,30,30,60,232,157,0,56,10091
20210712,18,160,30,40,80,218,157,0,38,10096
20210712,19,150,30,10,60,195,166,0,2,10097
20210712,20,0,10,0,20,186,171,0,2,10095
20210712,21,360,10,20,30,179,165,0,0,10102
20210712,22,0,10,0,30,170,164,0,0,10102
20210712,23,990,10,10,10,168,163,0,0,10101
20210712,24,0,0,0,10,166,161,0,0,10099
20210713,1,30,10,10,20,165,160,0,0,10099
20210713,2,10,10,10,20,161,158,0,0,10096
20210713,3,10,10,20,40,177,174,0,0,10095
20210713,4,10,10,20,30,183,179,0,1,10096
20210713,5,20,20,20,40,189,180,0,5,10098
20210713,6,10,20,20,50,192,179,0,19,10100
20210713,7,350,30,30,60,194,177,0,30,10103
20210713,8,10,40,40,70,200,179,0,61,10104
20210713,9,360,40,40,70,200,175,0,63,10105
20210713,10,20,30,30,70,200,180,0,48,10106
20210713,11,350,30,30,60,199,175,0,36,10111
20210713,12,360,40,40,70,197,171,0,30,10110
20210713,13,350,30,30,60,201,174,0,47,10112
20210713,14,330,30,30,70,192,178,0,25,10113
20210713,15,350,40,40,70,197,175,0,45,10112
20210713,16,350,40,50,70,200,173,0,53,10112
20210713,17,350,40,30,70,198,173,0,22,10115
20210713,18,340,30,40,70,195,172,0,11,10113
20210713,19,330,40,30,80,191,174,0,6,10115
20210713,20,330,30,40,70,182,171,0,2,10115
20210713,21,330,40,40,70,178,170,0,1,10115
20210713,22,340,30,40,70,177,169,0,0,10113
20210713,23,340,30,30,70,176,170,0,0,10115
20210713,24,330,30,30,60,173,171,0,0,10118
20210714,1,320,30,40,70,173,170,0,0,10113
20210714,2,330,30,30,70,175,169,0,0,10115
20210714,3,330,30,40,60,176,168,0,0,10112
20210714,4,340,30,30,60,175,166,0,0,10110
20210714,5,320,30,30,50,176,165,0,4,10110
20210714,6,340,30,40,80,176,165,0,12,10114
20210714,7,320,40,40,70,176,163,0,19,10115
20210714,8,340,40,50,90,181,161,0,52,10117
20210714,9,330,40,40,100,181,166,0,36,10115
20210714,10,330,40,50,90,182,168,0,44,10116
20210714,11,330,40,40,90,185,168,0,57,10117
20210714,12,330,50,50,90,195,169,0,88,10115
20210714,13,330,40,50,80,200,173,0,83,10114
20210714,14,320,50,40,80,210,177,0,102,10110
20210714,15,310,50,40,90,201,176,0,60,10111
20210714,16,310,40,50,90,201,175,1,92,10108
20210714,17,320,50,40,90,197,173,1,81,10108
20210714,18,320,40,40,80,204,179,2,53,10105
20210714,19,330,40,40,90,206,179,8,35,10108
20210714,20,350,50,60,100,194,175,3,6,10118
20210714,21,330,50,40,100,188,182,0,0,10118
20210714,22,340,50,50,90,190,183,0,0,10119
20210714,23,340,50,50,100,187,180,0,0,10122
20210714,24,340,50,50,90,185,179,0,0,10127
20210715,1,350,50,50,100,185,178,0,0,10127
20210715,2,340,50,40,100,180,176,0,0,10127
20210715,3,340,50,50,120,180,176,0,0,10125
20210715,4,340,60,60,120,179,175,0,0,10129
20210715,5,340,50,60,100,177,173,0,2,10133
20210715,6,340,50,30,100,175,170,0,3,10136
20210715,7,350,50,60,100,175,168,0,6,10140
20210715,8,360,50,50,120,176,168,0,10,10146
20210715,9,350,50,60,120,176,168,0,30,10152
20210715,10,360,50,50,90,177,166,0,25,10156
20210715,11,350,50,50,90,177,166,0,29,10158
20210715,12,350,50,50,100,180,168,0,31,10162
20210715,13,350,50,40,100,181,165,0,35,10166
20210715,14,350,40,40,80,176,166,0,29,10170
20210715,15,350,40,40,90,177,167,0,30,10175
20210715,16,350,40,40,70,179,167,0,15,10177
20210715,17,360,50,50,90,182,161,0,15,10179
20210715,18,350,50,50,90,181,156,0,10,10181
20210715,19,350,50,50,90,180,154,0,13,10186
20210715,20,350,50,40,90,179,148,0,5,10194
20210715,21,360,40,40,90,177,143,0,1,10198
20210715,22,360,30,30,80,175,144,0,0,10205
20210715,23,340,30,40,60,172,145,0,0,10204
20210715,24,330,30,30,70,167,144,0,0,10207
20210716,1,330,30,40,60,163,135,0,0,10208
20210716,2,330,30,30,60,160,128,0,0,10210
20210716,3,330,30,30,60,157,126,0,0,10210
20210716,4,340,30,30,60,156,121,0,1,10212
20210716,5,330,30,30,60,157,120,0,6,10213
20210716,6,330,30,20,60,159,124,0,20,10217
20210716,7,330,30,30,60,163,126,0,40,10221
20210716,8,330,30,30,60,164,125,0,42,10226
20210716,9,330,40,40,70,170,126,0,54,10228
20210716,10,340,40,40,70,180,130,1,105,10231
20210716,11,350,40,40,70,194,131,2,175,10233
20210716,12,340,40,50,80,197,130,4,202,10233
20210716,13,330,40,40,90,208,140,8,264,10234
20210716,14,340,40,40,80,213,140,8,247,10235
20210716,15,10,40,40,80,210,144,9,229,10235
20210716,16,340,40,40,80,212,143,10,204,10234
20210716,17,350,50,40,80,205,139,10,155,10236
20210716,18,360,40,40,80,195,140,10,95,10240
20210716,19,10,40,30,70,185,140,10,40,10245
20210716,20,350,30,30,60,179,139,2,6,10251
20210716,21,350,30,20,60,178,144,0,1,10254
20210716,22,340,20,20,50,176,144,0,0,10254
20210716,23,10,20,30,50,173,142,0,0,10255
20210716,24,350,20,20,50,170,143,0,0,10257
20210717,1,10,20,30,60,169,142,0,0,10258
20210717,2,10,20,20,40,161,142,0,0,10257
20210717,3,340,10,10,30,137,132,0,0,10256
20210717,4,320,20,10,40,145,143,0,1,10256
20210717,5,340,20,20,40,154,150,5,20,10259
20210717,6,340,20,20,40,169,150,2,42,10260
20210717,7,360,30,30,50,199,150,10,121,10265
20210717,8,20,40,40,70,210,149,10,169,10266
20210717,9,20,40,40,80,214,153,10,228,10269
20210717,10,30,40,50,80,223,141,10,271,10267
20210717,11,360,50,50,90,236,140,10,295,10265
20210717,12,10,50,40,90,240,144,10,303,10264
20210717,13,20,50,50,100,236,139,10,302,10262
20210717,14,20,50,50,90,241,143,10,286,10260
20210717,15,10,50,50,90,244,150,10,252,10259
20210717,16,360,50,50,90,244,148,10,206,10257
20210717,17,360,50,40,80,238,136,10,152,10256
20210717,18,360,50,40,80,232,140,10,97,10255
20210717,19,330,40,30,80,220,147,10,45,10256
20210717,20,330,20,10,60,197,151,2,8,10258
20210717,21,340,20,20,50,187,152,0,0,10257
20210717,22,330,20,20,40,178,154,0,0,10256
20210717,23,330,20,20,40,170,156,0,0,10256
20210717,24,330,20,10,30,158,152,0,0,10254
20210718,1,310,10,10,20,144,139,0,0,10250
20210718,2,280,10,10,20,135,133,0,0,10248
20210718,3,300,10,20,20,130,125,0,0,10247
20210718,4,260,10,10,20,129,127,0,1,10245
20210718,5,0,0,0,10,153,150,8,24,10246
20210718,6,310,10,10,20,183,161,10,71,10245
20210718,7,310,20,20,40,202,162,10,114,10246
20210718,8,320,20,20,40,224,160,10,175,10245
20210718,9,310,30,30,60,236,164,10,223,10245
20210718,10,310,40,40,70,243,160,10,263,10242
20210718,11,310,40,30,70,255,160,10,288,10239
20210718,12,310,40,40,80,258,156,10,300,10236
20210718,13,300,40,40,70,261,155,10,295,10234
20210718,14,320,40,50,80,262,157,10,278,10232
20210718,15,350,40,50,80,258,151,10,246,10232
20210718,16,340,50,50,90,245,140,10,197,10231
20210718,17,340,40,50,80,239,153,10,146,10228
20210718,18,340,40,40,80,225,152,10,92,10227
20210718,19,20,40,40,70,208,156,10,40,10229
20210718,20,40,30,20,60,191,151,2,6,10230
20210718,21,10,20,20,40,182,153,0,0,10230
20210718,22,10,20,20,40,168,149,0,0,10231
20210718,23,30,20,20,30,159,144,0,0,10232
20210718,24,40,20,20,30,151,138,0,0,10232
20210719,1,40,10,10,30,136,131,0,0,10230
20210719,2,10,10,10,20,126,121,0,0,10228
20210719,3,0,10,0,10,121,116,0,0,10230
20210719,4,0,10,0,10,119,116,0,1,10230
20210719,5,0,0,0,10,130,125,3,15,10229
20210719,6,0,0,0,10,169,148,7,64,10228
20210719,7,360,10,10,30,180,138,4,79,10231
20210719,8,110,10,10,30,187,147,0,76,10232
20210719,9,90,10,10,20,187,144,0,55,10232
20210719,10,40,10,20,40,198,143,1,157,10229
20210719,11,990,20,10,50,204,141,2,137,10227
20210719,12,310,20,30,60,225,138,5,226,10222
20210719,13,350,30,30,60,223,140,6,237,10220
20210719,14,30,30,40,70,215,131,5,208,10219
20210719,15,10,30,30,70,219,125,10,235,10217
20210719,16,20,40,40,70,213,116,10,185,10216
20210719,17,30,40,40,70,206,116,10,138,10215
20210719,18,20,40,30,70,199,119,10,84,10214
20210719,19,30,30,30,60,186,122,10,37,10213
20210719,20,10,30,30,60,175,118,2,6,10214
20210719,21,10,20,20,40,164,117,0,0,10216
20210719,22,10,20,20,40,149,116,0,0,10217
20210719,23,40,20,10,30,127,114,0,0,10217
20210719,24,50,20,20,30,122,112,0,0,10218
20210720,1,50,20,20,30,120,109,0,0,10217
20210720,2,30,20,10,40,109,101,0,0,10215
20210720,3,30,10,10,20,99,98,0,0,10217
20210720,4,0,10,0,30,94,92,0,1,10217
20210720,5,0,0,0,10,113,105,0,13,10217
20210720,6,0,0,0,10,154,105,8,60,10218
20210720,7,80,10,20,30,171,105,10,116,10220
20210720,8,70,20,20,50,184,112,10,169,10222
20210720,9,50,30,20,60,188,107,10,220,10222
20210720,10,40,30,30,60,193,109,10,262,10223
20210720,11,40,20,20,60,207,113,9,294,10220
20210720,12,20,30,30,70,213,107,9,306,10218
20210720,13,20,30,30,70,217,110,10,301,10216
20210720,14,990,20,10,50,228,117,10,277,10213
20210720,15,990,20,10,50,233,107,10,241,10211
20210720,16,330,20,20,40,230,121,10,196,10210
20210720,17,350,30,20,50,228,123,10,147,10210
20210720,18,60,20,20,40,220,118,10,89,10213
20210720,19,80,20,20,40,201,125,8,32,10214
20210720,20,80,20,10,30,170,133,2,5,10218
20210720,21,30,10,10,30,151,125,0,0,10223
20210720,22,50,10,10,30,140,129,0,0,10223
20210720,23,70,10,10,30,132,124,0,0,10226
20210720,24,80,10,10,10,125,121,0,0,10226
20210721,1,70,10,10,10,118,115,0,0,10224
20210721,2,30,10,10,10,116,116,0,0,10225
20210721,3,60,10,10,10,111,108,0,0,10225
20210721,4,0,0,0,20,107,107,0,1,10227
20210721,5,90,10,10,20,121,118,0,14,10230
20210721,6,0,10,0,10,155,120,3,56,10234
20210721,7,130,10,10,30,186,120,10,112,10238
20210721,8,140,10,20,30,206,116,10,171,10240
20210721,9,990,20,10,40,216,115,10,219,10241
20210721,10,170,20,20,40,223,113,10,259,10240
20210721,11,280,10,20,40,239,121,10,276,10238
20210721,12,220,20,20,40,237,123,8,265,10235
20210721,13,250,20,20,40,248,120,6,241,10235
20210721,14,260,20,20,50,246,133,3,168,10234
20210721,15,330,20,30,50,252,125,6,199,10231
20210721,16,20,20,20,50,252,126,10,221,10229
20210721,17,340,30,30,50,245,136,10,141,10228
20210721,18,330,30,30,50,238,138,10,90,10229
20210721,19,340,30,30,50,226,140,10,43,10229
20210721,20,360,20,20,40,206,146,2,4,10232
20210721,21,30,20,20,40,190,158,0,0,10234
20210721,22,20,20,20,40,184,162,0,0,10234
20210721,23,10,20,10,30,168,156,0,0,10233
20210721,24,350,10,20,20,156,150,0,0,10231
20210722,1,330,20,20,30,158,153,0,0,10230
20210722,2,330,20,20,30,158,153,0,0,10229
20210722,3,330,20,20,30,154,149,0,0,10230
20210722,4,350,10,20,20,140,138,0,1,10228
20210722,5,20,20,20,30,156,146,7,18,10230
20210722,6,40,20,20,40,169,148,10,66,10231
20210722,7,30,30,40,50,184,143,10,119,10232
20210722,8,40,40,40,60,192,138,9,157,10234
20210722,9,350,30,20,60,193,125,4,155,10233
20210722,10,10,30,30,80,201,121,5,202,10235
20210722,11,20,30,30,60,210,127,5,220,10232
20210722,12,20,30,30,60,214,121,8,280,10228
20210722,13,320,40,40,70,219,110,10,304,10224
20210722,14,340,40,30,70,224,100,10,283,10222
20210722,15,350,40,40,70,222,85,10,245,10217
20210722,16,20,40,50,70,219,101,10,201,10214
20210722,17,30,40,40,80,210,112,10,146,10211
20210722,18,360,40,40,60,202,112,10,85,10210
20210722,19,360,40,30,70,190,105,10,42,10212
20210722,20,360,30,20,50,177,121,2,6,10214
20210722,21,360,20,20,40,160,125,0,0,10213
20210722,22,360,20,20,40,153,124,0,0,10213
20210722,23,30,20,20,40,145,119,0,0,10213
20210722,24,50,20,20,40,135,114,0,0,10212
20210723,1,50,20,20,30,124,113,0,0,10210
20210723,2,30,20,20,30,113,110,0,0,10209
20210723,3,80,10,10,30,111,108,0,0,10206
20210723,4,80,10,10,30,130,125,0,1,10202
20210723,5,70,10,10,20,142,129,0,5,10200
20210723,6,100,10,10,20,155,128,0,15,10200
20210723,7,80,20,20,30,165,131,0,32,10199
20210723,8,70,20,20,40,172,129,0,57,10199
20210723,9,80,20,20,50,178,126,0,72,10199
20210723,10,40,30,30,50,180,126,0,72,10193
20210723,11,70,30,30,60,185,127,0,89,10190
20210723,12,40,30,40,60,189,123,0,142,10184
20210723,13,40,40,40,70,198,133,1,164,10175
20210723,14,30,30,30,70,203,129,6,234,10173
20210723,15,40,30,40,70,209,136,9,228,10168
20210723,16,60,40,40,70,211,134,10,192,10161
20210723,17,40,40,40,80,209,125,10,139,10156
20210723,18,70,40,40,70,203,129,10,84,10149
20210723,19,60,40,30,60,191,131,10,36,10147
20210723,20,50,30,30,40,175,129,2,5,10145
20210723,21,40,20,30,40,164,130,0,0,10143
20210723,22,50,30,30,50,155,130,0,0,10139
20210723,23,50,30,30,40,156,129,0,0,10138
20210723,24,40,30,20,50,151,128,0,0,10136
20210724,1,40,20,30,40,147,127,0,0,10130
20210724,2,50,30,30,50,145,127,0,0,10119
20210724,3,50,30,30,60,137,125,0,0,10115
20210724,4,50,20,30,60,133,122,0,1,10106
20210724,5,70,30,20,70,142,127,7,18,10109
20210724,6,80,20,30,40,156,134,2,44,10105
20210724,7,70,30,40,60,175,141,10,102,10100
20210724,8,70,30,30,50,191,148,7,135,10096
20210724,9,30,30,40,50,199,148,0,121,10089
20210724,10,40,30,30,60,210,157,0,117,10091
20210724,11,80,30,20,50,217,163,0,116,10093
20210724,12,90,30,30,40,218,164,0,63,10090
20210724,13,80,30,30,50,220,165,0,57,10088
20210724,14,130,30,40,50,221,167,0,78,10087
20210724,15,190,20,10,50,213,170,0,46,10091
20210724,16,190,20,20,40,202,170,0,26,10093
20210724,17,990,10,10,40,207,176,0,45,10084
20210724,18,160,10,10,30,203,171,0,25,10084
20210724,19,990,10,10,30,198,173,0,9,10078
20210724,20,250,10,10,30,183,172,0,2,10085
20210724,21,230,20,10,40,176,165,0,0,10087
20210724,22,30,0,10,20,163,158,0,0,10086
20210724,23,320,10,10,10,158,155,0,0,10087
20210724,24,290,10,20,30,154,151,0,0,10080
20210725,1,230,20,30,30,172,167,0,0,10074
20210725,2,290,20,10,40,173,166,0,0,10075
20210725,3,250,10,10,30,170,164,0,0,10070
20210725,4,220,20,20,30,166,163,0,0,10070
20210725,5,0,10,0,30,170,166,2,13,10071
20210725,6,190,20,30,40,182,159,2,44,10073
20210725,7,190,20,20,50,196,165,9,109,10073
20210725,8,180,20,10,40,215,167,10,169,10075
20210725,9,180,20,20,50,224,161,10,217,10077
20210725,10,160,20,30,50,230,168,4,197,10077
20210725,11,200,30,30,60,243,152,7,246,10075
20210725,12,220,40,40,80,256,150,10,314,10076
20210725,13,990,30,10,70,248,164,6,231,10074
20210725,14,40,20,20,50,230,164,3,111,10076
20210725,15,290,20,30,50,196,188,0,17,10084
20210725,16,330,30,20,50,196,181,1,39,10079
20210725,17,40,10,20,30,202,182,3,87,10080
20210725,18,30,20,20,50,206,183,10,80,10082
20210725,19,60,20,20,40,196,176,10,35,10083
20210725,20,130,20,20,40,192,174,0,7,10092
20210725,21,130,30,20,70,182,171,0,1,10088
20210725,22,90,20,10,30,173,171,0,0,10089
20210725,23,130,10,10,50,162,159,0,0,10090
20210725,24,50,10,10,10,152,152,0,0,10085
20210726,1,60,10,10,20,148,148,0,0,10082
20210726,2,100,10,10,20,147,147,0,0,10083
20210726,3,130,10,20,20,146,146,0,0,10083
20210726,4,160,10,10,20,151,148,0,1,10084
20210726,5,150,20,20,40,166,163,5,18,10085
20210726,6,150,20,30,50,179,168,8,62,10086
20210726,7,190,30,30,60,184,170,8,96,10089
20210726,8,190,30,30,60,192,171,1,81,10091
20210726,9,170,40,40,60,198,171,2,118,10094
20210726,10,180,30,20,50,210,171,2,142,10093
20210726,11,150,30,30,60,221,165,6,223,10092
20210726,12,150,40,50,80,219,169,7,228,10093
20210726,13,170,40,60,90,204,161,3,186,10092
20210726,14,220,40,40,80,204,166,1,127,10094
20210726,15,130,10,10,70,192,179,0,36,10097
20210726,16,120,20,20,30,198,182,0,53,10094
20210726,17,220,20,20,40,193,180,0,32,10094
20210726,18,230,30,20,50,188,171,0,23,10097
20210726,19,230,20,20,50,185,174,2,14,10099
20210726,20,230,20,20,70,171,164,0,1,10104
20210726,21,230,20,20,30,175,172,0,0,10108
20210726,22,230,20,20,30,178,174,0,0,10109
20210726,23,210,20,20,60,175,171,0,0,10108
20210726,24,240,20,20,40,174,169,0,0,10110
20210727,1,220,30,30,50,170,164,0,0,10110
20210727,2,210,20,20,50,164,159,0,0,10106
20210727,3,200,20,20,30,159,155,0,0,10106
20210727,4,200,20,30,50,163,158,0,1,10104
20210727,5,200,30,20,50,165,158,0,9,10105
20210727,6,200,30,40,70,167,153,0,23,10104
20210727,7,200,30,30,60,176,159,0,57,10107
20210727,8,200,30,30,60,184,164,0,62,10107
20210727,9,200,30,40,70,189,164,0,84,10108
20210727,10,220,30,30,70,190,162,0,56,10110
20210727,11,220,30,20,70,182,169,0,42,10111
20210727,12,180,30,20,70,184,163,0,64,10107
20210727,13,210,30,40,70,210,159,8,274,10105
20210727,14,200,40,40,70,220,154,7,239,10102
20210727,15,190,40,30,70,212,159,1,106,10098
20210727,16,250,30,20,90,178,167,0,20,10094
20210727,17,140,10,10,40,182,162,0,39,10092
20210727,18,150,20,40,80,181,161,3,39,10088
20210727,19,200,30,20,80,162,153,0,3,10095
20210727,20,190,20,20,50,164,155,0,1,10096
20210727,21,180,30,20,50,160,152,0,0,10096
20210727,22,170,20,20,40,158,150,0,0,10097
20210727,23,180,20,30,40,156,148,0,0,10097
20210727,24,190,20,20,40,151,143,0,0,10092
20210728,1,180,20,30,40,150,144,0,0,10088
20210728,2,180,30,30,50,151,145,0,0,10085
20210728,3,170,30,30,50,156,151,0,0,10083
20210728,4,200,30,30,60,160,153,0,1,10083
20210728,5,180,30,30,60,163,156,0,6,10082
20210728,6,200,30,40,80,171,159,2,32,10082
20210728,7,200,40,60,90,177,150,5,78,10081
20210728,8,200,50,50,100,181,148,4,102,10081
20210728,9,220,50,70,110,184,141,1,74,10082
20210728,10,210,70,60,130,192,146,1,122,10083
20210728,11,220,70,60,140,191,141,3,161,10082
20210728,12,220,70,70,130,203,142,3,170,10083
20210728,13,220,60,60,130,195,141,2,118,10085
20210728,14,220,60,70,120,200,142,2,126,10087
20210728,15,220,60,40,120,173,157,0,55,10090
20210728,16,220,40,40,80,179,157,0,52,10090
20210728,17,230,40,50,100,190,143,5,78,10089
20210728,18,230,50,40,100,188,135,4,53,10088
20210728,19,220,50,40,90,183,129,8,33,10087
20210728,20,220,40,50,90,177,112,0,3,10090
20210728,21,210,40,40,90,168,112,0,0,10087
20210728,22,200,40,40,80,162,120,0,0,10085
20210728,23,200,50,50,90,162,120,0,0,10082
20210728,24,220,50,60,100,161,113,0,0,10078
20210729,1,220,50,40,110,152,119,0,0,10077
20210729,2,220,50,50,100,148,125,0,0,10076
20210729,3,220,40,40,110,140,129,0,0,10080
20210729,4,210,30,30,70,135,123,0,0,10081
20210729,5,210,40,40,90,142,127,0,8,10084
20210729,6,220,50,50,90,155,125,8,56,10085
20210729,7,230,60,60,110,163,127,9,92,10089
20210729,8,230,60,70,110,166,124,5,86,10094
20210729,9,240,60,60,140,186,104,9,206,10097
20210729,10,250,70,60,130,190,92,10,273,10099
20210729,11,250,60,70,120,198,91,10,282,10101
20210729,12,240,70,80,130,200,95,10,297,10103
20210729,13,230,60,80,130,207,107,8,233,10103
20210729,14,240,70,80,150,209,85,10,282,10104
20210729,15,250,60,50,130,208,93,10,218,10107
20210729,16,250,50,50,110,202,92,10,162,10109
20210729,17,260,60,50,110,202,99,10,142,10108
20210729,18,260,50,50,110,194,91,10,88,10108
20210729,19,240,40,50,90,183,92,10,35,10108
20210729,20,230,40,40,80,170,94,0,4,10110
20210729,21,220,40,30,70,163,96,0,0,10108
20210729,22,220,30,30,60,159,98,0,0,10105
20210729,23,210,30,20,50,148,106,0,0,10104
20210729,24,200,20,20,40,133,109,0,0,10100
20210730,1,200,20,30,40,134,104,0,0,10098
20210730,2,190,20,20,40,114,100,0,0,10096
20210730,3,200,20,30,50,132,101,0,0,10093
20210730,4,200,30,20,50,132,103,0,0,10091
20210730,5,170,10,10,40,128,107,0,10,10088
20210730,6,160,20,20,40,141,113,0,30,10085
20210730,7,160,20,20,50,161,122,5,74,10082
20210730,8,160,30,30,50,179,129,2,108,10078
20210730,9,160,40,40,70,200,131,7,204,10074
20210730,10,160,40,30,70,208,132,1,160,10069
20210730,11,170,40,40,80,208,137,1,169,10063
20210730,12,190,40,40,70,212,132,0,99,10059
20210730,13,180,40,30,80,212,137,0,61,10053
20210730,14,240,40,40,90,171,162,0,34,10059
20210730,15,210,30,40,70,197,166,8,186,10049
20210730,16,220,50,40,110,185,156,3,77,10050
20210730,17,230,40,50,80,174,149,7,88,10047
20210730,18,210,40,40,90,180,134,7,74,10045
20210730,19,210,60,80,170,177,116,7,24,10046
20210730,20,210,60,70,130,171,117,0,3,10046
20210730,21,200,60,60,120,167,120,0,0,10042
20210730,22,210,70,70,150,166,124,0,0,10038
20210730,23,210,70,80,140,165,127,0,0,10034
20210730,24,210,70,80,140,161,133,0,0,10034
20210731,1,210,70,70,130,159,135,0,0,10032
20210731,2,220,60,60,110,156,138,0,0,10032
20210731,3,230,50,50,120,151,143,0,0,10032
20210731,4,240,50,40,100,153,141,0,1,10035
20210731,5,230,40,40,90,150,138,0,6,10041
20210731,6,230,50,50,90,152,136,0,9,10045
20210731,7,240,50,50,90,159,134,0,26,10050
20210731,8,240,40,50,100,162,144,1,58,10055
20210731,9,250,50,40,110,159,151,0,60,10060
20210731,10,270,40,50,90,177,149,4,113,10065
20210731,11,260,50,50,120,183,147,4,211,10072
20210731,12,280,50,40,110,173,151,3,166,10077
20210731,13,270,50,50,100,186,141,6,197,10080
20210731,14,260,50,60,110,167,149,4,130,10088
20210731,15,260,40,40,90,187,155,2,112,10088
20210731,16,270,40,40,90,191,141,8,133,10090
20210731,17,280,40,40,80,198,140,9,110,10088
20210731,18,280,30,20,80,190,135,10,81,10090
20210731,19,270,20,20,60,180,135,10,32,10092
20210731,20,260,20,20,50,165,137,0,2,10093
20210731,21,230,10,10,30,138,131,0,0,10095
20210731,22,210,10,10,20,131,129,0,0,10094
20210731,23,210,10,10,20,124,122,0,0,10093
20210731,24,220,20,20,30,136,133,0,0,10088
20210801,1,210,20,30,40,147,142,0,0,10086
20210801,2,220,20,20,40,147,142,0,0,10083
20210801,3,210,30,30,50,150,142,0,0,10082
20210801,4,220,30,20,50,149,142,0,0,10082
20210801,5,220,30,30,50,149,141,0,6,10083
20210801,6,200,30,30,60,153,145,0,27,10084
20210801,7,220,40,40,60,160,152,1,39,10084
20210801,8,220,30,30,70,173,154,0,67,10084
20210801,9,250,40,50,80,172,152,3,115,10086
20210801,10,280,30,30,70,172,157,0,54,10090
20210801,11,260,30,30,60,184,147,3,201,10091
20210801,12,990,20,10,60,172,149,1,98,10092
20210801,13,300,30,40,90,180,141,3,160,10094
20210801,14,320,30,40,70,185,142,3,168,10099
20210801,15,300,40,30,70,185,136,4,143,10100
20210801,16,310,40,40,70,183,130,0,70,10104
20210801,17,310,40,40,80,175,126,2,71,10106
20210801,18,300,30,20,70,177,123,7,64,10110
20210801,19,310,30,30,60,163,115,8,32,10116
20210801,20,300,20,20,50,150,113,0,2,10122
20210801,21,310,20,10,40,137,113,0,0,10125
20210801,22,290,10,10,20,128,114,0,0,10126
20210801,23,280,10,10,20,115,112,0,0,10128
20210801,24,270,10,10,20,122,118,0,0,10128
20210802,1,250,10,20,30,132,113,0,0,10127
20210802,2,250,20,10,30,135,114,0,0,10129
20210802,3,260,10,20,30,131,115,0,0,10129
20210802,4,230,10,20,30,110,106,0,0,10132
20210802,5,230,10,10,20,117,112,5,12,10135
20210802,6,270,10,10,20,152,118,10,56,10137
20210802,7,320,20,20,40,161,113,9,99,10139
20210802,8,300,20,20,40,169,103,8,150,10140
20210802,9,330,20,20,90,163,110,0,59,10142
20210802,10,290,20,30,50,176,101,4,192,10145
20210802,11,310,20,20,50,181,94,2,169,10144
20210802,12,260,20,20,50,183,101,1,169,10146
20210802,13,280,20,20,50,183,91,0,103,10146
20210802,14,310,30,30,60,190,92,1,151,10146
20210802,15,330,30,30,60,192,97,3,152,10145
20210802,16,340,30,40,70,192,100,5,132,10144
20210802,17,330,30,30,60,181,103,8,96,10144
20210802,18,310,30,20,50,176,101,9,56,10145
20210802,19,320,20,20,40,169,106,8,32,10148
20210802,20,300,10,10,30,133,112,0,1,10150
20210802,21,350,10,10,20,115,109,0,0,10153
20210802,22,0,10,0,20,103,98,0,0,10154
20210802,23,0,0,0,10,110,105,0,0,10151
20210802,24,990,10,10,10,113,109,0,0,10148
20210803,1,320,10,10,20,109,104,0,0,10145
20210803,2,50,10,10,20,107,102,0,0,10144
20210803,3,0,0,0,10,108,103,0,0,10144
20210803,4,340,10,10,20,115,111,0,1,10142
20210803,5,50,10,20,30,122,113,0,6,10140
20210803,6,70,10,10,30,132,115,2,38,10140
20210803,7,40,10,20,30,143,115,0,38,10139
20210803,8,50,20,30,50,160,115,1,96,10139
20210803,9,30,30,20,50,168,118,0,91,10138
20210803,10,40,20,20,40,169,120,0,102,10137
20210803,11,30,20,20,40,173,121,1,98,10135
20210803,12,990,20,10,40,151,130,0,28,10137
20210803,13,40,20,20,30,157,141,0,36,10134
20210803,14,50,20,30,50,173,134,2,138,10132
20210803,15,30,30,30,50,181,133,5,176,10130
20210803,16,40,20,30,50,177,127,0,52,10130
20210803,17,40,30,30,50,175,126,0,46,10129
20210803,18,40,20,20,50,174,127,5,53,10133
20210803,19,30,20,20,30,165,119,2,10,10135
20210803,20,20,20,10,30,137,124,0,2,10137
20210803,21,0,0,0,20,124,121,0,0,10140
20210803,22,0,10,0,10,111,108,0,0,10141
20210803,23,0,0,0,10,106,105,0,0,10140
20210803,24,30,10,10,20,99,94,0,0,10139
20210804,1,40,10,10,10,92,87,0,0,10140
20210804,2,30,10,10,20,95,93,0,0,10139
20210804,3,60,10,10,20,102,101,0,0,10138
20210804,4,0,10,0,20,101,98,0,0,10137
20210804,5,50,10,10,20,106,103,3,10,10140
20210804,6,70,10,10,20,126,123,7,42,10143
20210804,7,90,10,10,20,150,125,5,83,10144
20210804,8,70,10,10,20,174,125,8,143,10143
20210804,9,120,10,10,20,188,125,10,210,10141
20210804,10,130,10,20,40,201,116,10,258,10139
20210804,11,110,20,10,70,198,122,4,161,10137
20210804,12,990,10,10,30,204,116,0,92,10134
20210804,13,10,20,30,50,199,125,0,69,10132
20210804,14,30,30,30,60,210,142,9,253,10130
20210804,15,20,30,30,50,205,119,8,191,10128
20210804,16,50,20,20,40,205,128,3,99,10125
20210804,17,20,20,20,40,200,136,0,34,10122
20210804,18,320,30,30,60,178,137,0,12,10123
20210804,19,300,20,10,50,166,148,0,2,10126
20210804,20,360,20,20,30,164,151,0,1,10126
20210804,21,360,10,10,30,156,152,0,0,10126
20210804,22,40,0,10,10,154,151,0,0,10126
20210804,23,300,10,10,10,149,146,0,0,10123
20210804,24,0,10,0,20,135,134,0,0,10119
20210805,1,50,0,10,30,123,122,0,0,10115
20210805,2,50,0,10,10,117,117,0,0,10110
20210805,3,0,10,0,10,114,114,0,0,10108
20210805,4,100,10,10,10,122,119,0,0,10105
20210805,5,100,10,10,10,132,129,0,4,10103
20210805,6,0,10,0,20,144,141,0,17,10101
20210805,7,150,10,10,20,176,140,5,82,10102
20210805,8,140,10,10,30,197,140,5,131,10098
20210805,9,110,10,20,30,205,139,9,201,10096
20210805,10,100,10,20,30,215,142,9,240,10091
20210805,11,180,20,20,40,213,142,5,203,10087
20210805,12,190,20,20,50,215,135,1,135,10081
20210805,13,990,20,10,40,217,139,3,178,10074
20210805,14,180,10,20,50,230,144,2,146,10069
20210805,15,140,30,40,60,214,137,3,134,10064
20210805,16,120,20,30,50,223,148,2,81,10057
20210805,17,130,20,20,40,223,153,8,106,10052
20210805,18,140,20,20,40,218,142,10,69,10047
20210805,19,130,20,20,40,196,151,8,22,10046
20210805,20,110,20,20,30,171,149,0,1,10042
20210805,21,100,30,30,40,176,147,0,0,10038
20210805,22,120,30,30,50,179,143,0,0,10030
20210805,23,130,30,30,50,186,141,0,0,10021
20210805,24,140,30,30,50,180,145,0,0,10017
20210806,1,150,30,20,50,180,147,0,0,10013
20210806,2,150,30,30,90,180,146,0,0,10009
20210806,3,170,30,40,70,184,145,0,0,10005
20210806,4,170,40,40,70,180,149,0,1,10002
20210806,5,190,40,30,80,176,156,0,3,10004
20210806,6,190,30,30,60,176,158,0,24,10005
20210806,7,200,30,40,60,178,155,0,33,10008
20210806,8,200,50,60,90,190,150,5,112,10010
20210806,9,210,50,50,110,197,148,8,187,10011
20210806,10,210,50,60,130,198,142,2,111,10014
20210806,11,210,60,60,110,209,150,4,180,10011
20210806,12,210,60,60,130,185,163,4,134,10016
20210806,13,220,60,60,110,186,155,2,111,10014
20210806,14,220,50,60,120,203,147,3,148,10016
20210806,15,240,60,60,120,214,137,4,153,10019
20210806,16,230,60,60,120,216,129,7,133,10020
20210806,17,250,70,50,130,212,130,10,131,10021
20210806,18,220,60,50,110,201,123,7,61,10024
20210806,19,230,50,30,90,189,135,7,17,10028
20210806,20,210,30,30,70,180,126,0,1,10031
20210806,21,200,30,30,60,177,124,0,0,10034
20210806,22,200,40,50,80,178,127,0,0,10034
20210806,23,200,50,40,90,163,137,0,0,10034
20210806,24,200,40,40,70,162,131,0,0,10036
20210807,1,210,40,40,80,159,130,0,0,10034
20210807,2,200,40,30,70,152,128,0,0,10032
20210807,3,190,30,30,60,150,134,0,0,10032
20210807,4,180,30,30,70,152,139,0,0,10028
20210807,5,180,30,30,50,152,136,0,3,10028
20210807,6,180,40,30,60,155,133,3,37,10027
20210807,7,180,40,40,60,165,130,7,93,10025
20210807,8,190,40,30,70,172,131,3,103,10025
20210807,9,180,40,30,60,186,137,3,144,10020
20210807,10,170,40,50,80,199,135,7,221,10013
20210807,11,150,40,40,120,191,158,6,180,10010
20210807,12,180,50,60,110,206,125,9,268,10005
20210807,13,190,50,50,100,215,120,9,266,10001
20210807,14,200,50,50,90,209,118,4,177,9999
20210807,15,190,40,40,80,209,113,1,89,9994
20210807,16,170,40,50,90,169,142,0,19,10002
20210807,17,140,20,30,60,164,149,0,20,9997
20210807,18,190,40,30,110,161,140,5,30,9999
20210807,19,210,30,20,60,154,133,5,17,9998
20210807,20,170,30,20,60,147,135,0,1,10005
20210807,21,180,30,30,50,155,137,0,0,10009
20210807,22,190,40,40,80,155,137,0,0,10008
20210807,23,180,40,50,80,153,142,0,0,10004
20210807,24,200,50,50,90,155,146,0,0,10005
20210808,1,210,40,30,80,156,148,0,0,10008
20210808,2,220,40,40,90,160,153,0,0,10013
20210808,3,220,50,60,100,157,149,0,0,10022
20210808,4,220,50,50,90,155,142,0,0,10030
20210808,5,210,50,40,110,152,143,0,2,10036
20210808,6,220,50,50,120,149,142,0,10,10041
20210808,7,220,50,60,100,156,136,2,30,10051
20210808,8,220,60,70,120,165,130,2,81,10057
20210808,9,210,70,70,150,174,130,4,132,10063
20210808,10,220,70,80,130,175,121,2,148,10070
20210808,11,200,70,80,130,180,124,4,173,10074
20210808,12,200,70,70,130,188,125,6,212,10077
20210808,13,220,60,40,130,164,136,2,89,10083
20210808,14,200,50,70,120,185,124,8,214,10087
20210808,15,210,60,60,110,195,128,9,200,10086
20210808,16,230,40,30,120,160,133,1,37,10095
20210808,17,210,50,40,100,160,129,1,51,10097
20210808,18,220,60,60,110,159,127,2,27,10102
20210808,19,200,50,50,110,155,128,0,8,10104
20210808,20,200,40,40,90,155,126,0,1,10111
20210808,21,200,40,40,70,153,127,0,0,10116
20210808,22,200,40,50,80,154,123,0,0,10118
20210808,23,210,40,40,80,151,120,0,0,10121
20210808,24,210,40,40,90,151,121,0,0,10123
20210809,1,210,40,40,80,149,121,0,0,10126
20210809,2,200,40,40,70,141,117,0,0,10127
20210809,3,200,40,40,70,139,117,0,0,10128
20210809,4,200,40,40,70,141,120,0,0,10129
20210809,5,190,30,30,70,140,121,0,3,10133
20210809,6,190,30,30,60,145,122,0,22,10136
20210809,7,190,30,40,60,161,131,10,101,10137
20210809,8,200,40,40,80,173,129,8,144,10137
20210809,9,200,40,40,80,176,131,0,89,10138
20210809,10,190,40,50,90,184,133,0,108,10138
20210809,11,200,50,60,100,179,132,0,102,10140
20210809,12,200,50,60,100,185,132,1,123,10140
20210809,13,220,60,60,120,203,124,7,227,10139
20210809,14,210,60,50,110,188,128,2,93,10140
20210809,15,210,30,30,170,193,145,5,122,10139
20210809,16,260,40,20,110,159,145,3,46,10145
20210809,17,200,20,30,40,186,155,9,97,10144
20210809,18,200,30,30,40,183,151,3,43,10145
20210809,19,210,20,20,50,170,151,3,13,10146
20210809,20,200,20,20,30,163,145,0,1,10151
20210809,21,200,20,20,30,160,144,0,0,10151
20210809,22,190,20,20,50,158,142,0,0,10150
20210809,23,200,20,30,50,154,128,0,0,10150
20210809,24,200,30,30,60,155,126,0,0,10148
20210810,1,190,30,30,50,152,137,0,0,10147
20210810,2,190,30,30,50,149,136,0,0,10146
20210810,3,210,30,30,50,149,134,0,0,10147
20210810,4,200,40,30,70,150,134,0,0,10148
20210810,5,210,30,30,60,146,135,0,4,10148
20210810,6,220,40,40,80,157,137,8,42,10150
20210810,7,220,40,40,80,169,146,9,83,10152
20210810,8,230,40,40,80,177,145,5,108,10154
20210810,9,230,40,40,90,182,144,7,156,10154
20210810,10,990,30,10,70,156,143,0,26,10157
20210810,11,250,20,40,70,199,151,7,212,10155
20210810,12,260,40,30,90,186,139,2,123,10157
20210810,13,270,30,40,70,211,126,8,220,10155
20210810,14,250,40,50,80,216,111,9,242,10155
20210810,15,250,40,40,90,217,110,10,238,10156
20210810,16,260,40,30,70,211,118,10,181,10158
20210810,17,260,30,30,60,211,120,10,123,10159
20210810,18,300,30,20,50,203,122,10,70,10160
20210810,19,310,20,10,40,176,132,7,21,10164
20210810,20,0,10,0,20,142,133,0,0,10170
20210810,21,300,10,10,30,128,123,0,0,10174
20210810,22,0,0,0,10,122,119,0,0,10177
20210810,23,110,0,10,10,118,115,0,0,10179
20210810,24,130,10,10,20,110,108,0,0,10180
20210811,1,140,10,10,20,108,105,0,0,10180
20210811,2,150,10,10,20,108,105,0,0,10180
20210811,3,160,20,10,20,106,103,0,0,10180
20210811,4,150,10,10,20,107,104,0,0,10179
20210811,5,160,10,10,20,117,114,5,9,10181
20210811,6,170,10,20,30,146,130,10,56,10185
20210811,7,190,20,20,40,173,130,8,99,10188
20210811,8,190,30,30,50,186,133,9,141,10190
20210811,9,200,30,40,60,194,126,4,150,10192
20210811,10,200,30,40,60,208,126,10,245,10193
20210811,11,180,40,30,60,217,134,9,281,10194
20210811,12,220,30,20,50,217,128,4,215,10195
20210811,13,190,20,20,50,230,144,8,256,10193
20210811,14,160,20,20,50,229,142,10,264,10191
20210811,15,160,20,20,50,230,123,10,221,10189
20210811,16,170,20,20,40,227,129,10,176,10188
20210811,17,180,20,20,40,227,127,10,115,10189
20210811,18,190,20,20,50,220,136,10,66,10187
20210811,19,330,20,20,40,200,159,7,17,10190
20210811,20,320,20,20,30,173,158,0,0,10196
20210811,21,320,10,10,20,150,145,0,0,10199
20210811,22,990,10,10,10,143,140,0,0,10195
20210811,23,120,10,10,20,136,135,0,0,10196
20210811,24,140,10,10,10,134,132,0,0,10195
20210812,1,140,10,10,20,131,129,0,0,10192
20210812,2,170,10,20,30,132,129,0,0,10193
20210812,3,130,10,10,30,137,134,0,0,10188
20210812,4,150,20,20,20,134,132,0,0,10189
20210812,5,160,10,10,30,135,132,0,4,10191
20210812,6,150,20,20,30,154,135,7,38,10191
20210812,7,200,20,20,30,181,135,8,82,10193
20210812,8,230,30,20,50,200,132,10,147,10194
20210812,9,200,30,40,60,212,139,10,201,10193
20210812,10,230,40,50,70,221,141,10,237,10195
20210812,11,220,40,40,80,229,144,10,270,10194
20210812,12,250,40,40,70,238,151,7,253,10194
20210812,13,240,40,30,70,244,152,7,227,10193
20210812,14,240,30,30,70,246,154,8,234,10192
20210812,15,220,30,30,70,241,151,3,151,10188
20210812,16,210,40,30,60,242,156,6,136,10188
20210812,17,220,30,20,60,235,161,1,63,10187
20210812,18,260,10,20,40,226,158,0,18,10186
20210812,19,320,20,20,40,207,170,0,9,10190
20210812,20,330,20,10,30,188,166,0,0,10194
20210812,21,0,10,0,10,171,162,0,0,10198
20210812,22,0,0,0,10,156,151,0,0,10196
20210812,23,990,0,10,10,148,145,0,0,10194
20210812,24,110,0,10,10,144,143,0,0,10194
20210813,1,170,10,10,20,139,138,0,0,10194
20210813,2,160,10,20,30,141,138,0,0,10197
20210813,3,180,10,10,30,141,138,0,0,10195
20210813,4,200,20,20,30,143,140,0,0,10195
20210813,5,230,20,20,40,154,150,3,7,10195
20210813,6,210,20,20,40,170,151,7,37,10197
20210813,7,240,30,30,50,177,150,1,55,10199
20210813,8,250,40,40,80,186,159,4,114,10205
20210813,9,240,40,50,80,200,140,7,158,10210
20210813,10,240,50,50,90,204,145,6,203,10214
20210813,11,270,50,40,90,210,132,4,209,10216
20210813,12,250,50,40,90,207,122,0,142,10215
20210813,13,260,50,40,90,206,126,1,149,10219
20210813,14,230,40,40,90,206,119,0,122,10219
20210813,15,220,50,50,100,207,125,2,131,10220
20210813,16,230,50,40,100,206,135,1,97,10220
20210813,17,250,40,40,80,202,118,7,78,10219
20210813,18,260,40,40,80,196,106,5,42,10219
20210813,19,250,30,30,70,189,106,5,17,10219
20210813,20,260,20,30,50,178,125,0,0,10222
20210813,21,220,20,20,50,151,128,0,0,10219
20210813,22,230,20,20,30,145,126,0,0,10217
20210813,23,210,20,10,40,137,125,0,0,10217
20210813,24,210,20,20,30,145,133,0,0,10213
20210814,1,210,20,20,40,155,138,0,0,10212
20210814,2,200,20,20,40,159,143,0,0,10209
20210814,3,190,30,20,40,154,140,0,0,10205
20210814,4,200,20,30,40,151,136,0,0,10205
20210814,5,180,20,20,50,145,131,0,3,10204
20210814,6,200,20,30,50,152,134,10,39,10205
20210814,7,220,30,30,60,159,144,5,63,10208
20210814,8,210,30,30,60,166,157,0,49,10207
20210814,9,210,30,30,70,179,156,1,89,10205
20210814,10,210,40,40,60,193,162,3,139,10204
20210814,11,200,40,50,80,203,164,3,162,10201
20210814,12,230,40,50,80,201,149,0,64,10202
20210814,13,240,40,50,90,226,128,7,219,10199
20210814,14,250,40,40,90,220,129,7,201,10199
20210814,15,280,30,40,70,219,128,4,123,10198
20210814,16,270,40,40,70,218,129,8,134,10195
20210814,17,250,40,30,70,219,116,10,116,10192
20210814,18,230,30,30,60,206,133,8,58,10188
20210814,19,250,20,20,40,190,135,5,17,10187
20210814,20,150,10,10,30,154,141,0,0,10186
20210814,21,210,10,10,10,140,135,0,0,10181
20210814,22,200,10,10,10,134,131,0,0,10179
20210814,23,170,10,10,20,134,131,0,0,10175
20210814,24,200,10,10,20,135,130,0,0,10171
20210815,1,210,10,10,20,136,133,0,0,10166
20210815,2,200,10,20,20,138,135,0,0,10161
20210815,3,160,10,10,20,136,131,0,0,10155
20210815,4,190,10,10,20,134,130,0,0,10152
20210815,5,150,10,10,20,141,137,0,2,10147
20210815,6,200,10,20,30,159,146,0,20,10146
20210815,7,200,20,20,40,175,153,1,51,10143
20210815,8,220,20,30,40,197,154,8,133,10143
20210815,9,190,30,30,50,214,157,10,190,10140
20210815,10,200,40,50,90,224,156,10,244,10136
20210815,11,230,50,50,90,223,145,7,235,10131
20210815,12,250,50,40,100,235,166,5,211,10128
20210815,13,230,50,60,90,238,168,7,240,10124
20210815,14,240,50,60,110,240,154,9,254,10117
20210815,15,250,50,40,100,246,150,8,196,10111
20210815,16,250,40,40,90,235,148,6,133,10106
20210815,17,260,40,40,70,223,140,1,38,10105
20210815,18,270,40,40,80,214,139,2,24,10102
20210815,19,250,30,30,70,203,146,2,7,10101
20210815,20,240,30,30,80,187,152,0,0,10103
20210815,21,240,30,40,80,177,144,0,0,10101
20210815,22,230,50,60,100,171,135,0,0,10096
20210815,23,230,50,40,90,167,141,0,0,10092
20210815,24,230,50,40,90,168,148,0,0,10087
20210816,1,230,40,40,90,169,149,0,0,10086
20210816,2,230,40,40,80,175,149,0,0,10084
20210816,3,220,40,30,70,172,151,0,0,10084
20210816,4,230,40,40,70,173,154,0,0,10081
20210816,5,220,40,40,70,170,155,0,1,10080
20210816,6,260,40,40,80,166,157,0,6,10082
20210816,7,270,40,30,90,163,153,0,22,10088
20210816,8,280,40,30,100,153,140,0,24,10096
20210816,9,280,40,60,110,164,124,0,62,10100
20210816,10,270,50,50,100,174,122,3,125,10105
20210816,11,320,50,50,110,163,124,4,143,10115
20210816,12,300,40,30,150,148,130,1,78,10122
20210816,13,300,40,50,110,161,97,0,90,10130
20210816,14,300,50,50,110,166,92,1,111,10134
20210816,15,290,50,60,120,167,84,4,136,10140
20210816,16,300,60,70,130,168,77,8,145,10145
20210816,17,280,60,70,120,164,75,10,128,10149
20210816,18,290,60,50,130,154,70,10,61,10155
20210816,19,280,50,50,100,148,78,5,9,10162
20210816,20,280,50,40,100,149,87,0,0,10167
20210816,21,280,40,40,90,144,89,0,0,10170
20210816,22,270,30,30,70,141,93,0,0,10173
20210816,23,260,30,20,60,134,93,0,0,10172
20210816,24,270,30,20,60,132,92,0,0,10172
20210817,1,260,20,20,40,124,88,0,0,10169
20210817,2,260,30,30,50,126,91,0,0,10172
20210817,3,240,20,20,50,130,97,0,0,10172
20210817,4,240,20,20,40,128,102,0,0,10170
20210817,5,230,20,30,40,130,109,0,3,10171
20210817,6,230,30,30,50,144,121,2,26,10169
20210817,7,230,20,30,50,154,130,0,37,10170
20210817,8,230,30,30,70,162,135,0,46,10168
20210817,9,250,40,50,90,161,121,0,42,10171
20210817,10,250,40,40,90,161,119,0,45,10169
20210817,11,270,40,40,100,148,126,0,32,10169
20210817,12,230,40,40,80,145,135,0,35,10167
20210817,13,220,40,40,80,148,139,0,53,10164
20210817,14,240,30,40,60,149,142,0,25,10159
20210817,15,230,30,30,60,152,145,0,33,10155
20210817,16,250,20,20,60,152,145,0,25,10155
20210817,17,250,20,20,50,156,147,0,18,10151
20210817,18,280,20,40,70,154,145,0,19,10150
20210817,19,250,30,20,60,153,147,0,6,10150
20210817,20,270,20,20,50,154,148,0,1,10154
20210817,21,260,20,20,50,150,145,0,0,10155
20210817,22,250,20,20,40,152,147,0,0,10154
20210817,23,240,20,20,50,152,146,0,0,10156
20210817,24,250,20,20,40,153,145,0,0,10156
20210818,1,250,20,20,40,151,146,0,0,10156
20210818,2,260,20,10,40,148,139,0,0,10155
20210818,3,250,20,20,40,152,147,0,0,10154
20210818,4,260,20,20,40,153,143,0,0,10153
20210818,5,280,20,10,60,152,134,0,2,10155
20210818,6,210,10,10,50,150,140,0,10,10152
20210818,7,230,20,20,30,160,147,0,25,10155
20210818,8,230,20,20,50,170,154,0,49,10154
20210818,9,240,30,30,50,177,156,0,64,10154
20210818,10,230,30,30,70,178,155,0,53,10152
20210818,11,250,20,20,60,181,161,0,64,10150
20210818,12,260,40,40,70,190,152,0,128,10148
20210818,13,250,40,40,70,196,137,1,139,10146
20210818,14,240,40,30,90,184,141,0,69,10146
20210818,15,250,40,60,90,178,128,0,49,10147
20210818,16,280,40,40,80,179,134,0,41,10144
20210818,17,250,30,30,70,176,130,0,34,10139
20210818,18,240,20,20,60,170,140,0,7,10136
20210818,19,230,20,30,50,168,145,0,3,10135
20210818,20,240,20,20,50,162,147,0,0,10135
20210818,21,260,20,20,50,167,141,0,0,10135
20210818,22,250,20,20,50,168,137,0,0,10133
20210818,23,260,20,20,50,160,135,0,0,10133
20210818,24,240,20,10,40,152,135,0,0,10131
20210819,1,220,20,20,30,153,141,0,0,10128
20210819,2,230,20,20,30,160,144,0,0,10126
20210819,3,230,20,20,40,160,147,0,0,10124
20210819,4,230,20,20,40,164,148,0,0,10123
20210819,5,240,30,20,50,165,150,0,1,10123
20210819,6,240,30,30,50,168,150,0,4,10126
20210819,7,230,30,30,40,171,151,0,9,10127
20210819,8,240,30,30,60,177,154,0,31,10129
20210819,9,250,30,30,70,177,151,0,46,10133
20210819,10,250,30,30,60,179,152,0,39,10134
20210819,11,240,40,40,80,180,150,0,49,10134
20210819,12,230,40,40,70,177,158,0,45,10137
20210819,13,230,50,60,100,168,153,0,75,10140
20210819,14,220,40,30,90,162,156,0,66,10142
20210819,15,260,30,20,90,170,151,0,40,10139
20210819,16,250,20,20,60,169,144,0,28,10139
20210819,17,230,20,30,50,171,137,0,14,10139
20210819,18,230,30,30,70,167,136,0,11,10139
20210819,19,230,20,20,40,164,134,0,3,10140
20210819,20,230,20,20,50,162,128,0,0,10143
20210819,21,220,20,20,50,158,129,0,0,10143
20210819,22,220,20,20,30,155,127,0,0,10146
20210819,23,220,20,20,40,140,123,0,0,10147
20210819,24,200,20,20,30,131,123,0,0,10147
20210820,1,200,20,20,30,144,130,0,0,10145
20210820,2,200,20,20,40,142,131,0,0,10144
20210820,3,210,20,20,40,148,138,0,0,10143
20210820,4,200,20,20,50,151,143,0,0,10142
20210820,5,210,20,20,40,155,148,0,1,10147
20210820,6,210,20,20,40,160,153,0,16,10149
20210820,7,210,30,30,60,171,159,1,41,10151
20210820,8,220,30,30,70,183,159,3,65,10154
20210820,9,240,30,40,60,191,160,2,89,10158
20210820,10,230,40,40,80,206,153,7,192,10159
20210820,11,240,40,30,60,215,160,6,202,10161
20210820,12,220,40,40,70,212,151,4,187,10163
20210820,13,240,30,20,60,210,153,0,76,10165
20210820,14,280,20,20,50,210,159,0,56,10165
20210820,15,270,20,30,50,211,161,1,87,10167
20210820,16,270,20,20,50,216,158,5,102,10168
20210820,17,270,30,30,50,205,161,4,56,10170
20210820,18,290,30,20,50,204,160,7,47,10173
20210820,19,320,20,20,40,182,161,3,11,10177
20210820,20,310,10,10,20,159,150,0,0,10182
20210820,21,310,10,10,20,143,141,0,0,10184
20210820,22,0,0,0,10,132,131,0,0,10184
20210820,23,270,0,10,10,125,125,0,0,10184
20210820,24,270,10,10,10,120,120,0,0,10184
20210821,1,270,10,10,10,119,118,0,0,10182
20210821,2,130,10,10,20,127,127,0,0,10182
20210821,3,150,10,10,10,125,124,0,0,10181
20210821,4,130,10,10,10,126,126,0,0,10179
20210821,5,130,10,10,10,129,126,0,2,10179
20210821,6,150,10,10,10,142,141,0,6,10182
20210821,7,140,10,20,30,162,159,1,43,10183
20210821,8,130,20,20,40,186,160,6,120,10182
20210821,9,150,20,30,40,206,166,8,174,10182
20210821,10,150,20,20,50,217,166,6,194,10181
20210821,11,150,30,30,60,222,164,5,209,10178
20210821,12,160,30,30,60,224,169,1,159,10175
20210821,13,150,20,20,50,229,157,0,124,10172
20210821,14,160,20,20,50,229,159,0,122,10169
20210821,15,120,20,20,30,232,170,0,95,10163
20210821,16,140,20,20,40,232,163,2,87,10161
20210821,17,110,20,20,30,227,169,5,60,10157
20210821,18,80,20,20,30,216,172,2,26,10154
20210821,19,80,20,30,40,204,169,2,5,10150
20210821,20,80,30,30,50,204,167,0,0,10149
20210821,21,120,20,30,50,189,173,0,0,10149
20210821,22,160,20,20,50,186,174,0,0,10150
20210821,23,0,10,0,30,180,178,0,0,10145
20210821,24,180,10,10,20,177,173,0,0,10141
20210822,1,200,10,10,30,173,170,0,0,10138
20210822,2,210,20,30,50,175,171,0,0,10135
20210822,3,240,30,30,60,172,166,0,0,10134
20210822,4,240,30,30,60,170,165,0,0,10134
20210822,5,230,30,30,70,169,163,0,2,10135
20210822,6,230,30,30,60,172,167,0,13,10137
20210822,7,220,30,30,50,176,168,0,21,10140
20210822,8,220,30,30,60,182,165,0,50,10143
20210822,9,220,30,40,70,187,164,0,74,10144
20210822,10,230,30,40,70,200,165,1,99,10144
20210822,11,240,40,30,80,191,168,0,75,10143
20210822,12,270,40,30,90,164,158,0,20,10150
20210822,13,220,20,20,70,173,167,0,30,10149
20210822,14,230,30,20,50,195,175,4,164,10149
20210822,15,310,30,40,70,194,159,2,96,10151
20210822,16,280,30,30,60,196,163,1,54,10155
20210822,17,270,30,30,60,189,166,2,46,10156
20210822,18,290,30,40,70,175,166,0,12,10161
20210822,19,290,30,30,80,172,166,0,2,10165
20210822,20,320,40,50,80,174,167,0,0,10171
20210822,21,320,40,40,100,174,165,0,0,10175
20210822,22,360,40,30,80,174,170,0,0,10178
20210822,23,20,40,30,70,173,168,0,0,10185
20210822,24,20,30,30,60,172,166,0,0,10193
20210823,1,10,40,40,80,173,165,0,0,10200
20210823,2,10,40,40,70,168,161,0,0,10205
20210823,3,20,50,50,90,161,156,0,0,10211
20210823,4,20,40,40,90,160,150,0,0,10218
20210823,5,20,40,40,70,160,149,0,1,10225
20210823,6,360,30,30,60,164,150,0,11,10232
20210823,7,20,30,30,60,168,147,0,30,10235
20210823,8,20,40,50,80,176,142,0,66,10240
20210823,9,40,40,50,90,190,135,7,160,10243
20210823,10,10,50,40,90,199,141,8,203,10246
20210823,11,40,50,40,80,206,151,8,209,10246
20210823,12,10,40,40,80,204,143,7,205,10246
20210823,13,360,40,40,80,210,148,6,188,10247
20210823,14,10,40,30,70,213,142,4,152,10248
20210823,15,360,40,40,80,219,118,8,181,10249
20210823,16,10,40,40,80,216,121,10,153,10250
20210823,17,10,40,30,70,210,124,10,97,10252
20210823,18,360,40,40,80,198,136,10,45,10256
20210823,19,10,30,30,60,183,134,2,8,10262
20210823,20,20,30,30,50,169,123,0,0,10268
20210823,21,20,30,30,50,163,122,0,0,10272
20210823,22,30,30,30,50,155,127,0,0,10275
20210823,23,30,30,30,50,149,127,0,0,10277
20210823,24,40,30,30,60,146,122,0,0,10279
20210824,1,40,40,40,60,142,120,0,0,10279
20210824,2,30,30,20,50,132,118,0,0,10281
20210824,3,20,30,30,50,133,121,0,0,10282
20210824,4,350,20,20,50,126,121,0,0,10284
20210824,5,10,20,20,40,133,128,0,2,10288
20210824,6,30,30,30,50,145,136,8,32,10288
20210824,7,20,30,40,70,160,144,10,85,10292
20210824,8,40,40,40,80,168,144,9,129,10293
20210824,9,50,40,50,70,178,146,6,152,10294
20210824,10,30,40,40,80,194,142,8,202,10293
20210824,11,40,50,50,80,196,134,10,253,10291
20210824,12,40,50,50,80,204,141,8,212,10286
20210824,13,30,50,50,80,210,135,7,218,10282
20210824,14,30,40,40,80,212,142,8,193,10279
20210824,15,10,40,40,80,210,138,5,129,10278
20210824,16,20,50,50,90,211,140,7,122,10275
20210824,17,20,40,50,90,203,135,10,95,10273
20210824,18,10,30,30,70,194,142,10,48,10274
20210824,19,10,30,30,60,180,148,2,6,10276
20210824,20,20,30,30,50,169,148,0,0,10276
20210824,21,20,30,30,60,163,146,0,0,10275
20210824,22,30,30,30,60,155,144,0,0,10275
20210824,23,30,20,20,40,147,141,0,0,10276
20210824,24,10,10,10,30,127,125,0,0,10272
20210825,1,10,10,10,30,117,114,0,0,10267
20210825,2,360,10,10,30,109,106,0,0,10264
20210825,3,350,10,10,30,123,123,0,0,10261
20210825,4,360,10,10,30,123,123,0,0,10255
20210825,5,360,10,20,30,119,119,0,1,10253
20210825,6,20,10,10,30,122,122,0,16,10253
20210825,7,20,10,20,30,134,131,2,54,10254
20210825,8,20,20,20,30,160,137,10,129,10253
20210825,9,10,20,30,40,184,139,10,187,10249
20210825,10,350,20,20,40,199,134,10,227,10247
20210825,11,330,30,40,60,202,135,8,210,10238
20210825,12,340,30,20,60,199,131,9,238,10232
20210825,13,320,30,30,70,210,122,10,257,10226
20210825,14,350,40,40,70,208,126,9,213,10219
20210825,15,320,40,40,70,208,125,10,187,10211
20210825,16,330,40,50,80,183,137,4,85,10210
20210825,17,340,40,40,80,173,125,2,48,10205
20210825,18,310,30,30,70,169,132,0,11,10200
20210825,19,320,30,30,70,159,145,0,1,10197
20210825,20,300,30,30,60,157,147,0,0,10193
20210825,21,320,30,30,60,159,148,0,0,10188
20210825,22,300,30,30,60,158,150,0,0,10180
20210825,23,330,30,30,60,159,151,0,0,10176
20210825,24,320,30,30,70,157,145,0,0,10172
20210826,1,320,30,30,70,157,133,0,0,10166
20210826,2,330,30,30,80,156,117,0,0,10163
20210826,3,320,30,30,80,151,113,0,0,10162
20210826,4,320,30,20,70,152,112,0,0,10160
20210826,5,320,30,30,60,153,110,0,1,10158
20210826,6,300,30,30,60,155,111,0,11,10157
20210826,7,320,40,40,80,161,114,0,42,10159
20210826,8,320,50,50,100,171,123,6,115,10158
20210826,9,330,50,40,90,172,126,5,139,10157
20210826,10,330,40,40,90,174,127,2,138,10157
20210826,11,330,40,50,80,172,120,0,92,10159
20210826,12,320,40,50,80,172,133,0,117,10158
20210826,13,320,30,40,70,180,128,1,117,10157
20210826,14,310,40,40,90,188,137,5,162,10156
20210826,15,320,40,20,80,185,148,6,122,10155
20210826,16,350,40,50,80,190,139,7,122,10153
20210826,17,20,40,40,90,189,125,5,64,10157
20210826,18,20,40,40,80,178,115,10,41,10162
20210826,19,10,30,30,80,166,111,2,5,10171
20210826,20,10,30,20,70,153,108,0,0,10178
20210826,21,350,20,20,40,144,108,0,0,10182
20210826,22,330,20,20,40,137,109,0,0,10181
20210826,23,310,20,20,30,125,112,0,0,10182
20210826,24,360,20,10,40,141,116,0,0,10182
20210827,1,310,20,20,40,136,116,0,0,10181
20210827,2,320,20,30,50,133,115,0,0,10180
20210827,3,320,20,20,50,138,117,0,0,10182
20210827,4,340,20,30,60,138,120,0,0,10185
20210827,5,310,20,20,60,133,122,0,1,10184
20210827,6,320,20,30,40,140,117,0,12,10187
20210827,7,330,30,30,60,160,118,7,72,10188
20210827,8,340,50,70,120,169,116,9,132,10191
20210827,9,340,50,30,110,149,131,4,97,10193
20210827,10,330,30,40,80,183,128,7,188,10189
20210827,11,350,60,40,130,184,129,4,139,10188
20210827,12,330,40,30,130,172,147,3,125,10189
20210827,13,350,40,40,100,189,135,7,173,10187
20210827,14,360,60,60,120,184,114,5,139,10187
20210827,15,350,60,70,130,182,120,8,173,10187
20210827,16,340,60,60,120,183,114,7,109,10187
20210827,17,340,50,50,110,170,117,5,64,10189
20210827,18,330,40,40,90,162,128,3,21,10191
20210827,19,330,30,30,70,155,139,0,2,10195
20210827,20,330,30,30,50,153,138,0,0,10197
20210827,21,320,20,20,40,150,138,0,0,10199
20210827,22,320,20,20,40,144,137,0,0,10200
20210827,23,320,20,20,30,138,134,0,0,10200
20210827,24,300,20,20,30,142,137,0,0,10201
20210828,1,320,20,30,40,151,143,0,0,10198
20210828,2,320,30,20,50,154,146,0,0,10199
20210828,3,330,20,20,60,155,150,0,0,10199
20210828,4,350,20,30,50,155,147,0,0,10199
20210828,5,360,20,20,50,154,145,0,1,10199
20210828,6,360,30,40,70,165,149,3,21,10202
20210828,7,360,30,30,70,172,148,6,59,10204
20210828,8,20,40,40,90,179,143,5,88,10206
20210828,9,360,50,60,100,180,142,1,99,10209
20210828,10,20,50,50,130,192,137,6,161,10210
20210828,11,30,60,60,110,188,128,3,149,10213
20210828,12,360,60,50,110,195,137,4,180,10211
20210828,13,360,60,50,110,196,126,6,170,10212
20210828,14,30,60,50,120,193,126,5,170,10212
20210828,15,360,60,60,110,186,123,2,112,10214
20210828,16,350,50,60,100,181,122,1,68,10217
20210828,17,360,60,50,110,174,121,0,39,10219
20210828,18,360,40,40,100,173,117,3,16,10218
20210828,19,350,30,30,70,163,125,0,3,10221
20210828,20,350,30,30,60,159,121,0,0,10224
20210828,21,340,30,30,60,154,136,0,0,10221
20210828,22,350,20,20,50,150,136,0,0,10221
20210828,23,340,20,20,40,152,131,0,0,10221
20210828,24,340,20,20,40,153,131,0,0,10218
20210829,1,340,20,20,40,156,136,0,0,10215
20210829,2,340,30,30,60,156,134,0,0,10215
20210829,3,330,30,30,60,154,128,0,0,10214
20210829,4,340,30,30,60,150,132,0,0,10211
20210829,5,340,30,30,50,153,136,0,0,10209
20210829,6,330,40,40,70,156,134,0,3,10210
20210829,7,330,40,40,80,158,134,0,13,10208
20210829,8,330,40,40,80,160,135,0,28,10207
20210829,9,330,40,40,80,162,136,0,26,10207
20210829,10,330,40,40,80,162,142,0,49,10204
20210829,11,320,40,40,90,164,139,0,40,10202
20210829,12,340,40,50,110,162,146,0,32,10199
20210829,13,330,40,40,90,165,154,0,44,10197
20210829,14,350,30,30,70,166,160,0,34,10195
20210829,15,350,30,30,60,168,158,0,40,10194
20210829,16,350,30,40,60,171,158,0,29,10195
20210829,17,360,40,30,70,168,159,0,22,10197
20210829,18,360,30,30,70,165,160,0,9,10199
20210829,19,360,30,30,50,166,158,0,1,10203
20210829,20,360,30,30,60,165,157,0,0,10205
20210829,21,360,30,30,50,166,154,0,0,10208
20210829,22,10,30,30,60,166,153,0,0,10208
20210829,23,360,30,30,60,162,150,0,0,10209
20210829,24,360,30,30,60,162,148,0,0,10209
20210830,1,360,30,30,60,163,147,0,0,10209
20210830,2,340,30,30,50,162,144,0,0,10210
20210830,3,350,30,30,50,158,144,0,0,10208
20210830,4,340,20,20,40,154,144,0,0,10209
20210830,5,330,20,20,40,158,149,0,1,10208
20210830,6,340,20,30,50,167,154,0,6,10211
20210830,7,350,30,30,50,172,157,0,19,10213
20210830,8,360,30,30,70,178,158,0,30,10215
20210830,9,360,40,40,70,183,155,0,58,10217
20210830,10,360,40,40,80,194,152,0,116,10215
20210830,11,350,40,50,80,196,150,1,130,10215
20210830,12,360,40,50,80,206,148,6,209,10214
20210830,13,360,40,50,80,209,151,4,149,10213
20210830,14,350,50,40,90,209,150,5,158,10214
20210830,15,350,50,60,100,202,146,6,142,10216
20210830,16,360,60,60,100,191,143,8,125,10216
20210830,17,360,60,60,100,186,146,7,72,10219
20210830,18,360,50,50,90,177,147,2,17,10221
20210830,19,360,40,30,80,170,146,0,2,10225
20210830,20,10,30,30,70,164,146,0,0,10229
20210830,21,10,30,30,60,159,143,0,0,10232
20210830,22,360,30,30,50,153,142,0,0,10235
20210830,23,360,20,20,40,151,144,0,0,10238
20210830,24,10,20,20,30,151,144,0,0,10240
20210831,1,20,20,10,30,147,143,0,0,10242
20210831,2,350,20,20,30,139,136,0,0,10246
20210831,3,340,10,10,30,120,119,0,0,10245
20210831,4,330,10,20,30,124,121,0,0,10245
20210831,5,340,20,20,30,135,132,0,1,10249
20210831,6,330,20,20,30,141,139,7,20,10253
20210831,7,340,20,20,40,158,145,5,56,10256
20210831,8,350,30,30,50,169,146,6,88,10259
20210831,9,340,30,30,50,175,150,0,90,10263
20210831,10,10,30,40,70,182,138,1,110,10264
20210831,11,360,40,40,80,190,140,2,119,10266
20210831,12,360,40,40,80,191,134,3,142,10269
20210831,13,360,50,40,80,194,139,5,195,10271
20210831,14,340,40,50,90,191,136,5,157,10269
20210831,15,350,50,50,100,190,134,8,171,10269
20210831,16,340,50,40,90,173,137,0,54,10270
20210831,17,350,40,40,80,169,130,0,27,10270
20210831,18,350,40,30,70,164,130,0,8,10271
20210831,19,350,30,30,80,162,124,0,2,10274
20210831,20,350,30,20,50,160,126,0,0,10276
20210831,21,340,20,20,60,160,125,0,0,10278
20210831,22,340,20,20,40,160,123,0,0,10281
20210831,23,340,20,30,40,159,122,0,0,10282
20210831,24,330,20,20,40,158,117,0,0,10282
20210901,1,360,30,30,70,161,105,0,0,10282
20210901,2,310,20,20,50,154,116,0,0,10282
20210901,3,310,20,20,30,154,119,0,0,10281
20210901,4,0,10,0,30,147,129,0,0,10281
20210901,5,0,10,0,10,145,130,0,1,10282
20210901,6,330,10,20,30,149,126,0,5,10285
20210901,7,0,10,0,30,157,126,0,18,10287
20210901,8,280,10,10,30,163,126,0,32,10291
20210901,9,10,10,20,30,167,125,0,47,10294
20210901,10,330,20,20,30,169,122,0,61,10295
20210901,11,360,20,20,40,180,124,0,88,10291
20210901,12,360,30,30,60,174,132,0,83,10292
20210901,13,990,20,10,40,184,121,0,94,10290
20210901,14,20,20,20,50,181,125,0,78,10288
20210901,15,30,20,30,50,183,124,0,68,10286
20210901,16,40,30,20,40,179,120,0,64,10282
20210901,17,360,20,20,40,179,121,0,28,10280
20210901,18,10,20,20,40,174,119,2,17,10282
20210901,19,10,20,20,40,169,118,0,1,10286
20210901,20,20,20,20,30,165,129,0,0,10287
20210901,21,30,20,20,50,166,109,0,0,10288
20210901,22,330,10,20,30,158,123,0,0,10286
20210901,23,30,10,20,30,153,125,0,0,10287
20210901,24,360,10,10,30,150,131,0,0,10286
20210902,1,340,10,20,30,152,130,0,0,10284
20210902,2,10,10,10,30,149,132,0,0,10282
20210902,3,10,10,20,30,148,129,0,0,10281
20210902,4,100,10,10,30,143,131,0,0,10280
20210902,5,330,10,10,30,144,127,0,1,10279
20210902,6,50,10,10,30,149,124,0,8,10280
20210902,7,70,20,20,40,162,104,0,32,10280
20210902,8,80,20,20,30,166,104,0,71,10283
20210902,9,60,20,20,40,166,100,1,93,10285
20210902,10,70,10,10,40,177,112,0,104,10283
20210902,11,990,20,10,40,180,110,0,124,10281
20210902,12,990,10,10,40,184,111,0,126,10277
20210902,13,90,20,20,40,195,108,8,225,10273
20210902,14,90,20,20,40,202,115,9,221,10269
20210902,15,60,20,20,60,205,120,10,184,10263
20210902,16,40,30,30,50,198,134,10,139,10257
20210902,17,20,40,40,60,186,131,10,82,10252
20210902,18,30,40,40,60,169,124,8,30,10250
20210902,19,30,30,30,60,156,122,0,2,10250
20210902,20,20,30,30,50,148,122,0,0,10252
20210902,21,30,20,20,40,140,121,0,0,10251
20210902,22,30,20,20,40,136,120,0,0,10250
20210902,23,30,20,20,40,128,118,0,0,10247
20210902,24,20,10,20,30,122,115,0,0,10246
20210903,1,20,10,20,30,117,114,0,0,10242
20210903,2,20,10,10,30,116,112,0,0,10237
20210903,3,20,20,20,30,119,114,0,0,10233
20210903,4,40,20,20,40,118,114,0,0,10228
20210903,5,30,10,20,30,115,113,0,0,10227
20210903,6,40,20,30,50,122,115,7,18,10226
20210903,7,40,20,30,40,139,125,10,68,10228
20210903,8,40,30,30,50,162,134,10,120,10225
20210903,9,50,30,30,60,183,137,10,173,10225
20210903,10,30,40,40,60,196,142,10,199,10223
20210903,11,50,30,20,60,208,153,3,159,10219
20210903,12,50,30,30,60,210,149,5,172,10214
20210903,13,30,30,30,60,217,150,8,206,10210
20210903,14,50,30,30,50,222,155,9,212,10205
20210903,15,30,30,30,60,220,155,10,167,10200
20210903,16,20,40,40,70,209,151,10,129,10198
20210903,17,20,40,40,70,197,146,10,78,10196
20210903,18,10,30,30,70,183,145,8,27,10196
20210903,19,20,30,30,50,168,141,0,1,10197
20210903,20,20,30,30,50,159,139,0,0,10200
20210903,21,30,30,40,70,152,133,0,0,10199
20210903,22,40,30,30,60,141,129,0,0,10201
20210903,23,50,30,30,50,134,123,0,0,10202
20210903,24,50,30,30,60,130,119,0,0,10199
20210904,1,50,20,20,50,123,114,0,0,10198
20210904,2,50,30,20,40,118,111,0,0,10196
20210904,3,40,30,30,50,118,111,0,0,10194
20210904,4,50,40,30,70,125,119,0,0,10194
20210904,5,50,30,40,60,127,120,0,1,10194
20210904,6,50,40,30,70,129,116,0,7,10196
20210904,7,40,30,20,70,132,116,0,19,10198
20210904,8,50,40,40,70,138,116,0,52,10198
20210904,9,40,30,30,60,151,119,2,105,10200
20210904,10,30,30,40,60,159,117,3,148,10200
20210904,11,80,40,50,70,177,127,9,235,10195
20210904,12,70,40,30,60,188,124,10,250,10192
20210904,13,60,30,30,60,200,132,10,245,10190
20210904,14,70,30,30,60,206,126,10,221,10189
20210904,15,80,30,30,50,210,130,10,181,10184
20210904,16,80,30,20,50,209,130,10,129,10183
20210904,17,50,30,30,50,201,125,10,78,10183
20210904,18,40,20,30,40,184,130,8,28,10184
20210904,19,50,20,20,40,155,133,0,1,10190
20210904,20,60,20,20,30,133,129,0,0,10195
20210904,21,40,20,20,30,134,125,0,0,10197
20210904,22,40,20,20,30,135,122,0,0,10199
20210904,23,40,20,20,30,129,117,0,0,10202
20210904,24,50,20,20,30,124,112,0,0,10203
20210905,1,50,20,20,40,117,109,0,0,10201
20210905,2,50,20,20,40,109,101,0,0,10203
20210905,3,40,20,20,30,103,101,0,0,10205
20210905,4,50,20,20,30,101,97,0,0,10204
20210905,5,50,20,20,30,99,95,0,0,10207
20210905,6,40,20,20,30,108,102,5,16,10209
20210905,7,50,20,10,30,130,110,10,64,10212
20210905,8,30,10,10,30,161,124,10,120,10218
20210905,9,70,20,30,50,179,123,10,171,10219
20210905,10,40,30,30,50,192,121,10,214,10220
20210905,11,50,30,30,50,200,124,10,240,10218
20210905,12,20,30,30,50,215,116,10,252,10217
20210905,13,20,20,20,40,224,116,10,243,10216
20210905,14,50,20,20,40,230,119,10,218,10213
20210905,15,30,20,20,40,233,114,10,178,10213
20210905,16,40,20,20,40,227,130,10,126,10212
20210905,17,50,20,20,40,217,133,10,77,10214
20210905,18,30,20,20,40,197,136,8,26,10218
20210905,19,20,20,10,30,150,135,0,1,10223
20210905,20,20,10,10,20,129,122,0,0,10227
20210905,21,30,10,10,30,118,116,0,0,10229
20210905,22,40,10,20,30,110,106,0,0,10230
20210905,23,40,10,20,30,101,98,0,0,10230
20210905,24,40,10,10,30,94,93,0,0,10232
20210906,1,50,10,10,20,92,92,0,0,10232
20210906,2,40,10,10,10,87,87,0,0,10231
20210906,3,50,10,10,10,86,86,0,0,10232
20210906,4,20,10,10,10,85,84,0,0,10230
20210906,5,360,10,10,10,81,78,0,0,10233
20210906,6,0,10,0,10,106,103,5,18,10237
20210906,7,40,10,10,10,142,129,10,68,10242
20210906,8,40,10,10,10,170,141,9,106,10246
20210906,9,0,10,0,10,202,141,9,156,10251
20210906,10,990,10,10,30,215,136,10,199,10250
20210906,11,140,10,20,30,215,128,7,199,10247
20210906,12,0,10,0,30,228,114,6,192,10247
20210906,13,990,10,10,30,234,105,2,152,10246
20210906,14,990,10,10,30,239,123,4,153,10244
20210906,15,990,20,10,30,238,131,8,151,10243
20210906,16,330,20,20,30,237,119,10,128,10241
20210906,17,40,20,20,30,225,129,10,65,10239
20210906,18,50,20,20,30,203,143,2,14,10240
20210906,19,60,10,10,30,169,147,0,1,10243
20210906,20,70,10,10,20,150,143,0,0,10245
20210906,21,50,10,10,30,143,135,0,0,10248
20210906,22,0,10,0,10,136,133,0,0,10246
20210906,23,90,10,10,10,143,138,0,0,10246
20210906,24,0,10,0,10,141,135,0,0,10245
20210907,1,140,10,10,10,130,127,0,0,10241
20210907,2,100,10,10,10,128,125,0,0,10239
20210907,3,130,10,10,10,123,120,0,0,10239
20210907,4,100,10,10,10,118,115,0,0,10237
20210907,5,0,10,0,10,113,108,0,0,10239
20210907,6,140,0,10,10,133,131,2,10,10241
20210907,7,130,10,10,20,161,144,0,33,10240
20210907,8,140,10,10,30,186,149,0,67,10244
20210907,9,160,10,10,30,202,145,0,87,10246
20210907,10,130,20,20,40,225,150,6,174,10244
20210907,11,130,20,20,40,235,139,8,216,10240
20210907,12,130,30,30,40,245,145,10,236,10236
20210907,13,150,20,20,40,250,134,9,213,10233
20210907,14,160,20,20,30,251,144,8,177,10226
20210907,15,990,20,10,30,255,146,10,149,10221
20210907,16,120,20,30,50,252,152,10,114,10218
20210907,17,140,20,20,40,239,160,10,64,10214
20210907,18,140,20,20,40,217,163,7,20,10212
20210907,19,80,20,20,30,179,164,0,0,10214
20210907,20,90,20,20,30,166,154,0,0,10213
20210907,21,100,20,20,30,158,147,0,0,10211
20210907,22,90,10,10,30,144,140,0,0,10210
20210907,23,90,20,10,30,140,135,0,0,10207
20210907,24,100,20,20,30,141,133,0,0,10202
20210908,1,80,20,20,30,135,128,0,0,10197
20210908,2,80,20,20,30,129,123,0,0,10194
20210908,3,70,10,10,30,128,122,0,0,10191
20210908,4,50,10,10,30,116,113,0,0,10188
20210908,5,100,10,10,30,115,112,0,0,10186
20210908,6,70,10,10,30,135,129,5,14,10184
20210908,7,100,10,10,30,181,139,10,58,10181
20210908,8,100,20,30,50,200,139,10,114,10177
20210908,9,120,30,30,50,218,146,10,164,10177
20210908,10,90,40,40,60,237,152,10,204,10172
20210908,11,100,40,30,70,250,147,10,228,10165
20210908,12,130,40,40,60,261,133,10,239,10159
20210908,13,130,30,40,60,265,145,10,234,10154
20210908,14,140,40,40,70,264,144,10,208,10146
20210908,15,130,40,30,70,265,154,10,167,10139
20210908,16,90,30,40,70,259,153,10,116,10132
20210908,17,110,40,40,70,250,144,10,66,10128
20210908,18,80,30,20,60,221,156,7,19,10127
20210908,19,70,20,10,30,181,159,0,0,10129
20210908,20,70,20,20,30,168,153,0,0,10128
20210908,21,90,30,30,50,189,152,0,0,10124
20210908,22,90,20,20,40,176,150,0,0,10122
20210908,23,100,20,20,30,162,145,0,0,10119
20210908,24,100,20,20,40,155,141,0,0,10114
20210909,1,110,20,20,30,147,134,0,0,10108
20210909,2,110,20,20,30,136,129,0,0,10104
20210909,3,110,20,20,30,137,131,0,0,10104
20210909,4,120,20,20,30,139,132,0,0,10099
20210909,5,130,20,20,30,134,126,0,0,10096
20210909,6,120,20,20,30,161,137,5,13,10094
20210909,7,130,20,20,40,184,141,10,53,10093
20210909,8,150,30,20,70,195,154,7,89,10096
20210909,9,170,20,30,50,211,154,9,148,10097
20210909,10,170,30,30,50,227,163,7,181,10098
20210909,11,170,20,20,50,248,168,10,217,10095
20210909,12,190,40,40,60,253,179,7,199,10097
20210909,13,230,40,40,80,263,179,9,214,10094
20210909,14,220,50,50,100,255,180,9,180,10097
20210909,15,250,40,30,80,250,175,6,122,10098
20210909,16,230,30,30,60,243,163,10,102,10099
20210909,17,240,30,20,50,238,156,7,46,10098
20210909,18,270,10,10,40,204,169,3,14,10101
20210909,19,990,10,10,30,185,169,0,1,10104
20210909,20,120,10,20,30,184,169,0,0,10106
20210909,21,180,10,20,30,184,172,0,0,10108
20210909,22,100,10,10,30,182,172,0,0,10107
20210909,23,170,20,20,30,181,173,0,0,10108
20210909,24,160,20,20,30,182,178,0,0,10109
20210910,1,160,20,20,30,174,169,0,0,10107
20210910,2,150,20,20,30,182,177,0,0,10106
20210910,3,150,20,20,30,179,176,0,0,10106
20210910,4,170,20,20,50,185,181,0,0,10106
20210910,5,200,20,20,40,185,179,0,0,10106
20210910,6,200,20,20,40,187,179,0,6,10110
20210910,7,170,20,30,40,192,181,0,25,10115
20210910,8,180,20,30,40,200,182,0,52,10120
20210910,9,190,30,30,50,207,181,0,75,10123
20210910,10,210,30,30,60,218,182,4,139,10125
20210910,11,200,40,40,70,223,177,4,165,10125
20210910,12,200,40,30,70,230,184,2,134,10121
20210910,13,240,40,40,70,220,171,2,76,10123
20210910,14,190,30,30,60,207,190,0,53,10125
20210910,15,210,30,30,40,211,190,0,61,10125
20210910,16,190,30,30,50,219,188,3,66,10124
20210910,17,210,20,20,40,206,185,0,16,10127
20210910,18,0,10,0,50,192,182,5,24,10128
20210910,19,150,10,20,30,185,179,0,0,10135
20210910,20,190,20,10,30,174,173,0,0,10136
20210910,21,990,20,10,40,179,177,0,0,10142
20210910,22,260,20,20,40,178,165,0,0,10141
20210910,23,180,10,10,30,172,170,0,0,10142
20210910,24,220,30,30,70,173,158,0,0,10144
20210911,1,200,20,20,50,163,156,0,0,10143
20210911,2,220,30,40,70,163,150,0,0,10142
20210911,3,200,30,30,50,163,153,0,0,10142
20210911,4,210,30,30,50,167,155,0,0,10142
20210911,5,200,30,40,70,168,155,0,0,10144
20210911,6,210,30,30,80,169,157,0,6,10147
20210911,7,210,30,30,70,171,159,0,17,10151
20210911,8,210,30,40,60,179,163,0,41,10155
20210911,9,220,30,30,70,185,164,0,49,10160
20210911,10,220,40,40,80,192,167,0,91,10161
20210911,11,230,50,50,80,203,167,2,134,10158
20210911,12,240,50,40,90,206,168,2,137,10158
20210911,13,260,40,40,90,189,167,2,75,10159
20210911,14,240,30,30,60,201,178,2,82,10159
20210911,15,270,20,30,60,197,175,1,41,10161
20210911,16,280,30,30,70,199,169,2,58,10161
20210911,17,270,30,30,80,196,168,0,28,10163
20210911,18,270,30,30,50,191,166,2,8,10165
20210911,19,250,20,20,50,186,166,0,0,10170
20210911,20,250,30,30,60,186,161,0,0,10174
20210911,21,240,20,30,70,182,155,0,0,10175
20210911,22,230,30,20,70,178,146,0,0,10174
20210911,23,220,30,30,50,178,145,0,0,10174
20210911,24,220,30,40,60,176,146,0,0,10172
20210912,1,210,30,30,50,168,143,0,0,10169
20210912,2,210,30,30,60,157,135,0,0,10169
20210912,3,210,30,30,60,148,129,0,0,10171
20210912,4,210,20,20,50,140,130,0,0,10170
20210912,5,220,20,20,40,146,132,0,0,10171
20210912,6,200,30,30,50,148,134,0,5,10172
20210912,7,200,20,20,40,151,135,0,19,10174
20210912,8,200,20,20,50,153,135,0,31,10177
20210912,9,200,30,30,50,167,145,1,78,10181
20210912,10,220,30,20,50,179,155,1,101,10181
20210912,11,210,20,20,40,196,162,2,120,10180
20210912,12,200,20,20,60,191,158,1,87,10179
20210912,13,300,20,30,60,204,132,2,91,10178
20210912,14,290,30,30,70,207,128,3,128,10178
20210912,15,330,40,40,80,205,135,9,166,10177
20210912,16,330,40,40,70,195,131,7,88,10180
20210912,17,310,30,30,60,179,126,8,47,10181
20210912,18,310,20,20,50,163,126,5,12,10182
20210912,19,320,20,20,30,151,126,0,0,10185
20210912,20,280,10,10,30,126,119,0,0,10189
20210912,21,0,0,0,10,117,114,0,0,10191
20210912,22,0,10,0,20,113,110,0,0,10193
20210912,23,990,10,10,20,106,106,0,0,10194
20210912,24,0,10,0,20,102,101,0,0,10194
20210913,1,210,0,10,10,98,98,0,0,10191
20210913,2,220,10,10,20,94,92,0,0,10192
20210913,3,210,10,10,20,92,92,0,0,10189
20210913,4,250,0,10,10,91,90,0,0,10189
20210913,5,990,10,10,30,102,99,0,0,10190
20210913,6,0,0,0,10,108,105,0,4,10192
20210913,7,0,10,0,20,131,126,0,30,10195
20210913,8,40,10,10,30,154,135,2,70,10198
20210913,9,40,20,20,30,166,135,0,87,10201
20210913,10,30,20,20,40,177,136,2,123,10202
20210913,11,990,20,10,30,181,128,1,127,10198
20210913,12,20,10,20,30,182,136,0,106,10195
20210913,13,60,20,20,40,183,134,0,114,10190
20210913,14,50,30,30,60,185,139,1,94,10185
20210913,15,60,30,30,50,183,135,2,89,10182
20210913,16,70,20,30,40,187,141,8,75,10180
20210913,17,50,20,20,40,176,139,2,35,10178
20210913,18,40,20,30,30,161,135,3,8,10176
20210913,19,60,20,20,30,144,132,0,0,10178
20210913,20,60,20,20,30,140,130,0,0,10178
20210913,21,60,20,20,30,141,130,0,0,10175
20210913,22,60,20,20,30,134,126,0,0,10172
20210913,23,70,20,20,30,135,126,0,0,10172
20210913,24,60,20,20,40,133,124,0,0,10168
20210914,1,60,20,20,30,124,119,0,0,10166
20210914,2,60,20,20,30,127,122,0,0,10164
20210914,3,60,20,20,40,131,125,0,0,10159
20210914,4,60,20,30,40,126,118,0,0,10152
20210914,5,60,20,20,40,120,115,0,0,10153
20210914,6,70,20,20,40,127,119,5,14,10151
20210914,7,80,30,20,50,135,122,2,32,10150
20210914,8,90,30,30,50,153,132,6,80,10148
20210914,9,80,30,30,50,179,145,8,135,10148
20210914,10,90,30,40,50,200,144,9,194,10144
20210914,11,110,40,40,60,212,143,9,210,10142
20210914,12,90,40,40,60,220,154,7,198,10136
20210914,13,120,40,40,60,215,143,3,141,10134
20210914,14,120,30,30,60,213,154,0,91,10131
20210914,15,80,30,30,50,207,163,0,37,10127
20210914,16,90,30,30,50,204,170,0,42,10120
20210914,17,110,30,30,50,202,167,0,10,10118
20210914,18,150,30,20,50,198,166,0,4,10116
20210914,19,110,20,10,30,190,171,0,0,10116
20210914,20,990,10,10,10,184,173,0,0,10114
20210914,21,120,10,10,30,181,175,0,0,10115
20210914,22,200,10,10,30,176,173,0,0,10111
20210914,23,0,0,0,10,170,170,0,0,10107
20210914,24,160,10,10,30,161,161,0,0,10106
20210915,1,190,10,10,30,155,155,0,0,10105
20210915,2,180,10,10,30,159,159,0,0,10101
20210915,3,180,10,10,20,143,143,0,0,10100
20210915,4,140,10,10,20,152,152,0,0,10097
20210915,5,150,10,10,30,159,159,0,0,10098
20210915,6,190,10,10,20,169,166,0,3,10098
20210915,7,200,10,10,30,178,173,0,18,10101
20210915,8,270,20,30,50,176,171,0,20,10103
20210915,9,250,10,20,40,182,170,0,48,10102
20210915,10,260,20,30,50,184,160,0,42,10104
20210915,11,270,30,30,50,190,153,1,80,10106
20210915,12,230,30,30,60,194,152,0,77,10108
20210915,13,270,30,20,60,192,152,0,57,10108
20210915,14,290,30,30,60,192,150,2,83,10111
20210915,15,310,30,40,70,185,154,0,44,10117
20210915,16,300,40,30,80,179,142,0,36,10122
20210915,17,310,40,40,80,171,142,0,11,10128
20210915,18,300,40,30,80,165,133,0,2,10133
20210915,19,290,30,20,70,163,117,0,0,10137
20210915,20,270,20,20,50,158,120,0,0,10142
20210915,21,260,20,20,40,156,122,0,0,10144
20210915,22,240,20,20,40,144,118,0,0,10146
20210915,23,260,20,20,40,147,119,0,0,10148
20210915,24,280,20,20,50,148,123,0,0,10149
20210916,1,260,20,20,50,143,123,0,0,10148
20210916,2,260,30,30,50,148,123,0,0,10149
20210916,3,260,20,20,50,148,121,0,0,10150
20210916,4,250,30,20,50,152,123,0,0,10153
20210916,5,290,20,20,60,153,123,0,0,10156
20210916,6,280,30,30,60,152,121,0,6,10159
20210916,7,280,20,20,50,158,126,2,29,10162
20210916,8,300,30,40,80,173,127,10,105,10166
20210916,9,300,40,50,90,181,119,10,149,10169
20210916,10,310,40,40,80,182,117,7,147,10172
20210916,11,300,40,30,80,188,129,8,157,10173
20210916,12,320,30,30,70,191,135,4,128,10173
20210916,13,300,40,40,80,197,125,6,131,10173
20210916,14,310,30,40,70,202,132,5,122,10169
20210916,15,310,40,50,80,201,131,8,113,10169
20210916,16,280,30,30,80,194,125,9,75,10168
20210916,17,300,30,30,60,186,129,10,52,10170
20210916,18,290,20,20,50,169,132,3,8,10170
20210916,19,270,20,20,30,152,133,0,0,10173
20210916,20,250,20,10,30,128,123,0,0,10175
20210916,21,230,10,10,30,118,117,0,0,10176
20210916,22,0,10,0,10,118,117,0,0,10177
20210916,23,190,10,10,10,125,122,0,0,10179
20210916,24,100,10,10,10,131,128,0,0,10176
20210917,1,230,10,20,30,135,132,0,0,10174
20210917,2,210,10,10,30,134,131,0,0,10169
20210917,3,150,10,10,20,137,134,0,0,10164
20210917,4,140,10,10,10,138,135,0,0,10160
20210917,5,150,20,10,30,143,138,0,0,10160
20210917,6,160,10,10,30,145,137,0,3,10159
20210917,7,140,10,10,30,153,142,0,14,10160
20210917,8,190,20,20,40,170,138,2,56,10160
20210917,9,200,20,20,40,181,138,0,71,10160
20210917,10,260,20,20,40,190,144,0,96,10161
20210917,11,250,30,30,50,207,151,9,206,10158
20210917,12,210,30,20,50,205,149,6,186,10157
20210917,13,240,20,20,50,203,147,0,55,10156
20210917,14,330,20,20,50,199,151,0,61,10154
20210917,15,330,20,20,40,202,151,0,57,10152
20210917,16,320,30,30,60,199,131,9,85,10152
20210917,17,340,20,20,60,193,142,10,49,10153
20210917,18,330,10,10,40,161,146,3,7,10153
20210917,19,360,10,10,30,137,134,0,0,10155
20210917,20,0,10,0,10,126,125,0,0,10160
20210917,21,0,0,0,10,121,120,0,0,10162
20210917,22,0,0,0,0,116,115,0,0,10164
20210917,23,0,0,0,10,109,108,0,0,10165
20210917,24,0,0,0,10,105,105,0,0,10165
20210918,1,80,10,10,30,102,99,0,0,10166
20210918,2,0,10,0,30,96,93,0,0,10165
20210918,3,0,0,0,10,92,89,0,0,10162
20210918,4,0,0,0,10,89,86,0,0,10163
20210918,5,60,10,10,10,88,85,0,0,10165
20210918,6,110,10,10,30,94,91,3,8,10167
20210918,7,100,10,10,30,130,127,7,42,10171
20210918,8,80,10,10,30,152,144,3,71,10174
20210918,9,990,10,10,30,181,149,7,130,10174
20210918,10,100,10,10,30,197,138,3,134,10176
20210918,11,70,10,20,30,212,137,6,180,10173
20210918,12,990,20,10,40,217,118,6,184,10170
20210918,13,50,20,20,40,217,116,10,206,10168
20210918,14,60,20,30,60,209,129,8,146,10165
20210918,15,80,40,40,60,203,139,6,97,10162
20210918,16,100,30,20,60,200,134,7,82,10161
20210918,17,60,20,20,40,189,131,7,29,10161
20210918,18,60,20,20,50,171,136,0,5,10161
20210918,19,60,20,20,40,157,133,0,0,10164
20210918,20,70,20,20,40,147,128,0,0,10165
20210918,21,70,20,20,40,137,122,0,0,10163
20210918,22,80,30,30,40,135,118,0,0,10162
20210918,23,70,30,20,40,131,116,0,0,10161
20210918,24,70,20,20,40,126,114,0,0,10160
20210919,1,70,20,20,40,122,115,0,0,10157
20210919,2,70,30,30,50,124,117,0,0,10153
20210919,3,80,30,30,50,125,118,0,0,10149
20210919,4,90,20,20,40,119,113,0,0,10148
20210919,5,90,30,30,50,120,115,0,0,10147
20210919,6,90,30,30,50,123,118,2,6,10148
20210919,7,90,30,40,50,138,125,10,50,10151
20210919,8,90,40,40,60,148,123,7,88,10154
20210919,9,90,30,30,60,171,132,10,145,10155
20210919,10,90,40,50,70,184,129,10,183,10154
20210919,11,140,40,40,70,194,133,10,215,10153
20210919,12,90,40,50,70,198,130,8,212,10154
20210919,13,110,40,30,70,195,124,3,135,10150
20210919,14,110,40,40,60,195,122,4,131,10148
20210919,15,120,30,30,60,196,124,2,78,10148
20210919,16,140,30,30,50,189,125,1,50,10152
20210919,17,110,30,30,50,175,126,2,23,10153
20210919,18,80,30,30,50,161,124,0,4,10158
20210919,19,90,30,30,60,150,119,0,0,10162
20210919,20,90,30,40,50,148,114,0,0,10167
20210919,21,90,30,40,60,141,111,0,0,10171
20210919,22,100,30,30,60,136,104,0,0,10176
20210919,23,110,30,30,50,132,98,0,0,10180
20210919,24,90,30,30,60,120,90,0,0,10181
20210920,1,90,30,30,50,117,85,0,0,10183
20210920,2,70,30,30,50,108,80,0,0,10184
20210920,3,80,20,30,40,102,77,0,0,10187
20210920,4,70,30,30,50,102,78,0,0,10192
20210920,5,60,20,20,50,103,75,0,0,10196
20210920,6,60,20,20,30,93,75,3,7,10200
20210920,7,30,20,20,30,110,80,8,38,10204
20210920,8,70,30,40,60,129,73,8,74,10208
20210920,9,80,40,50,80,144,71,10,131,10214
20210920,10,90,60,50,90,158,69,10,173,10215
20210920,11,70,60,60,100,162,68,10,223,10216
20210920,12,100,50,40,90,165,70,8,198,10220
20210920,13,70,60,50,90,159,67,2,129,10224
20210920,14,80,50,40,80,158,79,0,91,10227
20210920,15,80,40,40,80,151,75,2,68,10229
20210920,16,80,40,40,60,155,75,9,91,10235
20210920,17,50,30,20,60,144,67,10,42,10240
20210920,18,30,20,10,30,112,77,2,8,10250
20210920,19,50,10,10,30,104,90,0,0,10255
20210920,20,50,10,10,30,111,95,0,0,10259
20210920,21,360,10,10,20,83,75,0,0,10267
20210920,22,30,20,20,30,73,68,0,0,10270
20210920,23,360,10,10,30,61,58,0,0,10276
20210920,24,10,10,10,30,57,54,0,0,10278
20210921,1,60,10,10,20,49,45,0,0,10282
20210921,2,0,10,0,10,48,45,0,0,10278
20210921,3,0,0,0,20,51,48,0,0,10280
20210921,4,330,10,10,10,44,41,0,0,10286
20210921,5,0,0,0,10,39,36,0,0,10290
20210921,6,170,10,10,10,44,40,0,4,10291
20210921,7,0,10,0,20,87,50,10,44,10297
20210921,8,0,0,0,10,135,60,9,85,10304
20210921,9,250,10,10,30,156,63,8,131,10306
20210921,10,220,10,20,30,169,57,10,157,10306
20210921,11,190,20,20,40,178,49,10,186,10307
20210921,12,250,20,20,40,182,46,9,175,10305
20210921,13,220,20,20,40,184,58,9,185,10303
20210921,14,220,20,30,50,186,63,10,160,10299
20210921,15,290,20,10,40,190,80,9,123,10299
20210921,16,310,20,20,40,181,100,2,53,10297
20210921,17,320,20,20,40,170,111,10,34,10300
20210921,18,290,20,10,30,146,113,2,5,10304
20210921,19,270,20,20,30,126,109,0,0,10306
20210921,20,240,10,10,30,106,103,0,0,10309
20210921,21,160,10,10,10,98,95,0,0,10309
20210921,22,210,10,10,10,93,93,0,0,10307
20210921,23,210,10,10,10,86,85,0,0,10304
20210921,24,220,10,10,20,78,78,0,0,10299
20210922,1,240,10,20,30,70,70,0,0,10298
20210922,2,230,10,10,30,66,66,0,0,10296
20210922,3,180,10,10,30,67,67,0,0,10293
20210922,4,200,10,10,30,66,65,0,0,10290
20210922,5,200,10,10,30,64,64,0,0,10291
20210922,6,140,10,20,30,74,74,0,3,10293
20210922,7,150,20,20,30,102,99,0,22,10295
20210922,8,170,20,10,30,135,120,5,76,10295
20210922,9,190,20,20,30,164,124,9,124,10293
20210922,10,240,30,30,50,181,124,9,167,10290
20210922,11,240,30,30,60,191,124,10,200,10287
20210922,12,230,30,30,60,199,118,8,175,10280
20210922,13,230,30,40,70,203,115,9,181,10276
20210922,14,250,30,30,60,205,113,10,180,10267
20210922,15,240,30,30,60,204,108,10,143,10259
20210922,16,240,30,30,60,197,101,10,93,10255
20210922,17,220,30,30,60,183,96,10,41,10253
20210922,18,230,30,20,50,155,99,2,4,10254
20210922,19,260,20,20,40,147,96,0,0,10251
20210922,20,230,20,20,30,107,92,0,0,10246
20210922,21,190,20,10,30,94,90,0,0,10239
20210922,22,190,20,20,40,99,89,0,0,10235
20210922,23,210,10,10,40,87,83,0,0,10231
20210922,24,210,20,20,50,115,92,0,0,10224
20210923,1,210,30,20,40,117,92,0,0,10220
20210923,2,210,30,30,60,129,95,0,0,10212
20210923,3,220,30,30,60,126,96,0,0,10202
20210923,4,220,30,30,60,127,104,0,0,10199
20210923,5,210,30,40,60,129,112,0,0,10187
20210923,6,210,40,40,70,132,119,2,4,10185
20210923,7,220,30,30,70,144,130,3,22,10185
20210923,8,210,40,40,80,155,137,7,78,10176
20210923,9,250,40,40,80,164,139,3,65,10181
20210923,10,260,50,60,110,175,124,4,97,10179
20210923,11,270,60,60,110,182,127,4,120,10176
20210923,12,240,60,50,110,191,125,5,165,10170
20210923,13,260,50,40,100,184,133,0,57,10168
20210923,14,270,50,60,100,186,136,0,56,10169
20210923,15,280,60,50,110,183,130,2,72,10169
20210923,16,260,40,40,100,181,136,2,35,10165
20210923,17,260,40,50,100,181,138,3,15,10163
20210923,18,260,40,30,80,174,142,0,3,10163
20210923,19,280,30,30,60,172,147,0,0,10169
20210923,20,310,30,30,60,169,131,0,0,10173
20210923,21,290,20,20,50,165,127,0,0,10175
20210923,22,250,10,10,30,157,128,0,0,10173
20210923,23,250,20,20,30,140,125,0,0,10172
20210923,24,240,20,20,30,129,121,0,0,10170
20210924,1,220,20,20,40,145,127,0,0,10166
20210924,2,220,20,20,30,150,127,0,0,10162
20210924,3,210,20,20,30,150,131,0,0,10160
20210924,4,210,20,20,40,145,136,0,0,10157
20210924,5,210,30,20,60,152,149,0,0,10158
20210924,6,220,30,30,50,163,157,0,2,10155
20210924,7,230,30,40,70,169,159,0,12,10157
20210924,8,230,40,40,70,173,158,0,28,10158
20210924,9,230,40,40,70,179,156,0,47,10159
20210924,10,220,40,50,90,197,150,2,112,10155
20210924,11,220,60,60,100,197,146,7,168,10153
20210924,12,230,50,60,110,203,144,5,131,10149
20210924,13,230,60,50,100,202,144,2,95,10148
20210924,14,230,60,60,120,209,127,9,173,10145
20210924,15,250,50,50,110,210,135,10,134,10142
20210924,16,240,50,50,100,201,136,10,91,10142
20210924,17,230,40,40,90,192,140,8,34,10143
20210924,18,240,40,40,80,186,139,0,3,10146
20210924,19,220,30,30,70,180,132,0,0,10149
20210924,20,240,30,30,50,180,128,0,0,10153
20210924,21,230,30,40,80,178,134,0,0,10151
20210924,22,230,40,40,80,179,136,0,0,10150
20210924,23,210,40,30,80,175,140,0,0,10149
20210924,24,210,40,40,70,172,136,0,0,10149
20210925,1,210,30,30,60,168,134,0,0,10149
20210925,2,220,30,30,60,165,135,0,0,10148
20210925,3,200,20,20,60,162,137,0,0,10147
20210925,4,210,20,20,40,158,136,0,0,10148
20210925,5,210,20,20,40,156,140,0,0,10148
20210925,6,190,20,30,50,159,144,0,2,10149
20210925,7,190,20,20,40,162,146,0,10,10151
20210925,8,190,20,20,50,169,150,0,36,10156
20210925,9,210,20,20,40,175,152,0,53,10162
20210925,10,210,20,20,40,179,156,0,61,10164
20210925,11,190,20,20,30,184,159,0,64,10162
20210925,12,190,20,20,40,194,160,2,117,10161
20210925,13,190,20,30,40,198,164,2,103,10157
20210925,14,170,30,20,50,203,165,0,88,10154
20210925,15,100,10,10,40,215,165,9,122,10150
20210925,16,150,20,20,30,208,164,7,66,10148
20210925,17,150,20,20,30,194,162,10,28,10148
20210925,18,130,20,20,30,172,154,0,3,10150
20210925,19,110,20,20,30,169,155,0,0,10150
20210925,20,90,20,20,30,147,139,0,0,10150
20210925,21,100,20,20,30,135,129,0,0,10149
20210925,22,120,20,20,30,131,129,0,0,10147
20210925,23,70,20,10,30,120,119,0,0,10142
20210925,24,100,20,20,30,123,121,0,0,10139
20210926,1,120,20,20,30,130,128,0,0,10138
20210926,2,110,20,20,30,130,127,0,0,10133
20210926,3,130,20,10,30,123,120,0,0,10133
20210926,4,130,10,20,30,133,130,0,0,10130
20210926,5,160,20,10,30,140,134,0,0,10130
20210926,6,150,20,10,30,144,136,0,1,10131
20210926,7,170,20,20,30,152,140,0,13,10134
20210926,8,140,20,20,40,169,152,2,42,10135
20210926,9,190,20,20,50,182,159,1,62,10139
20210926,10,200,20,20,40,208,166,4,124,10140
20210926,11,200,30,40,60,215,165,8,174,10143
20210926,12,230,40,40,70,230,151,9,188,10141
20210926,13,210,40,40,70,224,154,7,161,10140
20210926,14,200,40,30,70,222,153,1,93,10141
20210926,15,210,30,30,60,223,159,4,82,10141
20210926,16,170,30,40,60,215,158,7,58,10141
20210926,17,170,30,20,50,205,161,8,28,10140
20210926,18,160,20,20,40,189,159,0,3,10145
20210926,19,180,20,30,50,186,158,0,0,10147
20210926,20,190,30,20,50,182,155,0,0,10151
20210926,21,180,20,30,50,172,153,0,0,10147
20210926,22,150,20,20,40,154,147,0,0,10146
20210926,23,150,20,20,30,159,148,0,0,10143
20210926,24,170,20,30,40,165,151,0,0,10145
20210927,1,170,30,20,40,157,146,0,0,10140
20210927,2,160,20,20,40,148,142,0,0,10138
20210927,3,170,30,30,50,146,142,0,0,10137
20210927,4,170,30,20,40,148,144,0,0,10135
20210927,5,170,20,30,50,146,144,0,0,10132
20210927,6,170,30,30,50,150,146,0,2,10128
20210927,7,160,30,30,60,160,152,7,33,10126
20210927,8,160,30,30,70,169,156,0,46,10122
20210927,9,180,50,60,90,178,157,0,51,10118
20210927,10,170,50,50,110,187,155,1,80,10115
20210927,11,180,60,60,100,191,155,0,77,10112
20210927,12,180,60,60,110,199,158,0,84,10108
20210927,13,180,60,60,120,188,154,2,87,10108
20210927,14,190,50,50,110,172,163,0,26,10115
20210927,15,230,60,50,140,163,145,0,20,10126
20210927,16,260,50,50,100,170,122,2,47,10139
20210927,17,270,50,40,120,157,99,8,33,10152
20210927,18,250,30,20,60,145,101,0,2,10163
20210927,19,220,20,20,40,120,105,0,0,10172
20210927,20,210,20,20,40,114,102,0,0,10181
20210927,21,200,20,20,40,116,98,0,0,10188
20210927,22,190,30,30,50,133,109,0,0,10196
20210927,23,200,30,30,50,126,107,0,0,10200
20210927,24,200,30,30,50,123,106,0,0,10204
20210928,1,200,30,30,50,120,104,0,0,10208
20210928,2,200,30,30,50,114,102,0,0,10208
20210928,3,200,30,30,50,113,99,0,0,10210
20210928,4,200,30,30,60,108,95,0,0,10214
20210928,5,200,30,40,60,109,94,0,0,10217
20210928,6,160,30,20,60,99,90,0,2,10219
20210928,7,200,20,30,40,118,99,10,33,10222
20210928,8,200,30,40,60,134,104,10,81,10224
20210928,9,180,30,30,50,146,110,9,117,10225
20210928,10,200,30,30,50,163,114,8,153,10222
20210928,11,200,40,40,70,179,113,10,200,10217
20210928,12,200,40,50,90,185,104,10,203,10211
20210928,13,190,50,40,80,189,95,10,196,10206
20210928,14,190,40,40,80,181,98,7,136,10202
20210928,15,200,40,40,70,179,88,7,102,10197
20210928,16,170,40,30,70,175,100,10,78,10192
20210928,17,150,30,20,60,160,100,8,27,10189
20210928,18,140,20,30,50,141,98,0,2,10187
20210928,19,140,20,20,40,133,98,0,0,10185
20210928,20,140,30,30,50,128,99,0,0,10181
20210928,21,130,30,30,40,122,99,0,0,10175
20210928,22,140,30,30,60,124,101,0,0,10172
20210928,23,150,30,30,50,125,102,0,0,10166
20210928,24,160,30,30,50,124,100,0,0,10159
20210929,1,160,30,30,50,125,97,0,0,10150
20210929,2,150,30,30,50,124,99,0,0,10140
20210929,3,150,30,30,70,124,101,0,0,10132
20210929,4,170,30,40,60,128,100,0,0,10129
20210929,5,170,40,40,70,124,104,0,0,10124
20210929,6,170,30,30,60,124,106,0,1,10121
20210929,7,180,40,30,70,130,109,0,13,10122
20210929,8,210,40,40,70,125,116,0,13,10126
20210929,9,220,40,50,80,122,111,0,21,10127
20210929,10,230,40,40,100,120,110,0,29,10133
20210929,11,200,50,40,90,111,102,0,13,10137
20210929,12,260,30,20,80,129,112,0,62,10145
20210929,13,260,50,60,130,142,82,5,122,10149
20210929,14,290,70,70,140,132,76,8,150,10162
20210929,15,300,50,50,150,125,76,4,64,10173
20210929,16,260,50,40,150,112,80,0,18,10179
20210929,17,250,40,30,90,116,80,0,8,10187
20210929,18,240,40,30,100,106,82,0,1,10195
20210929,19,260,30,20,70,107,85,0,0,10202
20210929,20,230,30,30,90,95,82,0,0,10209
20210929,21,240,30,30,70,103,80,0,0,10215
20210929,22,230,30,30,50,100,81,0,0,10219
20210929,23,240,40,40,90,106,78,0,0,10223
20210929,24,230,30,30,70,97,77,0,0,10226
20210930,1,230,30,30,60,98,75,0,0,10230
20210930,2,230,30,30,50,95,74,0,0,10230
20210930,3,230,40,40,70,96,71,0,0,10231
20210930,4,230,30,30,50,95,69,0,0,10235
20210930,5,230,30,40,60,100,67,0,0,10239
20210930,6,210,30,30,50,95,71,0,2,10241
20210930,7,210,30,40,60,112,75,8,35,10243
20210930,8,220,40,40,80,118,81,8,74,10246
20210930,9,220,40,40,70,126,84,6,98,10246
20210930,10,220,50,60,100,137,78,5,104,10244
20210930,11,200,60,60,100,136,79,1,109,10243
20210930,12,200,60,60,100,137,67,0,101,10240
20210930,13,210,50,50,100,136,75,0,88,10234
20210930,14,190,50,50,90,139,78,0,52,10226
20210930,15,190,50,50,100,138,81,0,37,10218
20210930,16,190,50,50,90,136,80,0,26,10213
20210930,17,190,50,50,90,136,82,3,13,10209
20210930,18,190,50,50,90,136,72,0,1,10206
20210930,19,190,50,50,110,133,77,0,0,10203
20210930,20,190,50,50,100,132,78,0,0,10198
20210930,21,180,60,60,100,133,75,0,0,10192
20210930,22,190,60,60,110,130,73,0,0,10188
20210930,23,190,50,50,100,128,73,0,0,10183
20210930,24,190,50,40,100,126,73,0,0,10177
20211001,1,180,50,50,80,125,75,0,0,10171
20211001,2,180,40,50,100,123,77,0,0,10165
20211001,3,180,50,60,100,123,74,0,0,10156
20211001,4,180,50,50,100,120,74,0,0,10149
20211001,5,190,50,50,100,123,74,0,0,10147
20211001,6,180,50,50,90,119,72,0,1,10146
20211001,7,170,50,60,100,120,76,0,19,10143
20211001,8,180,60,60,110,132,81,2,52,10141
20211001,9,180,60,70,130,139,87,1,57,10139
20211001,10,180,70,60,140,141,94,0,76,10135
20211001,11,180,60,50,120,134,107,0,49,10132
20211001,12,180,50,60,110,151,111,0,56,10127
20211001,13,190,50,50,110,154,111,0,37,10126
20211001,14,200,50,50,100,154,116,0,35,10122
20211001,15,190,50,50,120,150,119,0,25,10119
20211001,16,190,40,40,90,142,126,0,9,10117
20211001,17,180,40,40,80,134,124,0,3,10117
20211001,18,180,50,50,100,131,125,0,1,10117
20211001,19,190,50,50,90,135,122,0,0,10114
20211001,20,190,50,40,80,136,124,0,0,10115
20211001,21,200,40,40,80,137,124,0,0,10116
20211001,22,210,40,30,80,137,127,0,0,10115
20211001,23,210,40,40,70,138,126,0,0,10114
20211001,24,210,30,30,60,137,128,0,0,10115
20211002,1,210,30,30,70,136,127,0,0,10111
20211002,2,210,30,30,50,133,126,0,0,10109
20211002,3,210,20,20,50,122,121,0,0,10105
20211002,4,220,20,30,40,125,122,0,0,10107
20211002,5,210,30,40,60,124,120,0,0,10106
20211002,6,190,30,30,50,123,117,0,1,10107
20211002,7,180,30,30,50,126,116,2,21,10107
20211002,8,180,30,30,60,132,116,4,62,10101
20211002,9,180,40,50,70,140,111,7,98,10098
20211002,10,180,50,50,90,142,113,7,134,10092
20211002,11,170,40,40,70,147,114,0,87,10082
20211002,12,180,40,50,90,157,116,1,70,10071
20211002,13,180,40,50,90,160,118,4,114,10057
20211002,14,170,40,40,80,158,117,0,43,10045
20211002,15,160,30,30,70,157,121,0,22,10033
20211002,16,150,30,40,80,155,111,0,13,10018
20211002,17,150,50,50,90,146,109,0,4,10004
20211002,18,140,60,60,100,138,116,0,0,9984
20211002,19,140,70,70,130,140,129,0,0,9961
20211002,20,160,80,70,140,149,136,0,0,9947
20211002,21,170,80,70,150,156,141,0,0,9940
20211002,22,180,80,80,140,164,143,0,0,9934
20211002,23,180,80,80,150,167,150,0,0,9934
20211002,24,190,70,50,130,164,155,0,0,9935
20211003,1,200,60,50,100,166,157,0,0,9937
20211003,2,200,60,40,120,150,145,0,0,9936
20211003,3,250,40,30,110,144,138,0,0,9940
20211003,4,210,30,20,70,135,128,0,0,9942
20211003,5,180,20,30,50,135,131,0,0,9944
20211003,6,260,20,20,50,128,122,0,1,9947
20211003,7,260,20,10,40,122,120,0,3,9954
20211003,8,260,10,10,30,123,119,0,12,9959
20211003,9,0,0,0,20,125,114,0,20,9960
20211003,10,990,0,10,40,131,120,0,35,9965
20211003,11,180,10,10,30,133,124,0,38,9968
20211003,12,260,20,20,40,130,122,0,33,9979
20211003,13,290,30,30,80,119,114,0,25,9990
20211003,14,260,30,20,60,125,109,0,45,10001
20211003,15,230,20,40,60,133,111,3,61,10014
20211003,16,220,40,40,70,133,110,2,36,10035
20211003,17,210,40,40,70,126,103,7,18,10046
20211003,18,190,40,40,80,120,102,0,1,10060
20211003,19,180,40,50,80,116,100,0,0,10074
20211003,20,190,50,50,90,120,102,0,0,10082
20211003,21,200,60,50,110,123,101,0,0,10091
20211003,22,200,50,60,100,124,98,0,0,10093
20211003,23,200,50,50,100,124,97,0,0,10099
20211003,24,210,50,40,90,121,96,0,0,10101
20211004,1,210,40,40,80,121,95,0,0,10107
20211004,2,200,40,30,80,119,95,0,0,10112
20211004,3,170,30,30,60,107,93,0,0,10111
20211004,4,170,30,30,60,106,92,0,0,10118
20211004,5,170,30,30,60,104,91,0,0,10124
20211004,6,180,50,50,80,108,91,0,1,10129
20211004,7,180,50,50,80,109,90,0,6,10135
20211004,8,180,50,50,90,127,97,8,67,10138
20211004,9,180,60,60,90,138,99,10,125,10138
20211004,10,180,60,80,110,150,101,10,164,10139
20211004,11,190,60,80,120,160,99,10,186,10138
20211004,12,190,60,70,120,168,94,10,183,10139
20211004,13,190,70,70,120,166,91,10,157,10136
20211004,14,190,70,80,130,168,92,8,117,10136
20211004,15,200,60,70,120,164,89,4,70,10137
20211004,16,190,50,40,110,166,98,10,66,10134
20211004,17,190,40,30,80,152,93,7,18,10134
20211004,18,170,30,30,60,145,93,0,0,10136
20211004,19,160,30,30,60,135,92,0,0,10134
20211004,20,150,30,30,50,123,93,0,0,10132
20211004,21,180,30,50,80,136,97,0,0,10129
20211004,22,160,40,30,70,127,95,0,0,10126
20211004,23,150,30,30,60,115,91,0,0,10118
20211004,24,150,30,30,50,115,89,0,0,10111
20211005,1,140,30,40,60,114,89,0,0,10105
20211005,2,150,40,40,60,106,83,0,0,10098
20211005,3,140,40,40,70,107,83,0,0,10088
20211005,4,140,40,40,70,109,85,0,0,10079
20211005,5,140,40,40,70,110,86,0,0,10072
20211005,6,140,40,40,80,108,85,0,1,10065
20211005,7,140,40,50,80,114,86,5,22,10061
20211005,8,140,50,60,90,127,91,10,72,10051
20211005,9,140,60,70,110,141,97,10,122,10041
20211005,10,150,70,80,130,155,103,10,161,10034
20211005,11,160,60,50,120,161,110,7,131,10029
20211005,12,170,60,60,130,162,107,0,42,10019
20211005,13,180,60,60,120,141,122,0,17,10018
20211005,14,170,50,60,90,136,123,0,15,10013
20211005,15,210,50,50,90,141,128,0,21,10017
20211005,16,220,40,50,90,148,110,10,80,10022
20211005,17,220,50,40,100,135,94,5,21,10027
20211005,18,210,40,30,80,126,90,0,0,10031
20211005,19,210,40,50,80,127,92,0,0,10037
20211005,20,220,50,40,100,120,96,0,0,10042
20211005,21,210,50,50,90,118,98,0,0,10047
20211005,22,200,50,50,100,114,98,0,0,10052
20211005,23,210,50,40,110,109,92,0,0,10056
20211005,24,200,50,50,100,107,94,0,0,10058
20211006,1,200,50,50,90,112,97,0,0,10059
20211006,2,220,50,30,120,109,99,0,0,10063
20211006,3,210,40,40,90,107,96,0,0,10064
20211006,4,210,40,50,80,103,94,0,0,10065
20211006,5,200,50,40,100,104,96,0,0,10063
20211006,6,210,50,50,100,109,105,0,1,10065
20211006,7,220,40,20,100,111,108,0,3,10073
20211006,8,220,40,50,90,116,110,0,8,10078
20211006,9,240,50,40,100,119,108,0,48,10090
20211006,10,220,30,30,80,131,124,4,82,10100
20211006,11,40,20,20,40,134,123,2,53,10110
20211006,12,300,20,10,50,133,114,0,42,10117
20211006,13,280,20,20,80,140,121,5,72,10125
20211006,14,290,40,40,90,159,122,8,123,10137
20211006,15,300,50,40,90,157,109,7,101,10149
20211006,16,290,30,30,80,146,110,0,20,10161
20211006,17,290,20,20,50,143,118,0,7,10175
20211006,18,280,20,20,50,135,114,0,0,10187
20211006,19,290,20,20,50,137,120,0,0,10195
20211006,20,280,20,10,40,133,126,0,0,10204
20211006,21,260,20,20,30,127,122,0,0,10210
20211006,22,260,20,20,30,108,106,0,0,10215
20211006,23,250,10,10,30,90,89,0,0,10223
20211006,24,280,10,10,20,79,79,0,0,10229
20211007,1,240,10,10,10,72,72,0,0,10232
20211007,2,0,10,0,30,66,66,0,0,10237
20211007,3,120,10,10,10,70,70,0,0,10243
20211007,4,80,10,20,30,67,67,0,0,10246
20211007,5,0,10,0,30,74,74,0,0,10253
20211007,6,0,10,0,30,75,72,0,1,10258
20211007,7,150,10,10,40,89,89,3,18,10265
20211007,8,110,10,10,30,112,109,5,58,10270
20211007,9,130,10,10,30,139,115,10,127,10274
20211007,10,140,20,30,40,124,115,8,146,10277
20211007,11,160,20,30,40,142,124,9,162,10280
20211007,12,170,30,30,40,144,123,10,179,10280
20211007,13,160,30,20,50,155,128,10,170,10279
20211007,14,150,30,30,50,154,124,10,140,10281
20211007,15,130,30,30,40,150,120,10,89,10282
20211007,16,140,30,30,40,145,115,10,57,10284
20211007,17,150,20,10,30,126,110,5,15,10288
20211007,18,140,10,10,30,100,94,0,0,10294
20211007,19,120,20,20,30,87,84,0,0,10298
20211007,20,120,20,10,30,85,82,0,0,10299
20211007,21,100,20,20,30,91,90,0,0,10302
20211007,22,120,20,20,30,88,88,0,0,10304
20211007,23,90,20,20,30,85,85,0,0,10307
20211007,24,100,20,20,30,83,83,0,0,10307
20211008,1,100,10,20,30,78,77,0,0,10308
20211008,2,80,10,10,30,74,74,0,0,10308
20211008,3,50,10,10,10,68,68,0,0,10308
20211008,4,30,10,10,20,64,64,0,0,10310
20211008,5,70,10,10,20,56,56,0,0,10311
20211008,6,60,10,10,10,55,55,0,1,10313
20211008,7,60,10,10,30,57,57,0,13,10317
20211008,8,50,10,10,20,76,73,3,57,10319
20211008,9,110,10,10,30,113,97,10,116,10320
20211008,10,90,20,20,30,142,114,10,149,10319
20211008,11,90,20,20,40,160,110,10,168,10318
20211008,12,90,30,30,50,168,101,10,182,10313
20211008,13,60,30,30,60,173,97,10,157,10308
20211008,14,60,30,30,60,171,92,7,118,10305
20211008,15,80,30,40,50,168,91,10,109,10303
20211008,16,80,30,30,50,159,101,10,61,10301
20211008,17,40,20,20,40,125,107,5,14,10302
20211008,18,30,20,20,30,100,94,0,0,10304
20211008,19,40,20,20,40,95,92,0,0,10306
20211008,20,40,20,30,40,107,96,0,0,10306
20211008,21,60,30,20,40,98,92,0,0,10305
20211008,22,50,20,30,40,95,89,0,0,10303
20211008,23,40,20,20,40,95,91,0,0,10301
20211008,24,80,10,20,30,75,72,0,0,10298
20211009,1,40,20,10,30,79,76,0,0,10297
20211009,2,50,20,20,30,85,82,0,0,10294
20211009,3,70,20,20,30,79,76,0,0,10293
20211009,4,60,20,20,30,76,73,0,0,10293
20211009,5,70,20,20,30,80,77,0,0,10291
20211009,6,70,20,20,30,74,71,0,0,10294
20211009,7,90,20,20,30,85,82,7,22,10297
20211009,8,90,30,30,50,94,86,10,67,10302
20211009,9,90,30,30,60,108,96,9,98,10303
20211009,10,90,40,30,60,120,96,10,153,10301
20211009,11,100,30,30,60,136,99,10,173,10300
20211009,12,90,20,20,40,148,99,10,179,10297
20211009,13,70,20,20,30,157,92,10,169,10294
20211009,14,100,20,20,40,161,94,10,143,10289
20211009,15,80,20,20,40,163,101,10,104,10286
20211009,16,70,20,20,30,152,100,10,55,10284
20211009,17,40,10,10,30,116,101,5,12,10285
20211009,18,70,10,20,30,88,86,0,0,10285
20211009,19,70,20,10,30,79,77,0,0,10286
20211009,20,60,10,10,30,66,64,0,0,10287
20211009,21,80,10,10,10,60,58,0,0,10287
20211009,22,40,10,10,20,52,51,0,0,10284
20211009,23,330,10,10,10,49,47,0,0,10284
20211009,24,20,10,10,10,41,40,0,0,10281
20211010,1,10,10,10,10,35,33,0,0,10280
20211010,2,0,0,0,10,33,33,0,0,10276
20211010,3,10,0,10,10,30,29,0,0,10275
20211010,4,0,10,0,10,26,25,0,0,10273
20211010,5,0,0,0,10,24,24,0,0,10272
20211010,6,990,0,10,20,27,26,0,1,10270
20211010,7,0,10,0,30,50,47,8,21,10271
20211010,8,0,0,0,10,74,71,2,46,10274
20211010,9,0,0,0,10,110,106,6,77,10275
20211010,10,280,10,10,30,130,102,4,96,10276
20211010,11,990,10,10,30,153,108,9,158,10276
20211010,12,300,20,20,50,151,98,6,138,10273
20211010,13,320,30,20,50,157,98,8,143,10271
20211010,14,310,20,10,50,154,98,6,103,10267
20211010,15,300,20,20,40,155,104,8,85,10263
20211010,16,320,10,10,30,139,123,0,25,10262
20211010,17,40,10,10,20,125,116,0,3,10263
20211010,18,260,10,10,20,121,118,0,0,10263
20211010,19,280,10,10,20,125,122,0,0,10263
20211010,20,290,20,20,40,131,126,0,0,10264
20211010,21,330,20,30,70,135,128,0,0,10266
20211010,22,330,20,20,60,131,125,0,0,10267
20211010,23,310,20,20,40,128,121,0,0,10266
20211010,24,290,10,20,30,111,108,0,0,10265
20211011,1,300,20,20,30,114,109,0,0,10265
20211011,2,300,20,20,30,104,98,0,0,10265
20211011,3,290,20,10,30,85,83,0,0,10263
20211011,4,270,20,20,30,77,74,0,0,10261
20211011,5,230,20,10,30,71,70,0,0,10260
20211011,6,240,10,10,30,75,71,0,0,10262
20211011,7,260,20,20,30,94,89,0,5,10264
20211011,8,270,20,20,30,117,101,0,29,10269
20211011,9,280,20,10,30,131,110,0,44,10271
20211011,10,300,20,20,40,146,113,1,73,10273
20211011,11,320,20,20,60,147,100,2,83,10271
20211011,12,320,30,30,60,159,94,8,150,10267
20211011,13,350,30,40,70,151,92,6,108,10266
20211011,14,300,30,30,80,158,85,8,111,10265
20211011,15,320,40,40,90,151,75,10,94,10264
20211011,16,300,30,30,70,138,84,5,30,10262
20211011,17,280,30,30,60,129,92,3,8,10263
20211011,18,270,30,20,50,122,98,0,0,10262
20211011,19,300,20,10,30,116,100,0,0,10261
20211011,20,260,10,10,30,107,97,0,0,10260
20211011,21,280,10,10,30,107,98,0,0,10259
20211011,22,330,20,20,50,111,93,0,0,10255
20211011,23,230,10,20,30,105,97,0,0,10249
20211011,24,250,10,20,30,106,95,0,0,10246
20211012,1,270,20,20,40,109,92,0,0,10241
20211012,2,260,20,20,50,107,92,0,0,10232
20211012,3,230,20,30,50,105,96,0,0,10224
20211012,4,230,20,30,50,103,97,0,0,10216
20211012,5,230,30,30,50,106,100,0,0,10210
20211012,6,230,20,20,40,107,104,0,1,10204
20211012,7,250,20,20,40,113,108,0,7,10202
20211012,8,260,20,20,40,125,112,0,31,10198
20211012,9,340,20,20,70,121,113,2,20,10200
20211012,10,310,20,20,60,130,118,4,60,10194
20211012,11,340,30,30,60,127,118,1,72,10194
20211012,12,10,40,40,70,136,104,5,125,10195
20211012,13,360,40,40,80,131,91,4,106,10195
20211012,14,360,50,40,100,136,55,9,111,10198
20211012,15,350,50,40,110,131,51,8,98,10201
20211012,16,340,40,30,90,125,57,10,55,10204
20211012,17,330,30,20,90,107,53,3,10,10211
20211012,18,320,20,20,40,78,56,0,0,10217
20211012,19,300,20,20,30,65,55,0,0,10221
20211012,20,270,20,20,30,50,47,0,0,10223
20211012,21,290,20,20,30,55,51,0,0,10227
20211012,22,280,20,20,30,60,56,0,0,10230
20211012,23,290,20,20,30,61,57,0,0,10229
20211012,24,280,10,20,30,44,41,0,0,10232
20211013,1,290,20,20,30,42,39,0,0,10234
20211013,2,280,10,20,30,40,37,0,0,10234
20211013,3,280,10,10,30,42,38,0,0,10235
20211013,4,260,20,10,30,49,46,0,0,10239
20211013,5,270,10,10,30,48,45,0,0,10241
20211013,6,270,10,10,30,54,50,0,0,10244
20211013,7,290,10,10,30,64,60,2,12,10249
20211013,8,270,20,20,30,105,88,2,45,10252
20211013,9,280,20,20,40,115,89,0,59,10256
20211013,10,300,20,30,50,131,81,5,113,10256
20211013,11,310,30,30,60,136,83,6,127,10258
20211013,12,300,30,30,70,134,86,1,77,10260
20211013,13,300,20,20,50,131,84,2,50,10258
20211013,14,300,20,20,60,136,77,1,48,10258
20211013,15,290,30,30,70,136,71,2,62,10260
20211013,16,280,30,30,60,129,74,0,19,10261
20211013,17,270,30,30,60,124,75,2,5,10261
20211013,18,260,20,30,50,123,76,0,0,10260
20211013,19,240,20,20,40,117,77,0,0,10263
20211013,20,230,30,30,50,117,80,0,0,10261
20211013,21,230,30,30,60,117,86,0,0,10260
20211013,22,220,30,30,50,119,88,0,0,10258
20211013,23,240,40,30,70,111,101,0,0,10256
20211013,24,230,30,30,50,113,104,0,0,10254
20211014,1,230,30,30,50,117,110,0,0,10250
20211014,2,230,30,30,60,120,114,0,0,10247
20211014,3,230,30,40,60,122,118,0,0,10243
20211014,4,220,30,30,50,122,117,0,0,10242
20211014,5,230,30,30,60,122,119,0,0,10242
20211014,6,230,30,20,50,126,123,0,0,10240
20211014,7,230,30,30,50,129,125,0,3,10239
20211014,8,220,30,30,50,132,126,0,9,10238
20211014,9,230,30,40,60,136,127,0,21,10238
20211014,10,230,30,40,60,145,129,2,68,10236
20211014,11,250,30,30,70,153,127,2,71,10233
20211014,12,270,40,40,80,154,112,1,54,10228
20211014,13,260,40,40,80,155,110,0,58,10222
20211014,14,260,40,40,80,155,105,3,60,10217
20211014,15,240,30,40,70,151,119,0,19,10211
20211014,16,230,40,30,70,150,110,3,24,10207
20211014,17,230,40,40,70,146,108,0,3,10202
20211014,18,220,40,50,80,142,111,0,0,10198
20211014,19,220,40,50,90,139,117,0,0,10193
20211014,20,230,40,40,80,137,116,0,0,10189
20211014,21,230,40,40,70,137,115,0,0,10186
20211014,22,220,50,50,90,135,112,0,0,10178
20211014,23,220,50,50,90,135,112,0,0,10170
20211014,24,220,50,60,90,133,111,0,0,10162
20211015,1,230,50,50,90,131,112,0,0,10156
20211015,2,220,50,40,100,131,114,0,0,10148
20211015,3,220,50,50,80,132,115,0,0,10141
20211015,4,220,50,50,80,134,117,0,0,10138
20211015,5,230,40,50,80,134,117,0,0,10137
20211015,6,270,40,40,80,132,120,0,0,10137
20211015,7,350,40,50,110,109,99,0,2,10153
20211015,8,320,30,20,90,110,104,0,16,10162
20211015,9,300,20,20,50,120,106,2,54,10169
20211015,10,340,30,40,70,138,90,10,137,10177
20211015,11,340,40,30,80,147,82,10,156,10182
20211015,12,330,40,30,90,123,74,4,80,10191
20211015,13,340,30,40,80,143,55,8,144,10193
20211015,14,360,40,50,80,137,58,10,135,10195
20211015,15,310,30,30,70,133,53,10,92,10199
20211015,16,350,30,20,60,127,53,10,45,10203
20211015,17,320,20,10,40,87,64,2,6,10208
20211015,18,330,10,10,30,60,56,0,0,10214
20211015,19,270,10,10,30,51,47,0,0,10216
20211015,20,0,0,0,20,49,45,0,0,10218
20211015,21,0,0,0,10,41,38,0,0,10220
20211015,22,0,0,0,10,43,39,0,0,10223
20211015,23,0,0,0,10,41,37,0,0,10223
20211015,24,0,0,0,10,56,52,0,0,10223
20211016,1,0,0,0,10,65,61,0,0,10222
20211016,2,0,0,0,10,69,65,0,0,10220
20211016,3,990,10,10,20,73,70,0,0,10220
20211016,4,230,10,20,30,79,72,0,0,10218
20211016,5,0,10,0,30,77,74,0,0,10218
20211016,6,110,10,10,20,79,75,0,0,10219
20211016,7,130,10,10,30,85,76,0,6,10220
20211016,8,190,10,10,30,97,78,0,23,10223
20211016,9,180,20,20,30,106,77,0,36,10224
20211016,10,200,20,20,30,117,71,0,67,10225
20211016,11,200,20,20,40,121,76,0,52,10225
20211016,12,200,30,30,50,124,72,0,77,10220
20211016,13,200,40,40,60,130,66,9,131,10216
20211016,14,200,40,40,70,136,51,10,127,10209
20211016,15,210,40,40,70,130,46,10,83,10210
20211016,16,210,30,30,60,122,54,8,32,10206
20211016,17,210,20,20,40,116,59,0,3,10207
20211016,18,200,20,20,30,108,69,0,0,10208
20211016,19,180,20,20,40,110,63,0,0,10207
20211016,20,200,30,20,50,109,55,0,0,10208
20211016,21,210,30,30,60,108,48,0,0,10206
20211016,22,210,20,20,50,104,52,0,0,10206
20211016,23,200,20,30,50,102,52,0,0,10203
20211016,24,200,20,20,40,100,53,0,0,10203
20211017,1,190,20,20,60,96,53,0,0,10200
20211017,2,210,30,30,60,88,52,0,0,10195
20211017,3,180,20,30,50,89,51,0,0,10194
20211017,4,220,40,40,60,101,54,0,0,10192
20211017,5,210,30,20,60,99,57,0,0,10193
20211017,6,180,20,20,40,96,58,0,0,10195
20211017,7,180,20,30,40,95,61,0,6,10199
20211017,8,180,20,30,40,99,65,0,22,10200
20211017,9,180,30,30,40,108,68,0,37,10200
20211017,10,180,30,40,50,117,71,5,69,10201
20211017,11,190,40,50,70,138,69,7,131,10200
20211017,12,200,40,30,70,140,68,2,96,10198
20211017,13,200,30,30,60,142,68,0,69,10195
20211017,14,200,40,30,70,143,63,0,55,10194
20211017,15,190,30,30,60,137,66,0,33,10196
20211017,16,180,30,30,50,132,70,0,18,10197
20211017,17,180,30,30,50,127,67,0,3,10202
20211017,18,160,20,20,50,118,73,0,0,10201
20211017,19,170,20,20,40,115,78,0,0,10204
20211017,20,180,30,30,40,109,76,0,0,10206
20211017,21,180,20,20,40,101,78,0,0,10210
20211017,22,170,30,30,50,107,76,0,0,10212
20211017,23,170,30,20,50,108,76,0,0,10213
20211017,24,160,20,20,30,98,75,0,0,10215
20211018,1,180,20,20,40,101,73,0,0,10218
20211018,2,160,20,20,40,88,68,0,0,10214
20211018,3,160,20,20,40,80,64,0,0,10211
20211018,4,170,20,20,40,76,63,0,0,10214
20211018,5,150,20,20,40,72,63,0,0,10215
20211018,6,150,20,10,30,70,62,0,0,10217
20211018,7,150,20,20,40,77,64,2,10,10219
20211018,8,160,20,20,40,89,73,0,37,10223
20211018,9,160,20,30,50,105,77,7,70,10220
20211018,10,160,30,30,60,117,79,4,86,10215
20211018,11,150,40,40,60,123,82,1,94,10211
20211018,12,160,40,40,70,131,86,5,107,10203
20211018,13,170,40,40,70,138,90,2,84,10201
20211018,14,160,30,30,60,140,95,1,65,10200
20211018,15,160,30,30,50,144,98,2,44,10196
20211018,16,150,30,30,50,136,101,8,24,10192
20211018,17,150,30,30,40,130,101,0,4,10190
20211018,18,160,30,30,50,128,99,0,0,10192
20211018,19,160,30,30,60,128,101,0,0,10190
20211018,20,160,30,30,50,130,105,0,0,10188
20211018,21,180,30,40,60,138,110,0,0,10187
20211018,22,170,30,30,60,138,111,0,0,10183
20211018,23,170,30,30,50,138,113,0,0,10182
20211018,24,180,30,30,50,136,115,0,0,10180
20211019,1,170,30,30,50,137,119,0,0,10178
20211019,2,170,30,30,60,135,130,0,0,10169
20211019,3,180,40,40,70,143,136,0,0,10164
20211019,4,180,40,40,80,142,139,0,0,10162
20211019,5,190,30,30,70,145,143,0,0,10162
20211019,6,190,40,30,70,146,143,0,0,10157
20211019,7,190,30,30,60,150,147,0,2,10158
20211019,8,190,40,40,60,154,151,0,8,10157
20211019,9,200,40,40,70,160,158,0,14,10156
20211019,10,200,40,50,90,164,162,0,16,10156
20211019,11,210,40,50,80,171,169,0,25,10154
20211019,12,220,50,60,110,178,172,0,28,10152
20211019,13,230,60,60,120,183,166,0,27,10149
20211019,14,230,60,60,120,193,159,4,76,10145
20211019,15,210,60,40,110,191,158,7,63,10139
20211019,16,200,50,40,90,182,157,7,25,10135
20211019,17,180,50,50,80,175,161,0,2,10129
20211019,18,190,50,60,100,173,160,0,0,10126
20211019,19,200,60,50,100,171,155,0,0,10125
20211019,20,190,50,50,100,168,151,0,0,10120
20211019,21,200,50,40,90,169,145,0,0,10118
20211019,22,190,40,40,80,161,140,0,0,10111
20211019,23,190,40,40,70,158,135,0,0,10103
20211019,24,190,30,40,60,154,128,0,0,10094
20211020,1,200,40,50,80,159,122,0,0,10085
20211020,2,200,50,50,90,154,119,0,0,10078
20211020,3,200,50,50,90,155,118,0,0,10070
20211020,4,200,50,40,90,157,119,0,0,10063
20211020,5,200,50,50,90,160,120,0,0,10055
20211020,6,200,50,50,90,159,124,0,0,10048
20211020,7,200,50,50,90,158,125,0,2,10047
20211020,8,180,50,60,100,150,133,0,7,10029
20211020,9,210,70,80,140,163,138,2,36,10028
20211020,10,210,70,70,150,166,140,0,37,10024
20211020,11,220,80,70,140,174,140,2,32,10022
20211020,12,220,70,70,140,174,141,0,25,10019
20211020,13,230,70,90,160,177,135,1,47,10012
20211020,14,230,70,60,150,179,139,4,72,10005
20211020,15,210,60,60,120,166,142,0,28,9997
20211020,16,220,60,60,120,162,130,2,12,9988
20211020,17,240,60,50,190,143,131,0,1,9987
20211020,18,220,50,40,110,142,127,0,0,9984
20211020,19,230,40,40,90,147,126,0,0,9979
20211020,20,220,50,40,100,147,121,0,0,9967
20211020,21,190,40,30,90,143,120,0,0,9956
20211020,22,160,20,20,60,135,123,0,0,9931
20211020,23,140,20,20,40,127,118,0,0,9908
20211020,24,180,40,80,130,145,132,0,0,9878
20211021,1,170,60,70,140,145,126,0,0,9850
20211021,2,220,80,80,230,121,92,0,0,9861
20211021,3,210,70,50,130,110,92,0,0,9853
20211021,4,210,50,50,110,115,98,0,0,9852
20211021,5,260,40,50,140,111,102,0,0,9866
20211021,6,300,70,50,200,103,89,0,0,9919
20211021,7,270,40,50,100,113,78,0,3,9945
20211021,8,260,60,70,130,115,70,0,21,9973
20211021,9,240,60,60,170,108,77,6,54,9989
20211021,10,250,50,60,110,112,88,2,46,10000
20211021,11,260,60,60,130,104,80,2,74,10011
20211021,12,260,50,30,120,94,79,0,33,10030
20211021,13,270,40,40,100,92,68,4,88,10044
20211021,14,270,30,20,110,104,74,5,56,10060
20211021,15,300,40,50,110,112,35,7,67,10074
20211021,16,300,50,60,120,102,36,10,30,10089
20211021,17,280,40,30,110,84,35,0,2,10097
20211021,18,270,20,20,60,82,36,0,0,10109
20211021,19,280,20,20,70,85,34,0,0,10120
20211021,20,250,20,20,60,80,40,0,0,10127
20211021,21,270,30,30,80,82,45,0,0,10135
20211021,22,270,30,30,70,79,46,0,0,10136
20211021,23,210,30,30,60,65,50,0,0,10137
20211021,24,230,30,40,70,74,46,0,0,10137
20211022,1,230,40,40,70,72,34,0,0,10136
20211022,2,230,40,40,70,75,28,0,0,10131
20211022,3,230,40,40,70,78,32,0,0,10126
20211022,4,230,40,40,70,77,51,0,0,10125
20211022,5,250,30,40,80,88,63,0,0,10128
20211022,6,240,40,50,100,95,56,0,0,10123
20211022,7,250,40,40,90,95,54,0,5,10124
20211022,8,240,40,40,90,102,51,2,27,10128
20211022,9,260,50,60,120,111,62,2,41,10132
20211022,10,270,60,60,120,107,74,0,40,10138
20211022,11,270,60,60,140,112,76,5,81,10144
20211022,12,270,60,60,140,127,76,7,121,10146
20211022,13,270,60,60,150,111,81,1,54,10153
20211022,14,270,50,40,120,103,87,2,39,10163
20211022,15,310,30,30,90,99,83,0,26,10175
20211022,16,290,20,20,70,99,84,7,20,10183
20211022,17,280,20,10,70,83,67,0,4,10192
20211022,18,260,20,20,30,71,63,0,0,10201
20211022,19,260,20,20,30,58,54,0,0,10209
20211022,20,260,20,20,40,75,61,0,0,10214
20211022,21,260,20,10,30,67,54,0,0,10222
20211022,22,230,20,10,30,38,37,0,0,10229
20211022,23,250,20,20,30,27,26,0,0,10233
20211022,24,260,20,20,40,34,30,0,0,10242
20211023,1,210,20,20,30,36,33,0,0,10243
20211023,2,230,20,20,30,26,23,0,0,10241
20211023,3,990,10,10,30,21,18,0,0,10244
20211023,4,180,10,10,30,14,13,0,0,10249
20211023,5,150,10,10,10,13,12,0,0,10250
20211023,6,190,10,10,30,16,13,0,0,10255
20211023,7,140,10,10,30,34,31,0,5,10262
20211023,8,130,10,20,30,64,61,0,18,10269
20211023,9,150,10,20,30,79,76,0,28,10272
20211023,10,170,20,30,40,95,89,0,46,10273
20211023,11,180,20,20,40,108,91,0,43,10275
20211023,12,190,30,30,50,115,83,0,50,10275
20211023,13,190,30,30,50,118,84,0,45,10273
20211023,14,190,30,20,50,119,87,0,34,10271
20211023,15,160,20,20,40,119,93,0,26,10270
20211023,16,140,20,20,30,114,92,0,7,10269
20211023,17,150,20,20,30,109,89,0,2,10270
20211023,18,160,20,20,40,100,83,0,0,10272
20211023,19,150,20,20,40,89,77,0,0,10273
20211023,20,150,20,30,40,79,70,0,0,10272
20211023,21,140,30,30,40,74,66,0,0,10273
20211023,22,140,30,30,40,71,64,0,0,10273
20211023,23,150,20,20,40,67,61,0,0,10271
20211023,24,150,20,30,40,63,58,0,0,10269
20211024,1,150,20,20,40,61,57,0,0,10266
20211024,2,150,20,20,40,56,52,0,0,10262
20211024,3,150,20,30,40,50,47,0,0,10257
20211024,4,150,20,30,40,46,43,0,0,10254
20211024,5,150,30,30,40,44,41,0,0,10252
20211024,6,140,30,30,40,42,38,0,0,10246
20211024,7,150,30,30,50,47,41,2,7,10243
20211024,8,140,30,30,50,64,48,10,44,10241
20211024,9,150,30,30,70,81,52,10,89,10237
20211024,10,150,40,40,60,96,58,10,126,10231
20211024,11,150,40,40,70,108,55,10,147,10228
20211024,12,170,40,40,70,121,64,10,153,10223
20211024,13,170,40,40,70,125,62,10,143,10217
20211024,14,160,30,30,60,129,61,10,117,10209
20211024,15,150,40,40,70,125,66,10,78,10201
20211024,16,150,30,30,60,111,64,8,32,10195
20211024,17,140,20,20,50,91,61,0,2,10195
20211024,18,160,30,30,40,85,58,0,0,10193
20211024,19,160,20,30,40,81,56,0,0,10190
20211024,20,170,20,30,40,73,55,0,0,10188
20211024,21,160,30,20,40,60,48,0,0,10187
20211024,22,170,20,30,40,68,54,0,0,10187
20211024,23,180,30,30,40,70,54,0,0,10185
20211024,24,180,30,30,50,66,52,0,0,10184
20211025,1,170,30,30,50,71,57,0,0,10181
20211025,2,180,40,40,70,79,62,0,0,10179
20211025,3,170,30,30,50,82,65,0,0,10173
20211025,4,160,30,30,50,84,70,0,0,10172
20211025,5,180,30,30,50,88,75,0,0,10172
20211025,6,180,30,30,50,89,85,0,0,10168
20211025,7,180,30,30,60,92,86,0,3,10170
20211025,8,180,30,30,50,96,90,0,7,10172
20211025,9,200,30,40,60,97,90,0,13,10172
20211025,10,190,30,30,60,103,95,0,31,10169
20211025,11,210,40,40,60,111,101,0,51,10170
20211025,12,210,30,30,60,117,107,0,40,10169
20211025,13,200,30,20,50,124,106,0,33,10165
20211025,14,200,20,20,40,127,110,0,27,10162
20211025,15,190,20,20,40,128,111,0,11,10159
20211025,16,180,30,20,40,130,110,0,10,10158
20211025,17,210,20,20,40,128,111,0,1,10160
20211025,18,200,30,30,60,127,109,0,0,10161
20211025,19,200,30,40,70,123,106,0,0,10164
20211025,20,200,40,40,80,121,105,0,0,10165
20211025,21,200,40,40,70,113,102,0,0,10167
20211025,22,200,40,40,70,116,104,0,0,10168
20211025,23,210,40,40,70,118,105,0,0,10168
20211025,24,210,40,40,70,115,105,0,0,10168
20211026,1,220,40,40,70,118,108,0,0,10173
20211026,2,230,30,30,60,118,111,0,0,10173
20211026,3,220,30,40,70,111,104,0,0,10176
20211026,4,220,40,40,70,109,104,0,0,10176
20211026,5,220,40,40,70,106,102,0,0,10180
20211026,6,210,40,30,70,104,99,0,0,10185
20211026,7,210,30,30,60,99,95,0,4,10189
20211026,8,200,30,40,60,111,100,8,45,10191
20211026,9,200,40,40,70,116,102,3,54,10193
20211026,10,190,40,40,80,117,103,0,56,10193
20211026,11,190,40,30,70,118,111,0,38,10193
20211026,12,200,40,40,60,129,113,2,49,10190
20211026,13,220,40,50,90,138,112,0,39,10188
20211026,14,230,50,40,100,145,110,3,46,10189
20211026,15,230,50,50,110,143,98,2,36,10192
20211026,16,220,50,40,100,141,97,7,15,10194
20211026,17,200,40,50,70,138,108,0,2,10197
20211026,18,200,50,50,80,138,108,0,0,10198
20211026,19,210,50,40,90,136,110,0,0,10199
20211026,20,210,40,40,80,136,115,0,0,10201
20211026,21,210,40,40,80,135,118,0,0,10203
20211026,22,210,40,40,80,136,120,0,0,10205
20211026,23,210,40,40,70,137,122,0,0,10204
20211026,24,210,40,50,80,138,124,0,0,10206
20211027,1,220,50,50,90,142,125,0,0,10205
20211027,2,220,50,50,90,139,128,0,0,10204
20211027,3,220,50,40,90,141,124,0,0,10202
20211027,4,220,40,50,90,139,123,0,0,10206
20211027,5,220,50,60,90,141,119,0,0,10206
20211027,6,220,50,40,100,141,118,0,0,10207
20211027,7,210,40,50,80,140,116,0,2,10211
20211027,8,210,40,50,90,141,117,0,9,10216
20211027,9,200,50,50,100,143,118,7,71,10217
20211027,10,210,50,60,100,149,119,7,90,10220
20211027,11,210,50,40,90,155,121,0,57,10223
20211027,12,220,60,50,130,161,115,1,53,10217
20211027,13,220,60,60,110,155,112,8,102,10211
20211027,14,220,60,70,110,150,108,1,59,10209
20211027,15,210,50,50,100,148,110,8,59,10207
20211027,16,210,40,40,70,140,102,8,23,10206
20211027,17,210,30,30,60,125,100,0,1,10205
20211027,18,200,20,20,40,114,99,0,0,10205
20211027,19,200,30,30,50,116,102,0,0,10204
20211027,20,180,20,20,40,107,97,0,0,10204
20211027,21,180,30,30,50,111,99,0,0,10201
20211027,22,170,30,40,60,112,100,0,0,10200
20211027,23,180,40,30,60,109,99,0,0,10196
20211027,24,180,40,40,60,106,97,0,0,10194
20211028,1,170,30,30,60,101,93,0,0,10191
20211028,2,160,30,20,50,93,88,0,0,10188
20211028,3,160,20,20,40,83,80,0,0,10183
20211028,4,160,30,30,50,83,80,0,0,10177
20211028,5,150,30,30,50,81,76,0,0,10175
20211028,6,150,30,30,50,77,74,0,0,10174
20211028,7,150,30,30,40,77,72,0,4,10172
20211028,8,150,30,30,40,94,83,10,37,10170
20211028,9,150,40,40,70,107,89,10,79,10164
20211028,10,150,40,40,70,127,101,10,114,10156
20211028,11,150,50,50,80,141,104,10,136,10149
20211028,12,170,50,40,90,157,103,10,142,10141
20211028,13,180,60,60,100,161,96,10,131,10133
20211028,14,170,50,50,90,162,94,10,105,10126
20211028,15,170,50,50,90,158,94,10,67,10122
20211028,16,170,40,40,80,146,92,7,25,10119
20211028,17,160,30,30,60,124,87,0,1,10114
20211028,18,150,30,30,50,118,85,0,0,10112
20211028,19,160,30,30,50,116,87,0,0,10110
20211028,20,150,30,30,50,110,85,0,0,10107
20211028,21,150,30,30,60,111,84,0,0,10103
20211028,22,150,30,40,60,109,80,0,0,10101
20211028,23,150,40,40,70,106,75,0,0,10098
20211028,24,150,40,40,70,96,71,0,0,10089
20211029,1,150,40,40,60,95,69,0,0,10087
20211029,2,150,40,40,80,94,68,0,0,10083
20211029,3,150,40,40,70,94,69,0,0,10077
20211029,4,150,40,40,80,96,69,0,0,10073
20211029,5,150,40,40,70,94,69,0,0,10070
20211029,6,160,40,40,70,96,70,0,0,10066
20211029,7,150,40,40,70,102,73,0,4,10065
20211029,8,150,40,40,70,114,79,10,32,10063
20211029,9,140,50,50,90,129,85,5,62,10057
20211029,10,150,60,60,110,142,88,9,101,10053
20211029,11,150,60,60,110,146,95,3,82,10046
20211029,12,160,60,60,100,166,97,10,133,10036
20211029,13,170,60,60,110,175,99,10,125,10029
20211029,14,180,70,70,120,177,101,10,94,10026
20211029,15,180,60,60,110,171,101,0,26,10030
20211029,16,190,50,50,100,164,105,0,5,10033
20211029,17,200,60,60,120,151,108,0,0,10038
20211029,18,200,60,50,120,144,110,0,0,10046
20211029,19,190,40,40,90,141,110,0,0,10048
20211029,20,180,40,40,70,141,112,0,0,10054
20211029,21,180,50,50,80,139,114,0,0,10056
20211029,22,190,40,40,80,133,110,0,0,10057
20211029,23,170,40,30,70,124,108,0,0,10056
20211029,24,170,30,30,50,112,102,0,0,10050
20211030,1,150,30,30,50,106,100,0,0,10050
20211030,2,140,30,20,50,109,103,0,0,10042
20211030,3,140,30,30,50,109,105,0,0,10034
20211030,4,150,30,30,60,110,104,0,0,10028
20211030,5,130,30,30,60,115,108,0,0,10019
20211030,6,140,40,50,80,119,109,0,0,10013
20211030,7,140,50,50,80,116,109,0,1,10010
20211030,8,150,50,40,90,116,110,0,5,10005
20211030,9,150,50,40,90,120,112,0,9,10002
20211030,10,160,50,50,90,123,115,0,11,9999
20211030,11,160,50,50,90,126,118,0,13,9994
20211030,12,160,50,50,90,132,121,0,32,9988
20211030,13,160,50,50,100,137,120,0,27,9983
20211030,14,170,60,50,120,140,118,0,14,9983
20211030,15,180,50,50,90,138,120,0,15,9986
20211030,16,210,40,50,90,133,126,0,3,9991
20211030,17,200,40,40,80,130,122,0,1,10000
20211030,18,210,40,40,80,126,119,0,0,10009
20211030,19,200,30,20,60,119,107,0,0,10015
20211030,20,190,30,30,60,118,110,0,0,10024
20211030,21,210,30,30,70,119,111,0,0,10033
20211030,22,210,30,30,60,113,106,0,0,10040
20211030,23,210,30,30,50,109,102,0,0,10048
20211030,24,190,30,20,50,102,97,0,0,10052
20211031,1,170,20,20,50,97,93,0,0,10055
20211031,2,180,30,30,50,100,95,0,0,10056
20211031,3,180,30,30,60,99,93,0,0,10056
20211031,4,160,30,30,60,95,90,0,0,10054
20211031,5,160,30,30,50,89,86,0,0,10052
20211031,6,150,30,30,40,86,83,0,0,10048
20211031,7,150,30,30,50,87,84,0,2,10042
20211031,8,150,30,40,60,96,91,0,19,10037
20211031,9,150,40,40,80,114,100,3,58,10028
20211031,10,160,40,40,90,124,101,8,84,10019
20211031,11,150,50,50,100,133,102,7,84,10007
20211031,12,150,50,40,90,132,102,0,36,9996
20211031,13,140,50,40,80,138,105,0,30,9982
20211031,14,140,50,50,100,145,112,0,23,9963
20211031,15,160,50,40,80,145,124,0,13,9952
20211031,16,160,40,50,90,144,131,0,3,9940
20211031,17,170,50,70,140,147,134,0,1,9933
20211031,18,260,60,60,160,121,97,0,0,9942
20211031,19,220,40,40,130,120,107,0,0,9946
20211031,20,210,40,40,80,116,103,0,0,9951
20211031,21,200,50,60,90,115,96,0,0,9956
20211031,22,190,50,50,90,110,92,0,0,9963
20211031,23,190,50,50,90,105,91,0,0,9966
20211031,24,180,50,50,90,100,85,0,0,9969
20211101,1,180,50,50,90,99,79,0,0,9967
20211101,2,180,50,60,90,97,73,0,0,9962
20211101,3,190,60,60,90,96,72,0,0,9962
20211101,4,180,60,50,100,93,72,0,0,9960
20211101,5,190,60,60,110,92,72,0,0,9960
20211101,6,190,50,60,100,90,70,0,0,9962
20211101,7,190,50,50,110,91,70,0,2,9968
20211101,8,190,50,50,100,96,72,2,17,9973
20211101,9,200,60,70,120,103,71,3,52,9973
20211101,10,200,70,80,140,113,72,10,97,9974
20211101,11,210,70,80,140,121,71,10,124,9975
20211101,12,200,70,60,130,123,74,10,121,9976
20211101,13,200,70,70,130,127,71,10,111,9974
20211101,14,210,70,70,130,123,71,6,73,9975
20211101,15,190,60,50,120,118,72,0,28,9976
20211101,16,200,50,40,120,93,72,0,3,9979
20211101,17,190,40,40,80,91,72,0,0,9981
20211101,18,190,30,30,70,85,68,0,0,9984
20211101,19,170,30,30,70,79,65,0,0,9987
20211101,20,190,30,30,60,78,64,0,0,9989
20211101,21,170,30,30,60,72,59,0,0,9987
20211101,22,170,30,30,50,67,56,0,0,9986
20211101,23,170,20,30,40,60,55,0,0,9985
20211101,24,170,30,30,40,60,54,0,0,9985
20211102,1,170,30,30,50,57,52,0,0,9984
20211102,2,170,30,30,50,57,52,0,0,9984
20211102,3,170,30,30,60,58,52,0,0,9979
20211102,4,180,30,30,50,56,51,0,0,9982
20211102,5,170,30,30,50,56,50,0,0,9983
20211102,6,160,20,30,40,56,53,0,0,9984
20211102,7,160,20,20,40,61,56,0,3,9985
20211102,8,160,30,30,40,67,61,0,12,9986
20211102,9,180,30,40,60,75,68,0,23,9987
20211102,10,190,30,30,50,79,71,0,18,9988
20211102,11,170,30,30,50,86,76,0,30,9988
20211102,12,170,30,30,50,91,81,0,40,9984
20211102,13,150,30,30,50,95,81,0,37,9981
20211102,14,210,30,20,60,97,75,0,39,9981
20211102,15,220,30,30,50,89,76,0,15,9983
20211102,16,260,30,30,70,88,70,0,5,9988
20211102,17,260,30,30,60,86,65,0,0,9992
20211102,18,250,20,20,50,81,61,0,0,9999
20211102,19,230,30,30,60,82,50,0,0,9999
20211102,20,230,30,20,50,79,55,0,0,10005
20211102,21,120,10,10,40,58,52,0,0,10010
20211102,22,110,10,10,30,50,46,0,0,10006
20211102,23,150,10,20,30,36,33,0,0,10005
20211102,24,140,10,20,30,29,28,0,0,10006
20211103,1,140,20,20,30,18,16,0,0,10006
20211103,2,990,10,10,30,37,37,0,0,10007
20211103,3,130,10,10,30,29,29,0,0,9999
20211103,4,160,10,30,40,24,21,0,0,10004
20211103,5,150,20,20,60,32,32,0,0,10008
20211103,6,130,20,10,30,29,29,0,0,10009
20211103,7,0,10,0,10,26,26,0,1,10009
20211103,8,150,10,10,30,24,23,0,12,10013
20211103,9,0,10,0,20,37,37,0,43,10014
20211103,10,150,10,10,30,51,50,2,70,10018
20211103,11,150,10,10,30,53,52,0,48,10018
20211103,12,0,10,0,20,61,58,0,51,10015
20211103,13,990,0,10,10,78,64,2,63,10013
20211103,14,0,0,0,10,87,67,3,58,10014
20211103,15,990,0,10,10,89,73,7,41,10016
20211103,16,10,10,10,30,76,70,3,11,10018
20211103,17,40,20,20,30,65,64,0,0,10023
20211103,18,90,10,10,30,65,65,0,0,10028
20211103,19,90,10,10,30,60,60,0,0,10031
20211103,20,80,10,20,30,56,56,0,0,10034
20211103,21,260,10,10,40,56,55,0,0,10037
20211103,22,0,10,0,20,54,54,0,0,10038
20211103,23,320,10,10,20,51,50,0,0,10039
20211103,24,110,0,10,10,50,50,0,0,10041
20211104,1,0,0,0,10,52,51,0,0,10039
20211104,2,0,0,0,10,47,47,0,0,10037
20211104,3,230,10,10,20,39,39,0,0,10036
20211104,4,200,10,10,30,40,40,0,0,10040
20211104,5,0,10,0,30,32,31,0,0,10042
20211104,6,240,10,20,30,35,32,0,0,10042
20211104,7,210,20,10,60,49,46,0,1,10048
20211104,8,220,10,20,30,54,51,0,12,10049
20211104,9,990,10,10,30,67,59,0,31,10054
20211104,10,200,10,20,30,78,73,0,38,10055
20211104,11,120,20,20,30,83,78,0,34,10060
20211104,12,60,10,20,30,89,79,0,41,10066
20211104,13,110,10,10,30,99,83,5,67,10072
20211104,14,20,10,10,30,108,75,10,91,10074
20211104,15,300,20,20,30,104,77,8,47,10081
20211104,16,330,20,10,30,76,68,2,6,10088
20211104,17,270,10,20,30,61,57,0,0,10096
20211104,18,310,10,10,30,47,46,0,0,10105
20211104,19,310,20,20,30,51,48,0,0,10116
20211104,20,320,10,10,30,35,33,0,0,10123
20211104,21,310,10,20,30,34,33,0,0,10132
20211104,22,310,10,10,30,34,31,0,0,10138
20211104,23,310,20,20,30,36,33,0,0,10145
20211104,24,290,20,20,30,36,33,0,0,10153
20211105,1,280,20,20,30,39,36,0,0,10157
20211105,2,280,20,20,30,39,36,0,0,10163
20211105,3,270,20,20,30,34,33,0,0,10166
20211105,4,270,20,20,30,18,17,0,0,10175
20211105,5,230,20,10,30,9,9,0,0,10182
20211105,6,230,20,20,30,15,15,0,0,10190
20211105,7,230,20,20,30,28,25,0,1,10198
20211105,8,260,20,20,30,68,64,8,28,10208
20211105,9,260,20,20,30,90,78,7,54,10216
20211105,10,270,20,20,30,111,86,9,83,10224
20211105,11,290,30,30,50,121,89,7,92,10229
20211105,12,340,30,40,70,110,82,2,59,10236
20211105,13,320,20,20,60,115,84,2,63,10238
20211105,14,270,20,20,50,124,74,5,54,10240
20211105,15,300,30,30,70,121,61,10,54,10243
20211105,16,280,30,20,60,109,57,5,20,10250
20211105,17,250,20,20,40,103,68,0,0,10257
20211105,18,260,20,30,60,98,61,0,0,10261
20211105,19,240,30,20,50,87,58,0,0,10265
20211105,20,240,30,30,60,84,53,0,0,10268
20211105,21,240,30,30,50,87,53,0,0,10271
20211105,22,220,30,20,50,85,55,0,0,10271
20211105,23,220,30,30,40,83,55,0,0,10270
20211105,24,210,30,30,50,81,56,0,0,10270
20211106,1,220,40,40,70,81,56,0,0,10270
20211106,2,210,40,40,70,82,58,0,0,10267
20211106,3,220,40,40,80,77,62,0,0,10267
20211106,4,220,40,50,80,77,60,0,0,10264
20211106,5,220,40,40,80,75,61,0,0,10264
20211106,6,220,50,50,80,80,65,0,0,10263
20211106,7,210,40,40,70,83,69,0,0,10264
20211106,8,210,40,40,70,86,69,0,9,10265
20211106,9,210,40,40,90,93,68,0,28,10264
20211106,10,210,40,40,80,100,71,0,39,10262
20211106,11,210,50,50,100,101,70,0,29,10259
20211106,12,210,50,50,90,109,79,0,48,10249
20211106,13,210,50,50,110,113,82,0,47,10241
20211106,14,220,60,50,100,113,83,0,21,10232
20211106,15,220,60,60,110,112,81,0,7,10225
20211106,16,220,60,60,100,109,83,0,2,10221
20211106,17,210,60,60,120,106,85,0,0,10210
20211106,18,210,60,60,110,105,85,0,0,10203
20211106,19,220,60,60,120,108,87,0,0,10197
20211106,20,220,60,60,120,108,88,0,0,10189
20211106,21,210,60,60,110,106,87,0,0,10178
20211106,22,230,70,70,130,105,94,0,0,10176
20211106,23,220,70,60,130,100,96,0,0,10171
20211106,24,220,60,50,110,103,99,0,0,10165
20211107,1,220,60,60,110,109,102,0,0,10157
20211107,2,220,50,50,100,113,106,0,0,10151
20211107,3,270,40,40,80,119,105,0,0,10148
20211107,4,260,50,40,100,110,77,0,0,10146
20211107,5,270,40,30,80,107,61,0,0,10144
20211107,6,260,30,30,70,100,61,0,0,10147
20211107,7,270,40,40,80,99,57,0,1,10150
20211107,8,260,40,40,80,107,59,7,25,10153
20211107,9,260,40,50,80,115,65,7,56,10154
20211107,10,270,50,50,110,118,59,10,78,10155
20211107,11,270,60,50,120,121,60,9,104,10154
20211107,12,260,50,40,150,99,74,1,32,10154
20211107,13,270,40,40,100,107,75,6,52,10154
20211107,14,280,40,40,90,120,62,8,83,10154
20211107,15,300,40,40,110,94,59,3,27,10160
20211107,16,270,30,40,90,95,58,0,5,10164
20211107,17,310,30,30,80,93,52,0,0,10171
20211107,18,280,30,40,80,93,42,0,0,10170
20211107,19,270,30,30,70,86,50,0,0,10174
20211107,20,240,20,20,50,76,51,0,0,10178
20211107,21,260,20,20,50,77,55,0,0,10184
20211107,22,250,20,20,40,75,57,0,0,10192
20211107,23,230,20,20,50,75,59,0,0,10192
20211107,24,240,20,20,40,70,60,0,0,10196
20211108,1,230,20,20,50,69,59,0,0,10198
20211108,2,230,20,20,30,59,51,0,0,10200
20211108,3,230,20,20,30,35,33,0,0,10198
20211108,4,220,20,20,50,64,54,0,0,10202
20211108,5,220,20,20,30,64,55,0,0,10206
20211108,6,220,20,20,30,58,53,0,0,10208
20211108,7,210,20,20,30,65,56,0,1,10212
20211108,8,220,20,30,40,80,64,0,13,10219
20211108,9,230,20,20,40,92,65,0,21,10222
20211108,10,220,30,30,40,106,70,4,66,10225
20211108,11,230,20,30,50,108,74,1,63,10226
20211108,12,250,30,30,50,121,72,9,95,10226
20211108,13,260,30,30,70,120,66,6,64,10223
20211108,14,280,30,30,50,118,66,0,37,10225
20211108,15,270,20,20,50,112,68,0,14,10228
20211108,16,280,20,10,30,107,71,0,5,10231
20211108,17,210,20,20,30,100,74,0,0,10233
20211108,18,210,20,20,30,97,73,0,0,10240
20211108,19,230,20,20,30,91,65,0,0,10242
20211108,20,210,20,20,40,81,60,0,0,10244
20211108,21,210,20,20,40,65,54,0,0,10245
20211108,22,180,20,10,30,43,41,0,0,10248
20211108,23,160,10,20,30,39,36,0,0,10247
20211108,24,170,20,10,30,40,37,0,0,10249
20211109,1,180,10,10,30,38,36,0,0,10248
20211109,2,150,20,20,30,35,32,0,0,10248
20211109,3,170,30,30,40,48,40,0,0,10245
20211109,4,170,20,30,40,45,37,0,0,10248
20211109,5,170,30,30,40,43,36,0,0,10249
20211109,6,170,30,30,50,45,37,0,0,10252
20211109,7,180,30,30,60,48,41,0,1,10257
20211109,8,180,30,30,50,62,48,3,15,10261
20211109,9,170,30,30,50,73,56,0,23,10262
20211109,10,190,30,30,60,85,64,0,45,10262
20211109,11,200,30,30,60,95,71,0,51,10262
20211109,12,190,40,40,70,100,76,0,53,10261
20211109,13,190,40,40,70,111,81,2,54,10254
20211109,14,190,40,40,60,111,77,0,38,10252
20211109,15,190,30,30,60,110,76,2,18,10252
20211109,16,190,40,40,70,109,74,0,6,10250
20211109,17,210,30,20,60,107,76,0,0,10255
20211109,18,190,30,30,60,106,75,0,0,10257
20211109,19,200,30,30,70,102,78,0,0,10258
20211109,20,200,30,30,60,102,76,0,0,10255
20211109,21,200,20,20,40,95,75,0,0,10249
20211109,22,170,20,20,30,97,73,0,0,10249
20211109,23,180,30,30,40,98,67,0,0,10250
20211109,24,190,20,30,40,97,65,0,0,10251
20211110,1,190,20,20,40,97,67,0,0,10246
20211110,2,130,10,10,30,79,65,0,0,10237
20211110,3,160,20,20,50,79,62,0,0,10239
20211110,4,150,30,30,50,70,52,0,0,10237
20211110,5,160,20,20,40,67,51,0,0,10239
20211110,6,170,20,20,50,70,51,0,0,10240
20211110,7,180,20,20,40,68,44,0,1,10241
20211110,8,990,20,10,40,73,47,0,9,10242
20211110,9,190,20,20,50,77,47,0,16,10243
20211110,10,190,20,10,40,91,53,0,31,10243
20211110,11,200,20,30,40,96,53,0,38,10243
20211110,12,210,10,10,30,100,58,0,31,10240
20211110,13,180,20,20,30,101,60,0,23,10238
20211110,14,210,20,20,30,101,66,0,15,10236
20211110,15,180,20,20,40,101,67,0,8,10238
20211110,16,180,20,20,40,103,65,0,2,10239
20211110,17,180,20,40,50,103,70,0,0,10239
20211110,18,170,20,20,40,102,70,0,0,10243
20211110,19,190,20,20,30,100,70,0,0,10246
20211110,20,170,10,20,30,96,72,0,0,10244
20211110,21,200,20,20,30,95,72,0,0,10242
20211110,22,150,20,20,30,90,71,0,0,10243
20211110,23,190,10,10,30,91,69,0,0,10244
20211110,24,180,10,20,30,90,68,0,0,10240
20211111,1,150,20,10,30,88,69,0,0,10238
20211111,2,160,20,10,30,88,69,0,0,10235
20211111,3,160,20,20,30,88,68,0,0,10234
20211111,4,170,20,20,30,85,67,0,0,10234
20211111,5,170,20,20,40,85,67,0,0,10235
20211111,6,150,20,20,30,83,70,0,0,10236
20211111,7,200,20,10,30,86,66,0,0,10240
20211111,8,180,20,20,30,90,67,0,8,10243
20211111,9,190,20,20,30,92,68,0,13,10243
20211111,10,180,20,20,30,98,74,0,25,10246
20211111,11,190,20,20,40,104,82,0,28,10244
20211111,12,200,20,20,40,108,89,0,32,10241
20211111,13,210,20,30,40,108,95,0,26,10239
20211111,14,210,30,30,60,108,96,0,22,10237
20211111,15,210,30,20,50,109,91,2,18,10235
20211111,16,180,20,20,30,107,90,3,6,10234
20211111,17,170,20,20,30,107,92,0,0,10235
20211111,18,170,20,10,40,105,92,0,0,10237
20211111,19,170,20,30,50,105,86,0,0,10236
20211111,20,190,30,20,50,103,83,0,0,10233
20211111,21,180,30,30,40,101,80,0,0,10233
20211111,22,170,20,30,40,96,78,0,0,10229
20211111,23,170,30,30,40,94,74,0,0,10227
20211111,24,160,20,20,40,91,72,0,0,10223
20211112,1,160,20,20,40,90,70,0,0,10218
20211112,2,150,20,20,40,88,70,0,0,10213
20211112,3,160,20,20,40,85,69,0,0,10208
20211112,4,150,30,30,60,78,64,0,0,10200
20211112,5,160,30,20,60,63,50,0,0,10191
20211112,6,150,30,30,50,51,38,0,0,10188
20211112,7,140,30,30,60,42,32,0,0,10181
20211112,8,160,30,30,60,42,41,0,6,10180
20211112,9,180,30,40,60,47,47,0,16,10172
20211112,10,160,40,40,70,48,46,0,31,10166
20211112,11,170,40,40,80,52,44,0,50,10161
20211112,12,170,40,40,70,72,47,7,79,10148
20211112,13,160,40,40,70,83,48,2,50,10139
20211112,14,150,40,40,70,82,49,0,27,10128
20211112,15,150,40,40,70,79,52,7,25,10122
20211112,16,160,40,40,70,76,52,2,7,10115
20211112,17,170,30,30,60,79,58,0,1,10116
20211112,18,190,40,60,100,91,65,0,0,10110
20211112,19,190,40,40,70,88,67,0,0,10108
20211112,20,180,40,50,70,86,65,0,0,10103
20211112,21,190,40,50,80,88,62,0,0,10098
20211112,22,190,50,50,80,94,69,0,0,10094
20211112,23,190,50,50,90,90,81,0,0,10090
20211112,24,200,50,50,100,93,86,0,0,10085
20211113,1,180,50,40,90,93,85,0,0,10079
20211113,2,180,40,40,80,96,90,0,0,10078
20211113,3,200,30,40,70,100,97,0,0,10075
20211113,4,200,40,40,70,102,99,0,0,10076
20211113,5,210,30,40,70,104,101,0,0,10079
20211113,6,190,30,20,50,104,102,0,0,10082
20211113,7,190,20,20,40,104,102,0,0,10088
20211113,8,170,20,20,30,105,102,0,3,10096
20211113,9,200,20,20,30,112,109,0,23,10100
20211113,10,230,20,20,30,118,113,0,33,10105
20211113,11,270,10,10,30,123,115,0,32,10110
20211113,12,310,10,20,30,128,112,3,59,10112
20211113,13,320,20,20,30,129,109,1,49,10115
20211113,14,10,20,20,40,124,109,2,31,10120
20211113,15,290,10,10,30,121,117,0,16,10127
20211113,16,0,10,0,10,112,107,0,3,10132
20211113,17,330,10,10,30,107,104,0,0,10139
20211113,18,340,10,10,30,109,104,0,0,10146
20211113,19,0,10,0,30,104,101,0,0,10151
20211113,20,360,10,10,30,104,101,0,0,10154
20211113,21,40,10,20,30,106,103,0,0,10162
20211113,22,80,10,10,30,103,100,0,0,10165
20211113,23,70,10,10,30,99,96,0,0,10170
20211113,24,0,10,0,10,97,94,0,0,10172
20211114,1,50,10,10,30,96,93,0,0,10175
20211114,2,40,10,10,30,97,94,0,0,10181
20211114,3,10,10,10,30,96,93,0,0,10185
20211114,4,40,10,20,30,96,93,0,0,10192
20211114,5,40,20,20,30,96,92,0,0,10198
20211114,6,60,20,20,30,94,89,0,0,10203
20211114,7,40,20,20,40,95,89,0,0,10212
20211114,8,40,20,20,40,96,89,0,3,10222
20211114,9,50,30,20,40,99,89,0,12,10226
20211114,10,60,30,40,60,101,85,0,23,10234
20211114,11,60,30,30,70,102,87,0,26,10239
20211114,12,60,30,30,60,104,86,0,30,10241
20211114,13,50,30,30,60,104,83,0,32,10243
20211114,14,60,30,30,50,104,81,0,26,10244
20211114,15,40,30,30,50,103,81,0,16,10248
20211114,16,30,30,30,50,97,77,0,4,10252
20211114,17,90,30,30,50,97,78,0,0,10259
20211114,18,60,30,20,50,96,76,0,0,10266
20211114,19,70,20,30,40,95,72,0,0,10270
20211114,20,60,20,20,40,92,71,0,0,10274
20211114,21,80,30,30,50,92,64,0,0,10274
20211114,22,50,20,20,40,90,66,0,0,10276
20211114,23,40,20,20,40,89,64,0,0,10276
20211114,24,70,20,20,30,88,62,0,0,10274
20211115,1,60,20,30,40,86,57,0,0,10272
20211115,2,50,30,30,40,83,55,0,0,10270
20211115,3,60,30,40,60,80,56,0,0,10269
20211115,4,60,30,30,60,79,58,0,0,10269
20211115,5,50,30,30,50,77,56,0,0,10270
20211115,6,80,20,30,50,75,56,0,0,10269
20211115,7,40,20,20,50,75,57,0,0,10273
20211115,8,30,20,30,50,73,56,0,2,10274
20211115,9,60,30,30,50,71,57,0,6,10274
20211115,10,40,30,30,50,70,57,0,10,10273
20211115,11,50,40,30,60,68,55,0,12,10271
20211115,12,60,30,20,60,65,52,0,12,10269
20211115,13,40,20,30,40,63,53,0,11,10264
20211115,14,90,30,30,50,61,50,0,8,10262
20211115,15,70,30,30,50,60,45,0,6,10261
20211115,16,40,20,30,50,58,44,0,1,10262
20211115,17,30,20,30,50,56,42,0,0,10263
20211115,18,30,30,30,50,56,40,0,0,10265
20211115,19,40,30,30,50,57,37,0,0,10265
20211115,20,70,30,30,50,56,37,0,0,10263
20211115,21,70,30,20,50,53,34,0,0,10263
20211115,22,70,30,20,40,51,32,0,0,10263
20211115,23,60,20,20,50,51,31,0,0,10261
20211115,24,70,20,20,40,51,30,0,0,10259
20211116,1,100,20,20,40,51,29,0,0,10254
20211116,2,40,10,10,30,51,31,0,0,10251
20211116,3,70,20,20,30,51,29,0,0,10248
20211116,4,50,10,20,30,51,29,0,0,10247
20211116,5,320,10,20,30,51,30,0,0,10247
20211116,6,270,10,20,30,49,28,0,0,10246
20211116,7,0,10,0,30,49,33,0,0,10243
20211116,8,70,10,10,30,49,29,0,2,10244
20211116,9,0,10,0,30,49,30,0,4,10243
20211116,10,200,10,20,30,49,30,0,7,10240
20211116,11,160,10,10,40,49,31,0,9,10236
20211116,12,140,20,20,30,50,32,0,8,10230
20211116,13,180,20,30,40,49,31,0,8,10225
20211116,14,230,20,20,40,48,31,0,5,10220
20211116,15,190,20,20,40,50,32,0,6,10218
20211116,16,190,20,20,30,51,30,0,2,10216
20211116,17,210,20,20,30,49,33,0,0,10215
20211116,18,220,20,20,40,48,41,0,0,10216
20211116,19,210,20,30,40,49,42,0,0,10210
20211116,20,200,30,30,50,51,42,0,0,10208
20211116,21,190,20,30,40,52,43,0,0,10205
20211116,22,200,30,30,60,54,47,0,0,10202
20211116,23,210,30,30,50,57,51,0,0,10201
20211116,24,210,30,40,60,59,53,0,0,10200
20211117,1,200,40,40,80,61,54,0,0,10195
20211117,2,190,40,40,70,61,52,0,0,10189
20211117,3,190,30,30,60,62,51,0,0,10190
20211117,4,200,30,40,70,63,51,0,0,10188
20211117,5,200,40,30,60,63,52,0,0,10187
20211117,6,210,30,30,60,67,56,0,0,10186
20211117,7,210,30,30,60,71,62,0,0,10188
20211117,8,210,40,40,60,76,69,0,3,10192
20211117,9,230,30,40,70,84,79,0,11,10195
20211117,10,240,30,30,60,93,90,0,23,10201
20211117,11,240,30,20,50,105,99,2,50,10203
20211117,12,290,20,40,60,114,85,3,39,10204
20211117,13,280,40,40,90,119,67,6,61,10208
20211117,14,290,30,40,80,116,61,7,50,10211
20211117,15,290,30,30,70,108,53,10,34,10217
20211117,16,270,30,20,60,97,58,2,6,10223
20211117,17,260,30,30,50,92,62,0,0,10231
20211117,18,260,30,30,50,89,61,0,0,10241
20211117,19,240,30,20,50,76,56,0,0,10246
20211117,20,230,20,30,40,74,54,0,0,10247
20211117,21,230,30,30,40,74,54,0,0,10252
20211117,22,230,20,30,40,74,54,0,0,10257
20211117,23,220,20,20,40,69,54,0,0,10255
20211117,24,220,20,20,40,63,52,0,0,10257
20211118,1,220,30,30,50,70,59,0,0,10258
20211118,2,220,30,20,40,68,60,0,0,10262
20211118,3,220,30,30,50,77,66,0,0,10263
20211118,4,220,30,30,50,81,67,0,0,10263
20211118,5,210,30,30,50,77,65,0,0,10261
20211118,6,220,40,40,70,85,69,0,0,10263
20211118,7,220,40,30,60,81,68,0,0,10267
20211118,8,220,40,40,70,84,68,0,6,10270
20211118,9,210,40,40,70,90,70,3,31,10271
20211118,10,220,40,50,90,100,73,7,61,10273
20211118,11,220,50,50,90,108,74,10,92,10272
20211118,12,220,50,50,100,115,77,10,97,10267
20211118,13,230,60,50,100,117,79,10,91,10267
20211118,14,230,50,50,100,115,81,0,41,10262
20211118,15,230,40,40,80,114,84,0,13,10265
20211118,16,220,40,50,80,114,85,0,3,10265
20211118,17,230,40,40,90,113,87,0,0,10268
20211118,18,240,40,40,80,112,92,0,0,10274
20211118,19,230,40,40,70,112,96,0,0,10275
20211118,20,240,40,40,70,114,97,0,0,10276
20211118,21,230,30,30,60,113,99,0,0,10282
20211118,22,220,30,40,70,115,101,0,0,10281
20211118,23,220,30,40,60,112,101,0,0,10279
20211118,24,220,30,40,60,116,102,0,0,10279
20211119,1,230,40,40,70,117,103,0,0,10280
20211119,2,230,40,30,70,116,103,0,0,10279
20211119,3,230,40,40,70,115,104,0,0,10277
20211119,4,230,40,40,80,116,106,0,0,10276
20211119,5,230,30,30,60,116,108,0,0,10278
20211119,6,240,30,30,60,118,109,0,0,10277
20211119,7,230,30,30,60,120,110,0,0,10281
20211119,8,230,30,30,50,120,110,0,5,10286
20211119,9,230,30,40,70,123,110,0,14,10288
20211119,10,250,30,40,70,127,110,0,28,10288
20211119,11,250,30,30,60,139,110,4,53,10289
20211119,12,270,40,40,80,136,102,5,59,10289
20211119,13,280,40,50,100,138,97,5,58,10287
20211119,14,290,40,40,80,137,96,0,32,10285
20211119,15,270,40,30,80,132,94,0,15,10285
20211119,16,270,30,20,60,121,92,0,3,10288
20211119,17,230,20,20,50,107,87,0,0,10289
20211119,18,240,20,30,40,101,88,0,0,10291
20211119,19,230,30,30,60,107,93,0,0,10295
20211119,20,240,30,30,60,108,94,0,0,10295
20211119,21,240,30,30,60,109,95,0,0,10295
20211119,22,240,30,30,60,112,95,0,0,10292
20211119,23,240,30,30,60,111,93,0,0,10291
20211119,24,240,30,30,50,109,91,0,0,10287
20211120,1,230,20,20,50,108,90,0,0,10284
20211120,2,220,30,30,50,109,87,0,0,10280
20211120,3,220,30,30,50,109,84,0,0,10275
20211120,4,220,30,30,60,108,80,0,0,10271
20211120,5,220,30,30,50,107,77,0,0,10270
20211120,6,230,20,20,50,106,76,0,0,10265
20211120,7,220,30,30,50,104,75,0,0,10262
20211120,8,210,30,30,60,103,74,0,2,10259
20211120,9,220,30,40,60,105,76,0,8,10251
20211120,10,220,40,40,80,108,78,0,15,10249
20211120,11,220,40,30,70,108,82,0,14,10244
20211120,12,220,40,40,70,109,84,0,13,10233
20211120,13,220,40,30,70,108,86,0,10,10223
20211120,14,220,40,40,70,104,91,0,8,10211
20211120,15,220,40,40,70,101,93,0,5,10202
20211120,16,220,40,40,70,98,92,0,1,10197
20211120,17,220,40,40,80,94,89,0,0,10190
20211120,18,220,40,40,70,92,86,0,0,10184
20211120,19,230,30,30,60,91,87,0,0,10176
20211120,20,240,30,30,70,91,87,0,0,10172
20211120,21,230,30,30,60,91,88,0,0,10164
20211120,22,260,30,30,60,92,87,0,0,10157
20211120,23,230,30,30,50,90,85,0,0,10152
20211120,24,220,30,30,50,89,85,0,0,10144
20211121,1,220,20,30,50,89,84,0,0,10137
20211121,2,220,30,30,60,89,84,0,0,10131
20211121,3,220,30,40,60,88,84,0,0,10122
20211121,4,300,30,20,50,92,89,0,0,10121
20211121,5,310,20,20,40,92,89,0,0,10120
20211121,6,310,20,20,30,90,82,0,0,10120
20211121,7,330,20,20,30,84,79,0,0,10121
20211121,8,340,20,20,40,80,61,0,5,10125
20211121,9,290,20,10,40,70,61,2,20,10129
20211121,10,320,20,20,30,97,56,10,69,10130
20211121,11,340,30,50,80,102,48,10,90,10128
20211121,12,340,50,50,90,105,51,10,101,10128
20211121,13,350,40,50,80,99,48,10,90,10129
20211121,14,350,40,50,100,102,50,10,71,10132
20211121,15,350,40,40,80,93,48,10,26,10136
20211121,16,330,30,20,70,79,48,0,4,10144
20211121,17,330,20,20,50,67,43,0,0,10150
20211121,18,320,20,20,40,57,41,0,0,10156
20211121,19,320,20,30,40,56,36,0,0,10164
20211121,20,320,30,30,50,56,33,0,0,10171
20211121,21,340,30,30,50,53,35,0,0,10179
20211121,22,350,30,30,40,56,40,0,0,10187
20211121,23,10,30,30,60,62,37,0,0,10197
20211121,24,20,30,30,60,59,34,0,0,10205
20211122,1,20,30,30,60,54,31,0,0,10213
20211122,2,360,30,30,50,49,30,0,0,10220
20211122,3,10,20,30,40,42,26,0,0,10226
20211122,4,30,30,30,50,42,20,0,0,10233
20211122,5,10,20,20,40,31,15,0,0,10242
20211122,6,10,20,20,30,13,7,0,0,10249
20211122,7,20,20,20,30,-3,-7,0,0,10258
20211122,8,10,20,20,30,10,4,5,9,10268
20211122,9,360,20,20,30,47,20,10,41,10274
20211122,10,30,20,20,40,65,24,10,71,10282
20211122,11,50,30,20,50,76,23,10,92,10282
20211122,12,30,20,20,50,86,19,10,99,10284
20211122,13,50,20,20,40,87,15,10,87,10284
20211122,14,30,20,30,50,86,9,10,66,10287
20211122,15,360,20,10,40,84,18,10,32,10290
20211122,16,360,20,20,30,57,21,0,4,10293
20211122,17,330,10,10,30,26,15,0,0,10296
20211122,18,310,10,10,30,15,11,0,0,10299
20211122,19,320,0,10,50,9,3,0,0,10304
20211122,20,300,0,10,20,1,-2,0,0,10306
20211122,21,280,10,10,20,-2,-6,0,0,10306
20211122,22,270,10,10,30,-3,-7,0,0,10310
20211122,23,270,10,10,30,-5,-9,0,0,10311
20211122,24,250,10,10,30,6,2,0,0,10310
20211123,1,250,10,10,20,17,13,0,0,10309
20211123,2,260,10,10,30,29,25,0,0,10307
20211123,3,270,20,20,30,57,53,0,0,10302
20211123,4,270,10,20,30,53,50,0,0,10300
20211123,5,270,20,20,30,66,62,0,0,10299
20211123,6,270,20,20,30,70,66,0,0,10298
20211123,7,240,10,10,30,65,62,0,0,10301
20211123,8,300,10,10,30,73,70,0,3,10305
20211123,9,270,10,20,30,80,76,2,17,10307
20211123,10,290,10,10,30,92,88,0,37,10309
20211123,11,340,20,30,60,91,78,2,48,10308
20211123,12,350,20,20,40,95,80,0,37,10304
20211123,13,310,10,20,30,99,81,5,60,10301
20211123,14,340,20,10,30,109,78,7,60,10298
20211123,15,360,20,20,40,98,74,0,8,10298
20211123,16,40,20,30,40,88,71,0,2,10299
20211123,17,290,10,10,30,79,71,0,0,10298
20211123,18,320,10,10,10,59,55,0,0,10296
20211123,19,300,10,10,30,37,35,0,0,10295
20211123,20,320,10,10,30,32,32,0,0,10295
20211123,21,0,0,0,10,23,21,0,0,10292
20211123,22,310,10,20,30,37,34,0,0,10291
20211123,23,0,10,0,30,45,42,0,0,10288
20211123,24,10,10,20,30,53,50,0,0,10283
20211124,1,90,10,10,50,40,40,0,0,10279
20211124,2,140,10,20,30,50,47,0,0,10276
20211124,3,990,10,10,30,55,52,0,0,10269
20211124,4,130,10,10,30,59,56,0,0,10262
20211124,5,150,20,10,30,59,56,0,0,10256
20211124,6,120,10,10,30,63,60,0,0,10254
20211124,7,160,20,20,40,64,61,0,0,10249
20211124,8,160,20,20,40,66,61,0,2,10247
20211124,9,150,20,30,50,67,62,0,11,10241
20211124,10,170,20,20,50,73,65,0,27,10237
20211124,11,160,30,30,60,74,61,0,26,10230
20211124,12,150,20,20,40,73,63,0,24,10218
20211124,13,160,40,30,60,73,62,0,30,10207
20211124,14,150,30,40,50,74,58,0,28,10196
20211124,15,170,30,30,60,70,48,8,27,10188
20211124,16,160,30,20,50,58,51,0,3,10182
20211124,17,200,20,20,30,62,56,0,0,10179
20211124,18,150,20,20,30,57,51,0,0,10170
20211124,19,150,20,20,30,56,51,0,0,10167
20211124,20,150,20,20,30,58,52,0,0,10162
20211124,21,180,20,10,30,58,53,0,0,10157
20211124,22,170,10,20,30,55,47,0,0,10151
20211124,23,160,10,20,30,47,42,0,0,10146
20211124,24,180,20,20,40,55,51,0,0,10141
20211125,1,200,20,20,30,54,45,0,0,10136
20211125,2,210,30,20,40,55,36,0,0,10133
20211125,3,200,20,20,40,55,28,0,0,10128
20211125,4,210,20,20,40,53,29,0,0,10123
20211125,5,210,20,20,40,49,33,0,0,10119
20211125,6,190,20,30,50,50,36,0,0,10115
20211125,7,190,20,20,40,53,38,0,0,10113
20211125,8,190,20,20,40,56,45,0,3,10112
20211125,9,990,20,10,30,58,52,0,5,10115
20211125,10,200,20,10,30,65,62,0,21,10115
20211125,11,270,10,10,30,79,67,0,45,10116
20211125,12,320,20,20,50,88,55,0,43,10114
20211125,13,300,20,30,50,88,36,0,42,10108
20211125,14,290,20,20,40,91,40,5,45,10104
20211125,15,300,30,20,60,83,38,10,28,10105
20211125,16,320,20,10,90,54,40,0,4,10106
20211125,17,270,20,20,30,34,29,0,0,10106
20211125,18,230,20,20,70,31,26,0,0,10103
20211125,19,250,20,10,30,30,26,0,0,10101
20211125,20,250,20,20,40,33,28,0,0,10098
20211125,21,240,20,20,40,41,33,0,0,10092
20211125,22,230,20,20,40,34,27,0,0,10085
20211125,23,270,20,20,40,44,32,0,0,10080
20211125,24,260,20,20,50,44,35,0,0,10072
20211126,1,210,20,20,50,39,32,0,0,10060
20211126,2,250,30,20,60,44,35,0,0,10050
20211126,3,240,20,20,40,43,32,0,0,10040
20211126,4,230,30,20,80,42,34,0,0,10026
20211126,5,210,30,30,40,41,32,0,0,10014
20211126,6,220,30,30,60,43,28,0,0,10000
20211126,7,210,30,30,60,43,17,0,0,9989
20211126,8,200,40,50,80,44,13,0,2,9978
20211126,9,200,50,50,90,45,19,2,16,9964
20211126,10,200,60,60,120,49,18,2,33,9951
20211126,11,200,80,90,140,54,19,0,54,9931
20211126,12,180,70,70,150,47,20,2,40,9913
20211126,13,180,70,70,130,42,26,0,13,9895
20211126,14,190,70,70,130,41,27,0,8,9877
20211126,15,190,70,60,130,41,28,0,3,9866
20211126,16,190,60,50,160,42,32,0,1,9852
20211126,17,200,50,50,100,48,41,0,0,9845
20211126,18,210,50,50,100,51,44,0,0,9840
20211126,19,270,40,20,90,53,48,0,0,9840
20211126,20,250,10,20,30,46,43,0,0,9836
20211126,21,290,10,10,30,42,40,0,0,9833
20211126,22,250,10,10,30,45,43,0,0,9832
20211126,23,260,20,30,50,45,40,0,0,9833
20211126,24,290,30,30,60,36,28,0,0,9836
20211127,1,270,30,20,70,32,24,0,0,9833
20211127,2,260,20,20,50,34,23,0,0,9835
20211127,3,280,20,30,50,33,23,0,0,9837
20211127,4,270,30,30,50,31,20,0,0,9844
20211127,5,270,30,20,60,29,18,0,0,9851
20211127,6,230,20,20,40,30,22,0,0,9860
20211127,7,250,20,30,40,25,17,0,0,9867
20211127,8,250,20,20,50,27,19,0,1,9877
20211127,9,230,30,40,70,27,16,0,4,9882
20211127,10,230,30,30,70,26,17,0,9,9888
20211127,11,220,40,40,80,32,21,0,22,9888
20211127,12,220,50,50,90,38,15,0,33,9890
20211127,13,230,40,50,90,35,14,0,14,9893
20211127,14,210,40,40,80,26,15,0,16,9898
20211127,15,180,40,40,70,26,14,0,11,9901
20211127,16,210,40,40,70,30,19,0,2,9904
20211127,17,200,40,30,80,29,18,0,0,9909
20211127,18,200,40,30,60,30,20,0,0,9913
20211127,19,190,30,30,60,31,23,0,0,9920
20211127,20,160,20,20,50,32,25,0,0,9924
20211127,21,150,20,20,40,32,25,0,0,9929
20211127,22,120,20,20,30,32,25,0,0,9934
20211127,23,40,20,20,40,29,24,0,0,9939
20211127,24,40,10,20,30,31,26,0,0,9942
20211128,1,40,10,10,30,30,26,0,0,9947
20211128,2,50,10,10,30,31,26,0,0,9953
20211128,3,360,10,10,30,32,26,0,0,9957
20211128,4,320,10,10,30,26,24,0,0,9958
20211128,5,330,10,10,30,23,21,0,0,9958
20211128,6,310,10,10,30,22,19,0,0,9965
20211128,7,300,10,10,30,16,13,0,0,9970
20211128,8,990,0,10,10,21,18,3,9,9977
20211128,9,300,10,10,30,35,32,5,25,9982
20211128,10,320,20,30,50,40,35,0,21,9985
20211128,11,320,30,30,70,41,28,0,31,9985
20211128,12,330,40,40,80,35,22,0,25,9988
20211128,13,350,20,20,60,41,22,0,18,9987
20211128,14,300,20,20,40,39,23,0,19,9989
20211128,15,290,20,20,40,39,24,5,20,9993
20211128,16,280,20,20,30,15,12,0,3,9996
20211128,17,280,20,20,30,6,3,0,0,10000
20211128,18,290,20,20,30,-2,-5,0,0,10007
20211128,19,300,20,20,40,-4,-8,0,0,10012
20211128,20,290,20,20,30,-13,-17,0,0,10018
20211128,21,290,20,20,40,12,-10,0,0,10023
20211128,22,280,20,20,40,8,-5,0,0,10027
20211128,23,290,20,20,50,18,-1,0,0,10032
20211128,24,280,20,20,50,22,0,0,0,10035
20211129,1,270,30,30,50,20,2,0,0,10040
20211129,2,260,30,30,60,19,2,0,0,10043
20211129,3,270,30,20,60,15,3,0,0,10042
20211129,4,260,30,30,50,18,3,0,0,10047
20211129,5,270,30,30,60,24,-1,0,0,10049
20211129,6,270,30,20,60,18,-1,0,0,10052
20211129,7,280,30,30,70,31,8,0,0,10059
20211129,8,290,40,30,80,35,20,3,5,10066
20211129,9,310,40,40,90,44,25,10,40,10072
20211129,10,310,30,30,70,54,31,7,59,10079
20211129,11,310,30,30,60,64,33,10,83,10083
20211129,12,320,30,30,50,71,30,10,89,10086
20211129,13,290,20,30,50,73,35,7,71,10088
20211129,14,270,30,30,60,57,26,3,30,10092
20211129,15,260,20,20,50,47,24,0,10,10098
20211129,16,270,20,20,40,41,29,0,2,10104
20211129,17,280,20,30,60,51,34,0,0,10111
20211129,18,260,20,30,60,49,38,0,0,10115
20211129,19,290,20,20,40,50,37,0,0,10117
20211129,20,230,20,30,30,40,30,0,0,10114
20211129,21,240,30,30,60,45,21,0,0,10113
20211129,22,240,40,40,70,50,25,0,0,10107
20211129,23,230,40,40,80,52,20,0,0,10101
20211129,24,230,50,50,80,53,19,0,0,10093
20211130,1,230,60,60,110,49,22,0,0,10082
20211130,2,220,60,60,120,42,34,0,0,10073
20211130,3,230,70,70,120,50,45,0,0,10064
20211130,4,230,50,40,100,60,58,0,0,10056
20211130,5,270,50,50,90,83,80,0,0,10049
20211130,6,270,50,60,120,88,83,0,0,10052
20211130,7,270,60,60,120,92,84,0,0,10050
20211130,8,270,60,50,120,93,87,0,1,10055
20211130,9,270,50,50,120,95,91,0,6,10055
20211130,10,280,50,50,120,98,92,0,11,10059
20211130,11,310,30,20,100,87,84,0,7,10061
20211130,12,300,20,20,50,87,85,0,7,10059
20211130,13,280,30,50,110,100,94,0,8,10057
20211130,14,280,50,40,110,100,95,0,8,10058
20211130,15,340,40,20,90,88,86,0,4,10065
20211130,16,250,10,10,40,85,83,0,1,10063
20211130,17,260,10,10,30,87,84,0,0,10062
20211130,18,230,20,30,50,96,94,0,0,10057
20211130,19,230,40,30,80,98,96,0,0,10052
20211130,20,230,40,50,100,97,94,0,0,10047
20211130,21,230,50,50,100,98,94,0,0,10038
20211130,22,210,50,50,90,98,91,0,0,10026
20211130,23,220,50,50,100,101,91,0,0,10013
20211130,24,210,60,60,110,99,95,0,0,9996
20211201,1,220,70,70,130,106,96,0,0,9978
20211201,2,220,80,80,170,102,94,0,0,9966
20211201,3,220,90,90,140,99,89,0,0,9950
20211201,4,210,90,90,160,96,83,0,0,9932
20211201,5,210,100,100,190,89,81,0,0,9918
20211201,6,210,90,80,160,89,81,0,0,9908
20211201,7,220,80,90,160,91,83,0,0,9899
20211201,8,220,80,80,140,95,84,0,2,9891
20211201,9,260,70,60,150,91,66,0,6,9896
20211201,10,270,60,60,130,85,68,2,28,9902
20211201,11,260,60,70,120,89,65,2,43,9900
20211201,12,260,60,70,120,92,57,0,39,9898
20211201,13,260,70,80,140,90,55,0,22,9898
20211201,14,280,70,70,140,83,65,0,16,9903
20211201,15,280,60,40,130,78,57,0,8,9911
20211201,16,290,50,50,110,74,38,0,2,9922
20211201,17,290,40,40,100,70,36,0,0,9933
20211201,18,290,40,30,80,66,28,0,0,9944
20211201,19,290,30,30,80,62,14,0,0,9954
20211201,20,310,30,30,60,58,13,0,0,9962
20211201,21,300,30,30,50,57,6,0,0,9969
20211201,22,280,20,20,40,53,5,0,0,9974
20211201,23,270,30,30,60,54,15,0,0,9979
20211201,24,270,30,30,70,48,26,0,0,9985
20211202,1,290,30,40,100,41,22,0,0,9987
20211202,2,290,30,30,80,39,22,0,0,9987
20211202,3,270,30,20,80,35,20,0,0,9987
20211202,4,290,30,30,90,33,20,0,0,9991
20211202,5,270,20,20,70,24,15,0,0,9993
20211202,6,330,20,30,60,28,14,0,0,9995
20211202,7,270,20,20,40,22,15,0,0,9998
20211202,8,340,30,30,100,22,11,0,2,10008
20211202,9,270,20,20,60,27,18,2,20,10014
20211202,10,310,30,30,60,27,14,5,54,10020
20211202,11,280,30,30,80,23,14,3,32,10026
20211202,12,270,30,30,60,28,18,0,41,10030
20211202,13,310,30,30,50,43,20,8,70,10040
20211202,14,300,20,20,50,51,21,8,55,10048
20211202,15,330,30,40,70,48,0,3,15,10059
20211202,16,310,30,20,80,30,-10,0,1,10066
20211202,17,280,20,20,40,13,-3,0,0,10075
20211202,18,290,20,20,40,11,-3,0,0,10082
20211202,19,310,10,10,30,-5,-9,0,0,10088
20211202,20,260,10,20,30,-13,-18,0,0,10094
20211202,21,240,20,20,40,7,0,0,0,10100
20211202,22,230,20,20,50,8,0,0,0,10099
20211202,23,230,20,20,40,6,-2,0,0,10102
20211202,24,230,20,30,40,14,6,0,0,10099
20211203,1,230,20,30,40,12,5,0,0,10101
20211203,2,220,30,30,50,14,6,0,0,10099
20211203,3,210,30,40,60,19,8,0,0,10095
20211203,4,210,40,40,70,22,11,0,0,10091
20211203,5,220,40,40,70,25,12,0,0,10089
20211203,6,210,40,40,80,30,18,0,0,10086
20211203,7,220,50,60,90,33,18,0,0,10083
20211203,8,210,50,50,100,32,7,0,2,10082
20211203,9,210,50,60,100,32,4,0,14,10076
20211203,10,200,60,70,120,39,2,0,28,10071
20211203,11,210,80,80,140,37,14,0,25,10059
20211203,12,200,80,80,130,44,11,0,30,10050
20211203,13,200,80,90,150,47,11,0,25,10042
20211203,14,210,80,70,140,40,23,0,9,10038
20211203,15,210,70,70,120,39,30,0,3,10035
20211203,16,200,70,70,110,41,34,0,1,10030
20211203,17,200,70,70,120,42,34,0,0,10026
20211203,18,200,60,60,110,43,35,0,0,10020
20211203,19,200,60,60,100,44,34,0,0,10018
20211203,20,200,60,60,100,43,37,0,0,10015
20211203,21,200,50,50,90,43,36,0,0,10010
20211203,22,200,40,40,80,43,38,0,0,10010
20211203,23,190,40,30,60,43,39,0,0,10002
20211203,24,180,30,30,60,44,40,0,0,9995
20211204,1,190,30,30,60,45,41,0,0,9991
20211204,2,180,30,30,50,44,41,0,0,9985
20211204,3,190,30,20,60,45,45,0,0,9982
20211204,4,190,20,20,40,45,45,0,0,9976
20211204,5,180,20,20,30,46,45,0,0,9972
20211204,6,180,20,20,40,46,46,0,0,9969
20211204,7,170,20,20,40,46,46,0,0,9965
20211204,8,170,20,20,40,46,46,0,2,9964
20211204,9,160,30,30,50,46,45,0,5,9960
20211204,10,170,30,30,50,47,44,0,15,9956
20211204,11,160,30,30,60,50,47,0,19,9947
20211204,12,180,30,30,50,52,47,0,10,9942
20211204,13,170,30,20,50,53,50,0,9,9936
20211204,14,210,20,20,50,55,52,0,4,9935
20211204,15,280,20,30,60,57,50,0,4,9939
20211204,16,280,20,20,50,56,49,0,1,9946
20211204,17,230,30,30,50,54,48,0,0,9953
20211204,18,260,30,30,60,53,32,0,0,9957
20211204,19,240,40,40,70,53,27,0,0,9959
20211204,20,230,40,40,100,51,31,0,0,9961
20211204,21,200,30,30,80,46,33,0,0,9961
20211204,22,210,30,40,60,48,36,0,0,9963
20211204,23,190,40,40,70,49,35,0,0,9965
20211204,24,180,30,30,70,44,29,0,0,9964
20211205,1,190,40,50,70,44,22,0,0,9964
20211205,2,180,40,40,80,43,22,0,0,9966
20211205,3,170,40,40,70,30,14,0,0,9964
20211205,4,170,30,30,60,35,21,0,0,9966
20211205,5,180,30,40,60,39,25,0,0,9967
20211205,6,180,40,40,70,42,28,0,0,9973
20211205,7,180,30,30,60,43,28,0,0,9980
20211205,8,180,30,30,50,42,31,0,0,9986
20211205,9,180,30,30,50,43,33,0,5,9993
20211205,10,180,30,30,50,46,35,0,15,10002
20211205,11,180,30,30,50,51,34,0,37,10008
20211205,12,170,30,30,40,52,34,0,29,10014
20211205,13,150,30,30,50,52,33,0,37,10021
20211205,14,140,30,20,50,51,31,0,14,10029
20211205,15,130,20,20,40,49,30,0,6,10043
20211205,16,130,20,20,40,47,29,0,1,10053
20211205,17,50,20,20,30,44,32,0,0,10066
20211205,18,60,20,20,30,41,31,0,0,10074
20211205,19,40,20,20,30,42,33,0,0,10086
20211205,20,50,20,20,40,41,33,0,0,10094
20211205,21,30,20,20,30,42,32,0,0,10103
20211205,22,40,20,20,30,41,33,0,0,10108
20211205,23,30,20,20,40,39,31,0,0,10114
20211205,24,40,20,30,40,36,28,0,0,10119
20211206,1,20,20,30,40,35,28,0,0,10126
20211206,2,360,20,20,40,38,33,0,0,10131
20211206,3,360,10,10,30,38,33,0,0,10134
20211206,4,40,10,10,30,38,34,0,0,10136
20211206,5,100,20,20,30,37,33,0,0,10137
20211206,6,160,20,20,30,36,29,0,0,10138
20211206,7,150,20,20,50,36,30,0,0,10142
20211206,8,160,30,40,50,35,27,0,1,10140
20211206,9,180,30,40,60,36,28,0,4,10144
20211206,10,180,30,30,60,36,30,0,7,10142
20211206,11,180,40,50,70,34,25,0,14,10134
20211206,12,170,40,40,70,39,17,0,28,10123
20211206,13,160,40,40,70,36,17,0,32,10115
20211206,14,160,50,40,80,31,16,0,18,10102
20211206,15,160,50,40,80,25,12,0,8,10093
20211206,16,150,40,30,80,24,14,0,2,10086
20211206,17,150,40,50,80,32,19,0,0,10075
20211206,18,160,40,50,80,38,16,0,0,10067
20211206,19,170,60,60,110,31,16,0,0,10057
20211206,20,170,50,50,100,25,13,0,0,10047
20211206,21,170,50,50,90,20,12,0,0,10039
20211206,22,170,50,40,90,11,7,0,0,10035
20211206,23,170,40,40,60,10,6,0,0,10038
20211206,24,170,40,30,60,7,5,0,0,10042
20211207,1,190,20,20,50,8,5,0,0,10049
20211207,2,220,20,10,30,10,8,0,0,10054
20211207,3,270,30,50,90,51,22,0,0,10062
20211207,4,270,30,20,60,43,28,0,0,10068
20211207,5,230,30,30,50,33,20,0,0,10073
20211207,6,270,30,20,40,33,17,0,0,10082
20211207,7,220,20,30,50,21,13,0,0,10084
20211207,8,210,20,20,40,19,15,0,3,10083
20211207,9,200,30,30,60,34,19,8,23,10085
20211207,10,200,40,40,70,45,26,8,52,10086
20211207,11,180,40,40,80,53,30,10,76,10078
20211207,12,180,40,40,70,58,29,10,86,10071
20211207,13,170,40,50,80,54,22,10,61,10060
20211207,14,150,40,50,80,47,20,3,32,10046
20211207,15,150,50,50,90,45,18,8,14,10037
20211207,16,150,50,60,90,45,20,0,2,10023
20211207,17,140,60,70,120,48,17,0,0,10000
20211207,18,140,70,80,130,44,12,0,0,9984
20211207,19,140,70,70,130,46,9,0,0,9966
20211207,20,130,80,80,130,44,11,0,0,9947
20211207,21,130,70,80,150,41,22,0,0,9937
20211207,22,140,80,70,150,43,26,0,0,9918
20211207,23,140,80,70,130,45,29,0,0,9918
20211207,24,150,70,70,130,46,35,0,0,9906
20211208,1,170,60,50,110,49,44,0,0,9907
20211208,2,180,50,50,110,58,53,0,0,9912
20211208,3,180,50,50,80,63,54,0,0,9916
20211208,4,180,50,50,90,64,48,0,0,9920
20211208,5,180,50,50,100,65,41,0,0,9924
20211208,6,190,60,50,110,56,29,0,0,9927
20211208,7,190,50,50,100,49,24,0,0,9936
20211208,8,180,50,50,90,47,21,0,1,9941
20211208,9,180,50,60,90,51,22,5,19,9942
20211208,10,190,60,70,110,58,23,7,45,9946
20211208,11,210,60,60,120,65,27,3,51,9948
20211208,12,200,70,60,120,64,23,3,53,9951
20211208,13,190,60,60,110,69,27,8,67,9958
20211208,14,170,60,50,110,65,27,3,36,9963
20211208,15,180,50,50,90,63,25,2,10,9970
20211208,16,180,50,50,90,53,20,0,2,9977
20211208,17,180,50,50,80,49,17,0,0,9979
20211208,18,180,50,40,80,46,16,0,0,9983
20211208,19,170,40,40,70,44,16,0,0,9989
20211208,20,170,40,30,70,37,15,0,0,9993
20211208,21,150,30,40,60,27,11,0,0,9998
20211208,22,160,30,30,50,22,9,0,0,10001
20211208,23,170,30,40,60,27,12,0,0,10005
20211208,24,170,40,40,70,26,11,0,0,10007
20211209,1,160,30,30,60,17,6,0,0,10010
20211209,2,170,30,30,60,25,11,0,0,10009
20211209,3,160,30,30,60,14,5,0,0,10011
20211209,4,180,40,50,60,22,8,0,0,10013
20211209,5,170,40,30,80,18,5,0,0,10014
20211209,6,180,30,40,60,18,5,0,0,10017
20211209,7,180,40,40,70,18,5,0,0,10018
20211209,8,170,40,40,70,17,5,0,2,10022
20211209,9,180,40,40,70,23,11,0,12,10025
20211209,10,190,30,40,60,39,24,0,26,10026
20211209,11,190,40,40,80,44,28,0,26,10024
20211209,12,200,40,40,80,49,31,0,34,10020
20211209,13,200,40,50,90,53,36,0,26,10020
20211209,14,200,40,40,80,54,39,0,13,10019
20211209,15,190,40,40,70,53,42,0,6,10019
20211209,16,190,30,30,60,53,43,0,1,10018
20211209,17,180,30,40,60,53,42,0,0,10016
20211209,18,180,40,40,60,52,41,0,0,10016
20211209,19,190,30,40,60,51,40,0,0,10012
20211209,20,170,30,30,60,42,32,0,0,10005
20211209,21,170,30,30,50,40,33,0,0,9999
20211209,22,180,40,50,90,42,32,0,0,9991
20211209,23,160,40,30,70,38,28,0,0,9981
20211209,24,150,40,40,60,30,21,0,0,9970
20211210,1,160,40,50,100,33,19,0,0,9960
20211210,2,140,50,40,90,27,13,0,0,9948
20211210,3,130,40,40,80,27,12,0,0,9936
20211210,4,130,50,50,100,33,11,0,0,9925
20211210,5,130,60,50,100,34,10,0,0,9916
20211210,6,130,50,60,90,34,12,0,0,9910
20211210,7,130,60,60,100,35,10,0,0,9909
20211210,8,120,50,50,90,36,9,0,2,9912
20211210,9,120,50,60,80,38,12,0,11,9914
20211210,10,130,60,50,100,37,14,0,16,9919
20211210,11,110,50,40,80,41,15,0,22,9920
20211210,12,110,40,50,70,42,17,0,32,9922
20211210,13,120,30,20,60,46,20,0,19,9928
20211210,14,60,20,20,30,48,17,0,13,9936
20211210,15,40,20,20,30,43,18,0,4,9945
20211210,16,20,20,20,30,42,18,0,1,9959
20211210,17,10,20,20,30,41,17,0,0,9971
20211210,18,360,20,20,40,40,17,0,0,9983
20211210,19,320,20,20,30,35,21,0,0,9995
20211210,20,320,10,10,30,19,14,0,0,10005
20211210,21,300,20,20,30,12,9,0,0,10020
20211210,22,300,20,20,30,-2,-5,0,0,10031
20211210,23,320,10,10,30,-8,-9,0,0,10042
20211210,24,300,10,10,30,-10,-12,0,0,10053
20211211,1,300,20,10,30,-6,-9,0,0,10062
20211211,2,60,0,10,10,-5,-7,0,0,10074
20211211,3,140,10,10,20,-1,-4,0,0,10083
20211211,4,150,10,20,30,7,4,0,0,10088
20211211,5,160,20,20,30,21,18,0,0,10092
20211211,6,170,30,30,40,33,31,0,0,10094
20211211,7,10,30,20,50,41,37,0,0,10105
20211211,8,20,20,20,40,27,24,0,2,10123
20211211,9,310,20,20,30,29,26,0,12,10137
20211211,10,270,10,10,30,43,35,7,47,10147
20211211,11,240,10,20,30,62,43,10,76,10153
20211211,12,990,10,10,30,72,43,5,64,10159
20211211,13,240,20,30,40,78,48,10,74,10164
20211211,14,250,30,30,50,83,54,10,57,10167
20211211,15,260,30,30,70,72,44,7,17,10174
20211211,16,230,20,20,50,59,38,0,1,10179
20211211,17,210,20,30,40,52,38,0,0,10184
20211211,18,220,30,30,50,53,37,0,0,10191
20211211,19,200,40,40,60,52,38,0,0,10192
20211211,20,200,40,40,70,49,37,0,0,10196
20211211,21,190,40,30,70,49,37,0,0,10195
20211211,22,180,40,40,60,49,36,0,0,10197
20211211,23,180,40,40,70,51,38,0,0,10196
20211211,24,180,40,40,80,53,41,0,0,10192
20211212,1,180,50,50,90,55,44,0,0,10187
20211212,2,180,50,50,90,55,45,0,0,10188
20211212,3,190,50,50,100,55,50,0,0,10183
20211212,4,190,50,40,90,59,55,0,0,10182
20211212,5,200,50,50,80,63,61,0,0,10181
20211212,6,200,50,60,90,68,65,0,0,10183
20211212,7,210,50,50,90,75,72,0,0,10186
20211212,8,210,50,50,90,80,77,0,1,10190
20211212,9,210,50,50,80,84,81,0,3,10196
20211212,10,220,50,50,100,89,87,0,9,10201
20211212,11,220,50,50,90,92,90,0,13,10201
20211212,12,220,50,50,80,96,93,0,18,10202
20211212,13,230,40,40,80,99,96,0,20,10205
20211212,14,240,40,30,70,101,98,0,14,10208
20211212,15,230,30,30,70,103,100,0,5,10212
20211212,16,220,30,30,50,104,101,0,1,10218
20211212,17,220,30,30,60,105,102,0,0,10223
20211212,18,240,40,30,70,108,103,0,0,10227
20211212,19,230,40,40,70,108,104,0,0,10228
20211212,20,230,40,40,80,110,104,0,0,10232
20211212,21,220,40,40,70,109,103,0,0,10235
20211212,22,220,40,40,70,107,103,0,0,10237
20211212,23,230,40,50,90,107,102,0,0,10239
20211212,24,230,40,40,80,106,100,0,0,10240
20211213,1,220,40,40,80,103,95,0,0,10242
20211213,2,210,30,30,70,100,90,0,0,10247
20211213,3,210,30,40,60,99,90,0,0,10246
20211213,4,200,40,40,60,100,87,0,0,10246
20211213,5,200,30,30,60,99,85,0,0,10246
20211213,6,200,40,40,70,99,83,0,0,10247
20211213,7,200,40,40,70,100,79,0,0,10250
20211213,8,190,30,40,60,97,81,0,2,10254
20211213,9,200,40,40,70,98,80,0,7,10256
20211213,10,200,40,40,80,100,81,0,15,10265
20211213,11,200,40,40,80,101,82,0,22,10264
20211213,12,200,40,50,80,102,79,0,26,10261
20211213,13,200,40,30,60,103,80,0,23,10261
20211213,14,200,30,40,60,101,79,0,14,10261
20211213,15,190,30,30,60,97,77,0,6,10262
20211213,16,220,30,30,50,96,74,0,1,10263
20211213,17,190,30,30,50,94,75,0,0,10262
20211213,18,190,30,30,60,93,73,0,0,10261
20211213,19,200,30,30,50,93,70,0,0,10263
20211213,20,220,30,30,60,93,66,0,0,10263
20211213,21,210,40,30,70,90,66,0,0,10261
20211213,22,210,30,30,60,89,67,0,0,10264
20211213,23,210,30,30,50,87,69,0,0,10263
20211213,24,190,40,30,70,87,71,0,0,10260
20211214,1,210,40,40,60,86,70,0,0,10261
20211214,2,210,40,30,70,84,69,0,0,10257
20211214,3,210,40,30,70,82,71,0,0,10255
20211214,4,220,40,40,70,82,69,0,0,10259
20211214,5,210,30,30,60,79,67,0,0,10255
20211214,6,220,40,40,70,80,65,0,0,10258
20211214,7,220,40,40,70,81,65,0,0,10261
20211214,8,210,40,30,60,81,65,0,1,10266
20211214,9,220,30,30,60,83,68,0,10,10269
20211214,10,210,30,40,60,82,76,0,12,10268
20211214,11,230,40,40,70,89,80,0,21,10269
20211214,12,230,40,40,70,89,82,0,20,10266
20211214,13,230,40,40,70,90,84,0,13,10264
20211214,14,220,40,40,70,92,88,0,10,10264
20211214,15,230,30,30,60,94,88,0,5,10266
20211214,16,220,30,30,50,96,92,0,1,10269
20211214,17,220,30,30,50,99,96,0,0,10270
20211214,18,220,30,30,60,100,96,0,0,10274
20211214,19,220,40,40,70,100,95,0,0,10275
20211214,20,230,40,40,70,100,95,0,0,10277
20211214,21,230,50,40,80,100,94,0,0,10279
20211214,22,230,40,40,80,99,94,0,0,10279
20211214,23,230,40,40,80,97,93,0,0,10282
20211214,24,220,40,40,80,97,93,0,0,10281
20211215,1,210,40,40,70,96,91,0,0,10280
20211215,2,220,40,40,70,96,90,0,0,10282
20211215,3,220,40,40,70,96,89,0,0,10283
20211215,4,220,40,40,80,97,89,0,0,10285
20211215,5,220,40,40,70,97,90,0,0,10287
20211215,6,210,40,30,70,97,92,0,0,10289
20211215,7,220,40,30,60,98,92,0,0,10293
20211215,8,220,40,40,70,99,93,0,1,10296
20211215,9,230,40,40,70,101,94,0,5,10298
20211215,10,230,40,40,70,104,95,0,15,10303
20211215,11,240,40,30,80,105,91,0,21,10304
20211215,12,230,40,40,70,108,91,0,33,10302
20211215,13,240,30,40,60,109,86,0,34,10301
20211215,14,230,30,20,60,107,88,0,19,10302
20211215,15,230,30,40,60,105,90,0,6,10306
20211215,16,220,30,30,60,104,93,0,1,10310
20211215,17,230,30,30,70,102,89,0,0,10313
20211215,18,230,30,30,60,102,87,0,0,10317
20211215,19,230,30,30,50,101,85,0,0,10319
20211215,20,230,30,30,50,93,81,0,0,10324
20211215,21,230,30,30,50,87,83,0,0,10327
20211215,22,240,30,30,50,83,81,0,0,10330
20211215,23,230,30,20,50,78,76,0,0,10333
20211215,24,210,20,20,40,77,74,0,0,10336
20211216,1,210,20,20,30,74,74,0,0,10338
20211216,2,190,10,10,30,60,60,0,0,10343
20211216,3,230,10,20,30,69,66,0,0,10345
20211216,4,230,20,30,40,70,70,0,0,10344
20211216,5,230,20,20,40,66,66,0,0,10348
20211216,6,190,10,10,30,39,37,0,0,10351
20211216,7,180,10,10,30,31,30,0,0,10357
20211216,8,170,10,10,30,27,26,0,1,10365
20211216,9,0,10,0,10,42,41,10,24,10373
20211216,10,140,10,10,10,60,59,10,53,10374
20211216,11,230,10,10,30,101,89,10,70,10376
20211216,12,270,20,20,40,108,89,10,70,10374
20211216,13,290,20,10,30,116,92,10,66,10374
20211216,14,300,20,20,30,111,87,10,42,10377
20211216,15,280,10,10,30,96,83,8,15,10379
20211216,16,280,10,10,30,68,67,0,2,10383
20211216,17,320,10,10,10,52,50,0,0,10389
20211216,18,0,10,0,10,42,41,0,0,10392
20211216,19,130,10,20,30,35,35,0,0,10395
20211216,20,150,20,20,30,56,55,0,0,10396
20211216,21,0,10,0,30,56,56,0,0,10400
20211216,22,0,10,0,20,58,55,0,0,10401
20211216,23,990,10,10,10,62,59,0,0,10402
20211216,24,0,0,0,10,65,62,0,0,10399
20211217,1,0,0,0,10,67,64,0,0,10399
20211217,2,330,0,10,30,69,66,0,0,10400
20211217,3,340,10,10,30,69,66,0,0,10400
20211217,4,340,10,10,30,69,66,0,0,10399
20211217,5,360,20,20,30,72,70,0,0,10398
20211217,6,50,10,10,30,70,67,0,0,10403
20211217,7,60,10,10,30,71,68,0,0,10405
20211217,8,40,20,10,30,71,68,0,1,10407
20211217,9,30,10,20,30,75,71,0,7,10408
20211217,10,40,20,20,40,78,72,0,13,10412
20211217,11,50,30,30,50,79,70,0,15,10413
20211217,12,70,30,30,50,79,69,0,12,10412
20211217,13,60,20,20,50,80,69,0,12,10410
20211217,14,70,10,20,30,85,64,0,19,10407
20211217,15,40,10,20,30,85,64,0,6,10407
20211217,16,10,10,20,30,84,70,0,1,10407
20211217,17,30,20,20,30,81,75,0,0,10408
20211217,18,50,20,20,40,82,72,0,0,10409
20211217,19,10,20,10,40,79,76,0,0,10409
20211217,20,10,10,10,30,79,77,0,0,10409
20211217,21,340,10,10,30,79,76,0,0,10411
20211217,22,10,10,10,30,79,75,0,0,10409
20211217,23,40,20,20,30,79,75,0,0,10408
20211217,24,40,20,10,30,78,75,0,0,10408
20211218,1,40,20,10,30,78,75,0,0,10404
20211218,2,30,20,20,30,79,72,0,0,10404
20211218,3,30,20,20,40,76,72,0,0,10402
20211218,4,10,20,20,40,72,69,0,0,10401
20211218,5,30,30,20,40,68,65,0,0,10402
20211218,6,40,20,20,30,61,58,0,0,10402
20211218,7,20,20,20,30,55,54,0,0,10404
20211218,8,30,20,20,40,49,49,0,1,10405
20211218,9,30,20,10,40,49,49,0,9,10404
20211218,10,10,20,20,30,47,44,0,17,10405
20211218,11,30,20,20,30,49,47,0,25,10403
20211218,12,40,20,20,40,53,52,0,28,10398
20211218,13,360,20,10,30,57,55,0,26,10393
20211218,14,40,20,20,30,61,58,0,22,10388
20211218,15,60,20,20,30,63,59,0,8,10388
20211218,16,300,10,10,30,63,61,0,2,10388
20211218,17,310,10,10,30,64,61,0,0,10385
20211218,18,300,10,10,30,66,63,0,0,10385
20211218,19,310,10,10,30,67,64,0,0,10384
20211218,20,280,10,10,30,68,65,0,0,10378
20211218,21,310,20,20,30,68,65,0,0,10377
20211218,22,310,20,20,40,62,62,0,0,10378
20211218,23,300,20,10,60,58,58,0,0,10375
20211218,24,290,20,20,40,59,56,0,0,10368
20211219,1,280,20,20,40,59,58,0,0,10362
20211219,2,290,20,20,40,62,59,0,0,10360
20211219,3,270,30,30,50,62,59,0,0,10351
20211219,4,280,30,30,50,69,66,0,0,10345
20211219,5,290,20,20,40,69,66,0,0,10340
20211219,6,310,30,20,50,71,68,0,0,10337
20211219,7,320,30,30,60,69,65,0,0,10335
20211219,8,320,30,20,50,66,64,0,1,10332
20211219,9,320,20,20,60,67,65,2,10,10329
20211219,10,330,30,30,60,71,61,0,13,10329
20211219,11,330,30,30,60,71,61,0,13,10323
20211219,12,340,30,30,50,71,59,0,14,10316
20211219,13,320,30,20,50,69,60,0,14,10310
20211219,14,330,20,30,50,69,61,0,15,10307
20211219,15,330,20,20,50,70,63,0,7,10302
20211219,16,320,20,20,40,70,62,0,1,10297
20211219,17,320,20,30,50,71,60,0,0,10293
20211219,18,320,20,20,50,72,58,0,0,10291
20211219,19,330,20,20,40,72,58,0,0,10289
20211219,20,360,20,20,50,69,62,0,0,10290
20211219,21,320,20,20,40,67,63,0,0,10290
20211219,22,330,20,20,40,68,58,0,0,10287
20211219,23,330,20,20,50,68,52,0,0,10286
20211219,24,330,20,10,40,65,44,0,0,10284
20211220,1,320,20,20,30,61,43,0,0,10281
20211220,2,350,20,20,30,63,34,0,0,10281
20211220,3,340,20,20,40,63,30,0,0,10279
20211220,4,340,20,10,50,59,33,0,0,10278
20211220,5,350,20,20,40,61,24,0,0,10278
20211220,6,10,20,20,40,61,17,0,0,10280
20211220,7,20,20,20,50,51,20,0,0,10282
20211220,8,20,10,10,30,49,28,0,1,10284
20211220,9,30,10,10,30,52,36,0,9,10287
20211220,10,50,10,20,30,57,30,0,19,10290
20211220,11,30,20,20,30,64,20,0,33,10290
20211220,12,990,10,10,30,68,6,0,34,10288
20211220,13,40,10,20,40,67,3,0,33,10285
20211220,14,320,10,10,30,72,-2,7,41,10284
20211220,15,30,20,20,30,63,7,8,18,10284
20211220,16,40,20,10,30,38,8,0,2,10282
20211220,17,60,10,10,30,16,6,0,0,10283
20211220,18,50,10,10,30,1,-3,0,0,10286
20211220,19,80,10,10,10,-8,-12,0,0,10287
20211220,20,0,10,0,10,-14,-17,0,0,10286
20211220,21,0,0,0,10,-22,-25,0,0,10287
20211220,22,40,10,10,10,-26,-29,0,0,10284
20211220,23,90,10,10,10,-30,-33,0,0,10283
20211220,24,100,10,10,30,-33,-36,0,0,10283
20211221,1,110,10,20,30,-36,-39,0,0,10280
20211221,2,100,10,10,30,-36,-40,0,0,10277
20211221,3,70,10,10,10,-43,-45,0,0,10275
20211221,4,20,0,10,10,-47,-48,0,0,10275
20211221,5,0,0,0,10,-48,-53,0,0,10272
20211221,6,60,10,10,10,-50,-56,0,0,10272
20211221,7,0,0,0,10,-54,-58,0,0,10272
20211221,8,0,0,0,10,-52,-59,0,1,10273
20211221,9,40,10,10,10,-25,-33,8,20,10276
20211221,10,90,10,10,10,-5,-15,10,50,10275
20211221,11,170,10,10,30,28,-5,10,72,10270
20211221,12,120,10,10,30,37,-7,10,81,10267
20211221,13,90,10,20,30,42,-12,10,74,10261
20211221,14,90,10,20,30,40,-11,10,54,10260
20211221,15,100,20,20,30,25,-16,8,24,10261
20211221,16,70,20,20,30,-6,-20,0,2,10262
20211221,17,70,20,10,30,-19,-24,0,0,10264
20211221,18,110,20,20,30,-27,-29,0,0,10265
20211221,19,120,20,20,30,-33,-35,0,0,10265
20211221,20,120,20,20,30,-36,-38,0,0,10266
20211221,21,140,10,10,30,-40,-45,0,0,10265
20211221,22,150,20,20,30,-42,-46,0,0,10264
20211221,23,150,20,20,30,-47,-49,0,0,10263
20211221,24,130,20,10,30,-49,-53,0,0,10262
20211222,1,120,10,20,30,-53,-56,0,0,10262
20211222,2,120,20,20,30,-56,-62,0,0,10261
20211222,3,130,20,10,30,-61,-63,0,0,10262
20211222,4,130,20,20,30,-61,-66,0,0,10259
20211222,5,130,20,20,30,-44,-46,0,0,10256
20211222,6,140,20,20,30,-40,-46,0,0,10255
20211222,7,140,20,20,30,-41,-49,0,0,10254
20211222,8,140,20,20,30,-39,-48,0,2,10251
20211222,9,150,20,20,30,-30,-36,8,21,10252
20211222,10,160,20,30,40,-24,-36,8,44,10252
20211222,11,150,20,20,40,-11,-27,8,71,10248
20211222,12,150,20,30,40,-6,-25,10,83,10241
20211222,13,150,20,20,30,0,-20,10,66,10235
20211222,14,140,20,20,40,-4,-22,10,35,10227
20211222,15,130,30,20,40,-7,-23,8,16,10221
20211222,16,140,20,30,40,-11,-27,0,2,10215
20211222,17,130,30,40,50,-11,-27,0,0,10210
20211222,18,120,30,20,40,-17,-30,0,0,10207
20211222,19,140,30,30,50,-16,-33,0,0,10197
20211222,20,140,30,40,50,-13,-30,0,0,10193
20211222,21,140,30,30,50,-9,-29,0,0,10187
20211222,22,150,30,30,50,-10,-29,0,0,10180
20211222,23,150,30,40,60,-8,-29,0,0,10171
20211222,24,170,30,30,60,-6,-28,0,0,10165
20211223,1,180,30,30,60,-4,-28,0,0,10158
20211223,2,150,30,30,50,-6,-31,0,0,10147
20211223,3,160,40,40,60,-11,-35,0,0,10141
20211223,4,160,40,40,70,-12,-34,0,0,10129
20211223,5,190,40,40,80,-10,-30,0,0,10132
20211223,6,180,30,30,60,-10,-26,0,0,10121
20211223,7,180,30,20,60,-8,-24,0,0,10121
20211223,8,170,30,30,40,-8,-22,0,0,10118
20211223,9,170,40,40,60,-4,-20,0,7,10107
20211223,10,170,40,40,60,2,-15,0,21,10101
20211223,11,180,50,40,80,11,-9,0,26,10092
20211223,12,200,40,40,70,21,-3,0,41,10082
20211223,13,200,40,40,70,30,5,0,38,10071
20211223,14,210,40,40,80,35,10,7,32,10069
20211223,15,230,40,50,80,37,14,0,10,10069
20211223,16,220,50,60,90,38,18,0,2,10068
20211223,17,210,50,50,90,40,24,0,0,10063
20211223,18,210,50,50,80,42,31,0,0,10057
20211223,19,210,50,50,90,41,37,0,0,10051
20211223,20,220,50,50,90,48,45,0,0,10050
20211223,21,220,50,50,110,58,55,0,0,10045
20211223,22,230,50,50,110,65,63,0,0,10042
20211223,23,230,50,50,90,70,69,0,0,10040
20211223,24,230,50,60,100,77,75,0,0,10036
20211224,1,230,50,50,90,82,80,0,0,10034
20211224,2,250,50,40,80,92,89,0,0,10032
20211224,3,260,50,50,100,99,91,0,0,10032
20211224,4,260,50,50,90,98,88,0,0,10032
20211224,5,260,50,50,100,97,84,0,0,10033
20211224,6,250,50,40,90,95,78,0,0,10035
20211224,7,250,40,40,80,88,75,0,0,10034
20211224,8,250,40,50,90,87,74,0,1,10037
20211224,9,240,40,40,80,87,75,0,6,10036
20211224,10,240,40,40,80,85,76,0,10,10035
20211224,11,240,40,40,80,86,80,0,12,10035
20211224,12,260,40,40,70,92,81,0,24,10032
20211224,13,260,40,40,90,88,82,0,11,10034
20211224,14,270,30,40,70,87,82,0,9,10034
20211224,15,310,30,20,70,82,80,0,4,10037
20211224,16,40,30,20,60,70,68,0,1,10042
20211224,17,30,20,20,30,65,60,0,0,10045
20211224,18,50,10,10,30,61,59,0,0,10046
20211224,19,20,20,20,30,61,58,0,0,10049
20211224,20,60,20,20,30,58,54,0,0,10053
20211224,21,50,20,20,30,56,52,0,0,10054
20211224,22,60,20,30,40,55,49,0,0,10055
20211224,23,40,30,30,60,49,42,0,0,10060
20211224,24,70,50,60,80,40,35,0,0,10060
20211225,1,60,50,50,90,33,27,0,0,10061
20211225,2,60,50,60,100,25,18,0,0,10062
20211225,3,60,60,60,100,21,13,0,0,10062
20211225,4,60,60,50,90,17,9,0,0,10067
20211225,5,70,60,60,100,13,1,0,0,10073
20211225,6,60,50,50,90,3,-13,0,0,10078
20211225,7,50,50,50,80,-4,-26,0,0,10083
20211225,8,60,50,60,100,-15,-41,0,1,10089
20211225,9,60,60,70,120,-18,-45,5,16,10095
20211225,10,60,60,60,110,-11,-58,10,49,10100
20211225,11,70,70,60,110,-5,-68,10,73,10097
20211225,12,70,60,60,100,2,-66,10,84,10097
20211225,13,70,60,60,100,5,-66,10,78,10095
20211225,14,70,60,50,100,3,-75,10,58,10095
20211225,15,70,60,60,100,-5,-77,8,28,10097
20211225,16,70,40,40,90,-15,-87,0,3,10101
20211225,17,80,40,30,70,-24,-91,0,0,10105
20211225,18,80,50,50,90,-26,-93,0,0,10104
20211225,19,80,50,50,90,-30,-90,0,0,10102
20211225,20,90,50,40,80,-36,-88,0,0,10102
20211225,21,80,40,50,70,-37,-90,0,0,10102
20211225,22,90,40,40,70,-42,-89,0,0,10100
20211225,23,80,40,40,60,-42,-94,0,0,10095
20211225,24,80,40,40,60,-45,-97,0,0,10091
20211226,1,80,40,40,70,-42,-101,0,0,10088
20211226,2,70,30,40,60,-45,-102,0,0,10087
20211226,3,80,30,30,60,-45,-104,0,0,10085
20211226,4,80,30,40,60,-47,-106,0,0,10080
20211226,5,80,40,30,60,-48,-102,0,0,10078
20211226,6,90,40,40,60,-47,-103,0,0,10074
20211226,7,70,40,40,60,-48,-104,0,0,10074
20211226,8,80,30,30,50,-47,-98,0,1,10072
20211226,9,80,30,40,60,-33,-90,7,16,10074
20211226,10,90,40,40,60,-20,-77,10,42,10071
20211226,11,90,40,40,60,-10,-62,7,50,10064
20211226,12,90,30,30,50,3,-49,0,42,10060
20211226,13,100,30,30,60,11,-36,0,35,10056
20211226,14,100,40,40,60,12,-30,0,19,10051
20211226,15,100,40,40,60,13,-24,0,8,10048
20211226,16,90,40,40,60,11,-23,0,2,10044
20211226,17,100,40,30,60,9,-23,0,0,10044
20211226,18,100,40,40,60,8,-22,0,0,10039
20211226,19,110,30,30,60,13,-14,0,0,10037
20211226,20,110,30,30,60,19,-5,0,0,10035
20211226,21,120,40,40,60,22,5,0,0,10030
20211226,22,120,30,30,60,20,12,0,0,10028
20211226,23,120,30,30,60,20,15,0,0,10025
20211226,24,130,30,30,50,22,18,0,0,10020
20211227,1,130,30,30,60,23,20,0,0,10015
20211227,2,130,30,40,60,23,20,0,0,10011
20211227,3,140,30,30,60,25,24,0,0,10009
20211227,4,140,30,30,50,27,26,0,0,10006
20211227,5,140,30,30,50,30,27,0,0,10001
20211227,6,150,30,30,50,34,34,0,0,9997
20211227,7,140,30,30,50,39,39,0,0,9996
20211227,8,140,30,30,50,42,42,0,1,9995
20211227,9,140,30,20,50,46,46,0,4,9993
20211227,10,140,30,30,50,52,52,0,16,9992
20211227,11,140,40,30,60,56,56,0,21,9985
20211227,12,130,30,30,50,60,57,0,41,9979
20211227,13,140,30,30,60,65,58,0,34,9974
20211227,14,140,40,40,60,68,59,5,31,9971
20211227,15,130,40,40,60,69,63,5,12,9968
20211227,16,140,30,30,60,70,65,0,2,9966
20211227,17,140,30,40,60,70,65,0,0,9964
20211227,18,140,30,30,70,72,65,0,0,9960
20211227,19,140,40,40,70,73,68,0,0,9957
20211227,20,150,40,40,70,78,73,0,0,9954
20211227,21,150,40,40,70,79,77,0,0,9951
20211227,22,150,40,30,80,82,81,0,0,9949
20211227,23,170,30,30,60,89,86,0,0,9945
20211227,24,140,30,30,50,82,80,0,0,9939
20211228,1,150,30,40,50,74,73,0,0,9937
20211228,2,140,30,30,60,77,74,0,0,9934
20211228,3,140,30,30,60,79,75,0,0,9930
20211228,4,150,40,40,70,81,74,0,0,9923
20211228,5,150,40,40,70,82,76,0,0,9920
20211228,6,150,40,40,60,82,78,0,0,9913
20211228,7,160,40,40,70,86,82,0,0,9908
20211228,8,160,40,40,70,89,85,0,0,9906
20211228,9,170,40,50,70,93,90,0,4,9902
20211228,10,180,50,50,90,98,94,0,10,9896
20211228,11,190,60,50,100,101,94,0,12,9887
20211228,12,200,40,30,90,98,95,0,11,9878
20211228,13,230,70,70,170,96,80,0,11,9882
20211228,14,230,70,60,140,101,66,5,42,9883
20211228,15,240,60,50,130,93,62,7,15,9888
20211228,16,230,40,40,90,83,68,0,2,9895
20211228,17,230,40,40,70,80,76,0,0,9902
20211228,18,250,30,30,80,86,81,0,0,9912
20211228,19,270,40,40,90,90,87,0,0,9924
20211228,20,280,60,50,120,90,87,0,0,9944
20211228,21,280,50,50,120,90,86,0,0,9958
20211228,22,280,50,50,100,90,86,0,0,9973
20211228,23,280,50,40,90,89,86,0,0,9986
20211228,24,280,40,40,90,90,87,0,0,9996
20211229,1,280,40,40,80,90,87,0,0,10010
20211229,2,280,40,40,70,90,86,0,0,10022
20211229,3,270,30,30,70,90,84,0,0,10029
20211229,4,260,30,30,70,90,84,0,0,10038
20211229,5,270,30,30,80,89,86,0,0,10045
20211229,6,270,40,30,80,88,83,0,0,10048
20211229,7,260,30,30,70,88,81,0,0,10056
20211229,8,230,30,20,60,85,80,0,0,10061
20211229,9,210,20,20,40,84,77,0,3,10063
20211229,10,210,30,30,50,86,77,0,10,10061
20211229,11,190,30,30,40,87,75,0,29,10056
20211229,12,170,30,30,60,88,75,0,21,10053
20211229,13,160,30,30,60,88,76,0,12,10046
20211229,14,160,30,30,60,86,82,0,7,10039
20211229,15,160,40,40,70,88,86,0,4,10034
20211229,16,180,40,50,90,92,89,0,1,10030
20211229,17,210,40,40,80,101,98,0,0,10031
20211229,18,240,50,50,90,115,112,0,0,10037
20211229,19,250,40,40,100,120,113,0,0,10047
20211229,20,250,50,50,100,119,106,0,0,10060
20211229,21,250,50,50,100,115,94,0,0,10071
20211229,22,240,50,40,100,101,92,0,0,10086
20211229,23,230,40,40,90,98,90,0,0,10094
20211229,24,220,50,50,90,100,92,0,0,10097
20211230,1,230,60,60,110,107,100,0,0,10099
20211230,2,230,50,50,110,115,110,0,0,10105
20211230,3,230,50,50,90,120,116,0,0,10105
20211230,4,240,50,50,90,122,118,0,0,10106
20211230,5,240,50,50,100,121,118,0,0,10108
20211230,6,230,60,50,110,122,119,0,0,10108
20211230,7,240,70,60,120,125,119,0,0,10114
20211230,8,240,70,80,120,126,117,0,1,10121
20211230,9,230,70,70,140,128,116,0,4,10123
20211230,10,240,70,70,140,134,116,0,15,10131
20211230,11,240,70,70,150,131,116,0,16,10135
20211230,12,240,80,70,150,129,114,0,11,10136
20211230,13,230,70,60,140,132,118,0,18,10135
20211230,14,240,70,60,130,134,117,0,21,10139
20211230,15,240,70,70,130,134,120,0,5,10145
20211230,16,240,60,50,120,132,120,0,1,10151
20211230,17,240,60,70,120,130,117,0,0,10154
20211230,18,230,60,60,120,132,118,0,0,10155
20211230,19,240,70,70,140,134,116,0,0,10158
20211230,20,240,80,70,150,132,113,0,0,10164
20211230,21,230,60,70,120,137,113,0,0,10165
20211230,22,230,70,70,130,138,113,0,0,10166
20211230,23,230,60,70,130,139,114,0,0,10164
20211230,24,230,60,60,130,136,113,0,0,10164
20211231,1,230,60,70,110,141,111,0,0,10165
20211231,2,230,60,60,130,141,113,0,0,10167
20211231,3,220,60,60,120,141,110,0,0,10166
20211231,4,220,50,50,100,138,108,0,0,10163
20211231,5,220,60,60,110,139,106,0,0,10160
20211231,6,220,60,70,130,136,100,0,0,10157
20211231,7,220,70,60,120,132,97,0,0,10154
20211231,8,220,70,70,120,129,96,0,1,10158
20211231,9,210,60,60,110,129,97,0,7,10158
20211231,10,220,60,50,100,129,97,0,18,10163
20211231,11,210,60,60,110,130,100,0,27,10150
20211231,12,230,70,70,130,135,100,2,36,10158
20211231,13,240,70,70,140,131,98,0,31,10163
20211231,14,240,60,50,130,131,103,0,16,10169
20211231,15,230,50,60,110,128,107,2,6,10174
20211231,16,240,50,50,110,121,105,0,2,10178
20211231,17,230,40,40,90,115,102,0,0,10186
20211231,18,240,50,60,100,117,105,0,0,10195
20211231,19,240,50,50,100,119,109,0,0,10204
20211231,20,240,50,60,90,121,107,0,0,10209
20211231,21,230,50,40,90,120,107,0,0,10213
20211231,22,230,40,40,70,120,106,0,0,10218
20211231,23,220,40,40,70,115,101,0,0,10220
20211231,24,230,40,40,90,112,103,0,0,10225
